0.07
0.0699
0.0698
0.0697
0.0696
0.0695
0.0694
0.0693
0.0692
0.0691
0.069
0.0689
0.0688
0.0687
0.0686
0.0685
0.0684
0.0683
0.0682
0.0681
0.068
0.0679
0.0678
0.0677
0.0676
0.0675
0.0674
0.0673
0.0672
0.0671
0.067
0.0669
0.0668
0.0667
0.0666
0.0665
0.0664
0.0663
0.0662
0.0661
0.066
0.0659
0.0658
0.0657
0.0656
0.0655
0.0654
0.0653
0.0652
0.0651
0.065
0.0649
0.0648
0.0647
0.0646
0.0645
0.0644
0.0643
0.0642
0.0641
0.064
0.0639
0.0638
0.0637
0.0636
0.0635
0.0634
0.0633
0.0632
0.0631
0.063
0.0629
0.0628
0.0627
0.0626
0.0625
0.0624
0.0623
0.0622
0.0621
0.062
0.0619
0.0618
0.0617
0.0616
0.0615
0.0614
0.0613
0.0612
0.0611
0.061
0.0609
0.0608
0.0607
0.0606
0.0605
0.0604
0.0603
0.0602
0.0601
0.06
0.0599
0.0598
0.0597
0.0596
0.0595
0.0594
0.0593
0.0592
0.0591
0.059
0.0589
0.0588
0.0587
0.0586
0.0585
0.0584
0.0583
0.0582
0.0581
0.058
0.0579
0.0578
0.0577
0.0576
0.0575
0.0574
0.0573
0.0572
0.0571
0.057
0.0569
0.0568
0.0567
0.0566
0.0565
0.0564
0.0563
0.0562
0.0561
0.056
0.0559
0.0558
0.0557
0.0556
0.0555
0.0554
0.0553
0.0552
0.0551
0.055
0.0549
0.0548
0.0547
0.0546
0.0545
0.0544
0.0543
0.0542
0.0541
0.054
0.0539
0.0538
0.0537
0.0536
0.0535
0.0534
0.0533
0.0532
0.0531
0.053
0.0529
0.0528
0.0527
0.0526
0.0525
0.0524
0.0523
0.0522
0.0521
0.052
0.0519
0.0518
0.0517
0.0516
0.0515
0.0514
0.0513
0.0512
0.0511
0.051
0.0509
0.0508
0.0507
0.0506
0.0505
0.0504
0.0503
0.0502
0.0501
0.05
0.0499
0.0498
0.0497
0.0496
0.0495
0.0494
0.0493
0.0492
0.0491
0.049
0.0489
0.0488
0.0487
0.0486
0.0485
0.0484
0.0483
0.0482
0.0481
0.048
0.0479
0.0478
0.0477
0.0476
0.0475
0.0474
0.0473
0.0472
0.0471
0.047
0.0469
0.0468
0.0467
0.0466
0.0465
0.0464
0.0463
0.0462
0.0461
0.046
0.0459
0.0458
0.0457
0.0456
0.0455
0.0454
0.0453
0.0452
0.0451
0.045
0.0449
0.0448
0.0447
0.0446
0.0445
0.0444
0.0443
0.0442
0.0441
0.044
0.0439
0.0438
0.0437
0.0436
0.0435
0.0434
0.0433
0.0432
0.0431
0.043
0.0429
0.0428
0.0427
0.0426
0.0425
0.0424
0.0423
0.0422
0.0421
0.042
0.0419
0.0418
0.0417
0.0416
0.0415
0.0414
0.0413
0.0412
0.0411
0.041
0.0409
0.0408
0.0407
0.0406
0.0405
0.0404
0.0403
0.0402
0.0401
0.04
0.0399
0.0398
0.0397
0.0396
0.0395
0.0394
0.0393
0.0392
0.0391
0.039
0.0389
0.0388
0.0387
0.0386
0.0385
0.0384
0.0383
0.0382
0.0381
0.038
0.0379
0.0378
0.0377
0.0376
0.0375
0.0374
0.0373
0.0372
0.0371
0.037
0.0369
0.0368
0.0367
0.0366
0.0365
0.0364
0.0363
0.0362
0.0361
0.036
0.0359
0.0358
0.0357
0.0356
0.0355
0.0354
0.0353
0.0352
0.0351
0.035
0.0349
0.0348
0.0347
0.0346
0.0345
0.0344
0.0343
0.0342
0.0341
0.034
0.0339
0.0338
0.0337
0.0336
0.0335
0.0334
0.0333
0.0332
0.0331
0.033
0.0329
0.0328
0.0327
0.0326
0.0325
0.0324
0.0323
0.0322
0.0321
0.032
0.0319
0.0318
0.0317
0.0316
0.0315
0.0314
0.0313
0.0312
0.0311
0.031
0.0309
0.0308
0.0307
0.0306
0.0305
0.0304
0.0303
0.0302
0.0301
0.03
0.0299
0.0298
0.0297
0.0296
0.0295
0.0294
0.0293
0.0292
0.0291
0.029
0.0289
0.0288
0.0287
0.0286
0.0285
0.0284
0.0283
0.0282
0.0281
0.028
0.0279
0.0278
0.0277
0.0276
0.0275
0.0274
0.0273
0.0272
0.0271
0.027
0.0269
0.0268
0.0267
0.0266
0.0265
0.0264
0.0263
0.0262
0.0261
0.026
0.0259
0.0258
0.0257
0.0256
0.0255
0.0254
0.0253
0.0252
0.0251
0.025
0.0249
0.0248
0.0247
0.0246
0.0245
0.0244
0.0243
0.0242
0.0241
0.024
0.0239
0.0238
0.0237
0.0236
0.0235
0.0234
0.0233
0.0232
0.0231
0.023
0.0229
0.0228
0.0227
0.0226
0.0225
0.0224
0.0223
0.0222
0.0221
0.022
0.0219
0.0218
0.0217
0.0216
0.0215
0.0214
0.0213
0.0212
0.0211
0.021
0.0209
0.0208
0.0207
0.0206
0.0205
0.0204
0.0203
0.0202
0.0201
0.02
0.0199
0.0198
0.0197
0.0196
0.0195
0.0194
0.0193
0.0192
0.0191
0.019
0.0189
0.0188
0.0187
0.0186
0.0185
0.0184
0.0183
0.0182
0.0181
0.018
0.0179
0.0178
0.0177
0.0176
0.0175
0.0174
0.0173
0.0172
0.0171
0.017
0.0169
0.0168
0.0167
0.0166
0.0165
0.0164
0.0163
0.0162
0.0161
0.016
0.0159
0.0158
0.0157
0.0156
0.0155
0.0154
0.0153
0.0152
0.0151
0.015
0.0149
0.0148
0.0147
0.0146
0.0145
0.0144
0.0143
0.0142
0.0141
0.014
0.0139
0.0138
0.0137
0.0136
0.0135
0.0134
0.0133
0.0132
0.0131
0.013
0.0129
0.0128
0.0127
0.0126
0.0125
0.0124
0.0123
0.0122
0.0121
0.012
0.0119
0.0118
0.0117
0.0116
0.0115
0.0114
0.0113
0.0112
0.0111
0.011
0.0109
0.0108
0.0107
0.0106
0.0105
0.0104
0.0103
0.0102
0.0101
0.01
0.0099
0.0098
0.0097
0.0096
0.0095
0.0094
0.0093
0.0092
0.0091
0.009
0.0089
0.0088
0.0087
0.0086
0.0085
0.0084
0.0083
0.0082
0.0081
0.008
0.0079
0.0078
0.0077
0.0076
0.0075
0.0074
0.0073
0.0072
0.0071
0.007
0.0069
0.0068
0.0067
0.0066
0.0065
0.0064
0.0063
0.0062
0.0061
0.006
0.0059
0.0058
0.0057
0.0056
0.0055
0.0054
0.0053
0.0052
0.0051
0.005
0.0049
0.0048
0.0047
0.0046
0.0045
0.0044
0.0043
0.0042
0.0041
0.004
0.0039
0.0038
0.0037
0.0036
0.0035
0.0034
0.0033
0.0032
0.0031
0.003
0.0029
0.0028
0.0027
0.0026
0.0025
0.0024
0.0023
0.0022
0.0021
0.002
0.0019
0.0018
0.0017
0.0016
0.0015
0.0014
0.0013
0.0012
0.0011
0.001
0.0009
0.0008
0.0007
0.0006
0.0005
0.0004
0.0003
0.0002
0.0001
-0.0
-0.0001
-0.0002
-0.0003
-0.0004
-0.0005
-0.0006
-0.0007
-0.0008
-0.0009
-0.001
-0.0011
-0.0012
-0.0013
-0.0014
-0.0015
-0.0016
-0.0017
-0.0018
-0.0019
-0.002
-0.0021
-0.0022
-0.0023
-0.0024
-0.0025
-0.0026
-0.0027
-0.0028
-0.0029
-0.003
-0.0031
-0.0032
-0.0033
-0.0034
-0.0035
-0.0036
-0.0037
-0.0038
-0.0039
-0.004
-0.0041
-0.0042
-0.0043
-0.0044
-0.0045
-0.0046
-0.0047
-0.0048
-0.0049
-0.005
-0.0051
-0.0052
-0.0053
-0.0054
-0.0055
-0.0056
-0.0057
-0.0058
-0.0059
-0.006
-0.0061
-0.0062
-0.0063
-0.0064
-0.0065
-0.0066
-0.0067
-0.0068
-0.0069
-0.007
-0.0071
-0.0072
-0.0073
-0.0074
-0.0075
-0.0076
-0.0077
-0.0078
-0.0079
-0.008
-0.0081
-0.0082
-0.0083
-0.0084
-0.0085
-0.0086
-0.0087
-0.0088
-0.0089
-0.009
-0.0091
-0.0092
-0.0093
-0.0094
-0.0095
-0.0096
-0.0097
-0.0098
-0.0099
-0.01
-0.0101
-0.0102
-0.0103
-0.0104
-0.0105
-0.0106
-0.0107
-0.0108
-0.0109
-0.011
-0.0111
-0.0112
-0.0113
-0.0114
-0.0115
-0.0116
-0.0117
-0.0118
-0.0119
-0.012
-0.0121
-0.0122
-0.0123
-0.0124
-0.0125
-0.0126
-0.0127
-0.0128
-0.0129
-0.013
-0.0131
-0.0132
-0.0133
-0.0134
-0.0135
-0.0136
-0.0137
-0.0138
-0.0139
-0.014
-0.0141
-0.0142
-0.0143
-0.0144
-0.0145
-0.0146
-0.0147
-0.0148
-0.0149
-0.015
-0.0151
-0.0152
-0.0153
-0.0154
-0.0155
-0.0156
-0.0157
-0.0158
-0.0159
-0.016
-0.0161
-0.0162
-0.0163
-0.0164
-0.0165
-0.0166
-0.0167
-0.0168
-0.0169
-0.017
-0.0171
-0.0172
-0.0173
-0.0174
-0.0175
-0.0176
-0.0177
-0.0178
-0.0179
-0.018
-0.0181
-0.0182
-0.0183
-0.0184
-0.0185
-0.0186
-0.0187
-0.0188
-0.0189
-0.019
-0.0191
-0.0192
-0.0193
-0.0194
-0.0195
-0.0196
-0.0197
-0.0198
-0.0199
-0.02
-0.0201
-0.0202
-0.0203
-0.0204
-0.0205
-0.0206
-0.0207
-0.0208
-0.0209
-0.021
-0.0211
-0.0212
-0.0213
-0.0214
-0.0215
-0.0216
-0.0217
-0.0218
-0.0219
-0.022
-0.0221
-0.0222
-0.0223
-0.0224
-0.0225
-0.0226
-0.0227
-0.0228
-0.0229
-0.023
-0.0231
-0.0232
-0.0233
-0.0234
-0.0235
-0.0236
-0.0237
-0.0238
-0.0239
-0.024
-0.0241
-0.0242
-0.0243
-0.0244
-0.0245
-0.0246
-0.0247
-0.0248
-0.0249
-0.025
-0.0251
-0.0252
-0.0253
-0.0254
-0.0255
-0.0256
-0.0257
-0.0258
-0.0259
-0.026
-0.0261
-0.0262
-0.0263
-0.0264
-0.0265
-0.0266
-0.0267
-0.0268
-0.0269
-0.027
-0.0271
-0.0272
-0.0273
-0.0274
-0.0275
-0.0276
-0.0277
-0.0278
-0.0279
-0.028
-0.0281
-0.0282
-0.0283
-0.0284
-0.0285
-0.0286
-0.0287
-0.0288
-0.0289
-0.029
-0.0291
-0.0292
-0.0293
-0.0294
-0.0295
-0.0296
-0.0297
-0.0298
-0.0299
-0.03
-0.0301
-0.0302
-0.0303
-0.0304
-0.0305
-0.0306
-0.0307
-0.0308
-0.0309
-0.031
-0.0311
-0.0312
-0.0313
-0.0314
-0.0315
-0.0316
-0.0317
-0.0318
-0.0319
-0.032
-0.0321
-0.0322
-0.0323
-0.0324
-0.0325
-0.0326
-0.0327
-0.0328
-0.0329
-0.033
-0.0331
-0.0332
-0.0333
-0.0334
-0.0335
-0.0336
-0.0337
-0.0338
-0.0339
-0.034
-0.0341
-0.0342
-0.0343
-0.0344
-0.0345
-0.0346
-0.0347
-0.0348
-0.0349
-0.035
-0.0351
-0.0352
-0.0353
-0.0354
-0.0355
-0.0356
-0.0357
-0.0358
-0.0359
-0.036
-0.0361
-0.0362
-0.0363
-0.0364
-0.0365
-0.0366
-0.0367
-0.0368
-0.0369
-0.037
-0.0371
-0.0372
-0.0373
-0.0374
-0.0375
-0.0376
-0.0377
-0.0378
-0.0379
-0.038
-0.0381
-0.0382
-0.0383
-0.0384
-0.0385
-0.0386
-0.0387
-0.0388
-0.0389
-0.039
-0.0391
-0.0392
-0.0393
-0.0394
-0.0395
-0.0396
-0.0397
-0.0398
-0.0399
-0.04
-0.0401
-0.0402
-0.0403
-0.0404
-0.0405
-0.0406
-0.0407
-0.0408
-0.0409
-0.041
-0.0411
-0.0412
-0.0413
-0.0414
-0.0415
-0.0416
-0.0417
-0.0418
-0.0419
-0.042
-0.0421
-0.0422
-0.0423
-0.0424
-0.0425
-0.0426
-0.0427
-0.0428
-0.0429
-0.043
-0.0431
-0.0432
-0.0433
-0.0434
-0.0435
-0.0436
-0.0437
-0.0438
-0.0439
-0.044
-0.0441
-0.0442
-0.0443
-0.0444
-0.0445
-0.0446
-0.0447
-0.0448
-0.0449
-0.045
-0.0451
-0.0452
-0.0453
-0.0454
-0.0455
-0.0456
-0.0457
-0.0458
-0.0459
-0.046
-0.0461
-0.0462
-0.0463
-0.0464
-0.0465
-0.0466
-0.0467
-0.0468
-0.0469
-0.047
-0.0471
-0.0472
-0.0473
-0.0474
-0.0475
-0.0476
-0.0477
-0.0478
-0.0479
-0.048
-0.0481
-0.0482
-0.0483
-0.0484
-0.0485
-0.0486
-0.0487
-0.0488
-0.0489
-0.049
-0.0491
-0.0492
-0.0493
-0.0494
-0.0495
-0.0496
-0.0497
-0.0498
-0.0499
-0.05
-0.0501
-0.0502
-0.0503
-0.0504
-0.0505
-0.0506
-0.0507
-0.0508
-0.0509
-0.051
-0.0511
-0.0512
-0.0513
-0.0514
-0.0515
-0.0516
-0.0517
-0.0518
-0.0519
-0.052
-0.0521
-0.0522
-0.0523
-0.0524
-0.0525
-0.0526
-0.0527
-0.0528
-0.0529
-0.053
-0.0531
-0.0532
-0.0533
-0.0534
-0.0535
-0.0536
-0.0537
-0.0538
-0.0539
-0.054
-0.0541
-0.0542
-0.0543
-0.0544
-0.0545
-0.0546
-0.0547
-0.0548
-0.0549
-0.055
-0.0551
-0.0552
-0.0553
-0.0554
-0.0555
-0.0556
-0.0557
-0.0558
-0.0559
-0.056
-0.0561
-0.0562
-0.0563
-0.0564
-0.0565
-0.0566
-0.0567
-0.0568
-0.0569
-0.057
-0.0571
-0.0572
-0.0573
-0.0574
-0.0575
-0.0576
-0.0577
-0.0578
-0.0579
-0.058
-0.0581
-0.0582
-0.0583
-0.0584
-0.0585
-0.0586
-0.0587
-0.0588
-0.0589
-0.059
-0.0591
-0.0592
-0.0593
-0.0594
-0.0595
-0.0596
-0.0597
-0.0598
-0.0599
-0.06
-0.0601
-0.0602
-0.0603
-0.0604
-0.0605
-0.0606
-0.0607
-0.0608
-0.0609
-0.061
-0.0611
-0.0612
-0.0613
-0.0614
-0.0615
-0.0616
-0.0617
-0.0618
-0.0619
-0.062
-0.0621
-0.0622
-0.0623
-0.0624
-0.0625
-0.0626
-0.0627
-0.0628
-0.0629
-0.063
-0.0631
-0.0632
-0.0633
-0.0634
-0.0635
-0.0636
-0.0637
-0.0638
-0.0639
-0.064
-0.0641
-0.0642
-0.0643
-0.0644
-0.0645
-0.0646
-0.0647
-0.0648
-0.0649
-0.065
-0.0651
-0.0652
-0.0653
-0.0654
-0.0655
-0.0656
-0.0657
-0.0658
-0.0659
-0.066
-0.0661
-0.0662
-0.0663
-0.0664
-0.0665
-0.0666
-0.0667
-0.0668
-0.0669
-0.067
-0.0671
-0.0672
-0.0673
-0.0674
-0.0675
-0.0676
-0.0677
-0.0678
-0.0679
-0.068
-0.0681
-0.0682
-0.0683
-0.0684
-0.0685
-0.0686
-0.0687
-0.0688
-0.0689
-0.069
-0.0691
-0.0692
-0.0693
-0.0694
-0.0695
-0.0696
-0.0697
-0.0698
-0.0699
-0.07
-0.07
-0.0699
-0.0698
-0.0697
-0.0696
-0.0695
-0.0694
-0.0693
-0.0692
-0.0691
-0.069
-0.0689
-0.0688
-0.0687
-0.0686
-0.0685
-0.0684
-0.0683
-0.0682
-0.0681
-0.068
-0.0679
-0.0678
-0.0677
-0.0676
-0.0675
-0.0674
-0.0673
-0.0672
-0.0671
-0.067
-0.0669
-0.0668
-0.0667
-0.0666
-0.0665
-0.0664
-0.0663
-0.0662
-0.0661
-0.066
-0.0659
-0.0658
-0.0657
-0.0656
-0.0655
-0.0654
-0.0653
-0.0652
-0.0651
-0.065
-0.0649
-0.0648
-0.0647
-0.0646
-0.0645
-0.0644
-0.0643
-0.0642
-0.0641
-0.064
-0.0639
-0.0638
-0.0637
-0.0636
-0.0635
-0.0634
-0.0633
-0.0632
-0.0631
-0.063
-0.0629
-0.0628
-0.0627
-0.0626
-0.0625
-0.0624
-0.0623
-0.0622
-0.0621
-0.062
-0.0619
-0.0618
-0.0617
-0.0616
-0.0615
-0.0614
-0.0613
-0.0612
-0.0611
-0.061
-0.0609
-0.0608
-0.0607
-0.0606
-0.0605
-0.0604
-0.0603
-0.0602
-0.0601
-0.06
-0.0599
-0.0598
-0.0597
-0.0596
-0.0595
-0.0594
-0.0593
-0.0592
-0.0591
-0.059
-0.0589
-0.0588
-0.0587
-0.0586
-0.0585
-0.0584
-0.0583
-0.0582
-0.0581
-0.058
-0.0579
-0.0578
-0.0577
-0.0576
-0.0575
-0.0574
-0.0573
-0.0572
-0.0571
-0.057
-0.0569
-0.0568
-0.0567
-0.0566
-0.0565
-0.0564
-0.0563
-0.0562
-0.0561
-0.056
-0.0559
-0.0558
-0.0557
-0.0556
-0.0555
-0.0554
-0.0553
-0.0552
-0.0551
-0.055
-0.0549
-0.0548
-0.0547
-0.0546
-0.0545
-0.0544
-0.0543
-0.0542
-0.0541
-0.054
-0.0539
-0.0538
-0.0537
-0.0536
-0.0535
-0.0534
-0.0533
-0.0532
-0.0531
-0.053
-0.0529
-0.0528
-0.0527
-0.0526
-0.0525
-0.0524
-0.0523
-0.0522
-0.0521
-0.052
-0.0519
-0.0518
-0.0517
-0.0516
-0.0515
-0.0514
-0.0513
-0.0512
-0.0511
-0.051
-0.0509
-0.0508
-0.0507
-0.0506
-0.0505
-0.0504
-0.0503
-0.0502
-0.0501
-0.05
-0.0499
-0.0498
-0.0497
-0.0496
-0.0495
-0.0494
-0.0493
-0.0492
-0.0491
-0.049
-0.0489
-0.0488
-0.0487
-0.0486
-0.0485
-0.0484
-0.0483
-0.0482
-0.0481
-0.048
-0.0479
-0.0478
-0.0477
-0.0476
-0.0475
-0.0474
-0.0473
-0.0472
-0.0471
-0.047
-0.0469
-0.0468
-0.0467
-0.0466
-0.0465
-0.0464
-0.0463
-0.0462
-0.0461
-0.046
-0.0459
-0.0458
-0.0457
-0.0456
-0.0455
-0.0454
-0.0453
-0.0452
-0.0451
-0.045
-0.0449
-0.0448
-0.0447
-0.0446
-0.0445
-0.0444
-0.0443
-0.0442
-0.0441
-0.044
-0.0439
-0.0438
-0.0437
-0.0436
-0.0435
-0.0434
-0.0433
-0.0432
-0.0431
-0.043
-0.0429
-0.0428
-0.0427
-0.0426
-0.0425
-0.0424
-0.0423
-0.0422
-0.0421
-0.042
-0.0419
-0.0418
-0.0417
-0.0416
-0.0415
-0.0414
-0.0413
-0.0412
-0.0411
-0.041
-0.0409
-0.0408
-0.0407
-0.0406
-0.0405
-0.0404
-0.0403
-0.0402
-0.0401
-0.04
-0.0399
-0.0398
-0.0397
-0.0396
-0.0395
-0.0394
-0.0393
-0.0392
-0.0391
-0.039
-0.0389
-0.0388
-0.0387
-0.0386
-0.0385
-0.0384
-0.0383
-0.0382
-0.0381
-0.038
-0.0379
-0.0378
-0.0377
-0.0376
-0.0375
-0.0374
-0.0373
-0.0372
-0.0371
-0.037
-0.0369
-0.0368
-0.0367
-0.0366
-0.0365
-0.0364
-0.0363
-0.0362
-0.0361
-0.036
-0.0359
-0.0358
-0.0357
-0.0356
-0.0355
-0.0354
-0.0353
-0.0352
-0.0351
-0.035
-0.0349
-0.0348
-0.0347
-0.0346
-0.0345
-0.0344
-0.0343
-0.0342
-0.0341
-0.034
-0.0339
-0.0338
-0.0337
-0.0336
-0.0335
-0.0334
-0.0333
-0.0332
-0.0331
-0.033
-0.0329
-0.0328
-0.0327
-0.0326
-0.0325
-0.0324
-0.0323
-0.0322
-0.0321
-0.032
-0.0319
-0.0318
-0.0317
-0.0316
-0.0315
-0.0314
-0.0313
-0.0312
-0.0311
-0.031
-0.0309
-0.0308
-0.0307
-0.0306
-0.0305
-0.0304
-0.0303
-0.0302
-0.0301
-0.03
-0.0299
-0.0298
-0.0297
-0.0296
-0.0295
-0.0294
-0.0293
-0.0292
-0.0291
-0.029
-0.0289
-0.0288
-0.0287
-0.0286
-0.0285
-0.0284
-0.0283
-0.0282
-0.0281
-0.028
-0.0279
-0.0278
-0.0277
-0.0276
-0.0275
-0.0274
-0.0273
-0.0272
-0.0271
-0.027
-0.0269
-0.0268
-0.0267
-0.0266
-0.0265
-0.0264
-0.0263
-0.0262
-0.0261
-0.026
-0.0259
-0.0258
-0.0257
-0.0256
-0.0255
-0.0254
-0.0253
-0.0252
-0.0251
-0.025
-0.0249
-0.0248
-0.0247
-0.0246
-0.0245
-0.0244
-0.0243
-0.0242
-0.0241
-0.024
-0.0239
-0.0238
-0.0237
-0.0236
-0.0235
-0.0234
-0.0233
-0.0232
-0.0231
-0.023
-0.0229
-0.0228
-0.0227
-0.0226
-0.0225
-0.0224
-0.0223
-0.0222
-0.0221
-0.022
-0.0219
-0.0218
-0.0217
-0.0216
-0.0215
-0.0214
-0.0213
-0.0212
-0.0211
-0.021
-0.0209
-0.0208
-0.0207
-0.0206
-0.0205
-0.0204
-0.0203
-0.0202
-0.0201
-0.02
-0.0199
-0.0198
-0.0197
-0.0196
-0.0195
-0.0194
-0.0193
-0.0192
-0.0191
-0.019
-0.0189
-0.0188
-0.0187
-0.0186
-0.0185
-0.0184
-0.0183
-0.0182
-0.0181
-0.018
-0.0179
-0.0178
-0.0177
-0.0176
-0.0175
-0.0174
-0.0173
-0.0172
-0.0171
-0.017
-0.0169
-0.0168
-0.0167
-0.0166
-0.0165
-0.0164
-0.0163
-0.0162
-0.0161
-0.016
-0.0159
-0.0158
-0.0157
-0.0156
-0.0155
-0.0154
-0.0153
-0.0152
-0.0151
-0.015
-0.0149
-0.0148
-0.0147
-0.0146
-0.0145
-0.0144
-0.0143
-0.0142
-0.0141
-0.014
-0.0139
-0.0138
-0.0137
-0.0136
-0.0135
-0.0134
-0.0133
-0.0132
-0.0131
-0.013
-0.0129
-0.0128
-0.0127
-0.0126
-0.0125
-0.0124
-0.0123
-0.0122
-0.0121
-0.012
-0.0119
-0.0118
-0.0117
-0.0116
-0.0115
-0.0114
-0.0113
-0.0112
-0.0111
-0.011
-0.0109
-0.0108
-0.0107
-0.0106
-0.0105
-0.0104
-0.0103
-0.0102
-0.0101
-0.01
-0.0099
-0.0098
-0.0097
-0.0096
-0.0095
-0.0094
-0.0093
-0.0092
-0.0091
-0.009
-0.0089
-0.0088
-0.0087
-0.0086
-0.0085
-0.0084
-0.0083
-0.0082
-0.0081
-0.008
-0.0079
-0.0078
-0.0077
-0.0076
-0.0075
-0.0074
-0.0073
-0.0072
-0.0071
-0.007
-0.0069
-0.0068
-0.0067
-0.0066
-0.0065
-0.0064
-0.0063
-0.0062
-0.0061
-0.006
-0.0059
-0.0058
-0.0057
-0.0056
-0.0055
-0.0054
-0.0053
-0.0052
-0.0051
-0.005
-0.0049
-0.0048
-0.0047
-0.0046
-0.0045
-0.0044
-0.0043
-0.0042
-0.0041
-0.004
-0.0039
-0.0038
-0.0037
-0.0036
-0.0035
-0.0034
-0.0033
-0.0032
-0.0031
-0.003
-0.0029
-0.0028
-0.0027
-0.0026
-0.0025
-0.0024
-0.0023
-0.0022
-0.0021
-0.002
-0.0019
-0.0018
-0.0017
-0.0016
-0.0015
-0.0014
-0.0013
-0.0012
-0.0011
-0.001
-0.0009
-0.0008
-0.0007
-0.0006
-0.0005
-0.0004
-0.0003
-0.0002
-0.0001
0.0
0.0001
0.0002
0.0003
0.0004
0.0005
0.0006
0.0007
0.0008
0.0009
0.001
0.0011
0.0012
0.0013
0.0014
0.0015
0.0016
0.0017
0.0018
0.0019
0.002
0.0021
0.0022
0.0023
0.0024
0.0025
0.0026
0.0027
0.0028
0.0029
0.003
0.0031
0.0032
0.0033
0.0034
0.0035
0.0036
0.0037
0.0038
0.0039
0.004
0.0041
0.0042
0.0043
0.0044
0.0045
0.0046
0.0047
0.0048
0.0049
0.005
0.0051
0.0052
0.0053
0.0054
0.0055
0.0056
0.0057
0.0058
0.0059
0.006
0.0061
0.0062
0.0063
0.0064
0.0065
0.0066
0.0067
0.0068
0.0069
0.007
0.0071
0.0072
0.0073
0.0074
0.0075
0.0076
0.0077
0.0078
0.0079
0.008
0.0081
0.0082
0.0083
0.0084
0.0085
0.0086
0.0087
0.0088
0.0089
0.009
0.0091
0.0092
0.0093
0.0094
0.0095
0.0096
0.0097
0.0098
0.0099
0.01
0.0101
0.0102
0.0103
0.0104
0.0105
0.0106
0.0107
0.0108
0.0109
0.011
0.0111
0.0112
0.0113
0.0114
0.0115
0.0116
0.0117
0.0118
0.0119
0.012
0.0121
0.0122
0.0123
0.0124
0.0125
0.0126
0.0127
0.0128
0.0129
0.013
0.0131
0.0132
0.0133
0.0134
0.0135
0.0136
0.0137
0.0138
0.0139
0.014
0.0141
0.0142
0.0143
0.0144
0.0145
0.0146
0.0147
0.0148
0.0149
0.015
0.0151
0.0152
0.0153
0.0154
0.0155
0.0156
0.0157
0.0158
0.0159
0.016
0.0161
0.0162
0.0163
0.0164
0.0165
0.0166
0.0167
0.0168
0.0169
0.017
0.0171
0.0172
0.0173
0.0174
0.0175
0.0176
0.0177
0.0178
0.0179
0.018
0.0181
0.0182
0.0183
0.0184
0.0185
0.0186
0.0187
0.0188
0.0189
0.019
0.0191
0.0192
0.0193
0.0194
0.0195
0.0196
0.0197
0.0198
0.0199
0.02
0.0201
0.0202
0.0203
0.0204
0.0205
0.0206
0.0207
0.0208
0.0209
0.021
0.0211
0.0212
0.0213
0.0214
0.0215
0.0216
0.0217
0.0218
0.0219
0.022
0.0221
0.0222
0.0223
0.0224
0.0225
0.0226
0.0227
0.0228
0.0229
0.023
0.0231
0.0232
0.0233
0.0234
0.0235
0.0236
0.0237
0.0238
0.0239
0.024
0.0241
0.0242
0.0243
0.0244
0.0245
0.0246
0.0247
0.0248
0.0249
0.025
0.0251
0.0252
0.0253
0.0254
0.0255
0.0256
0.0257
0.0258
0.0259
0.026
0.0261
0.0262
0.0263
0.0264
0.0265
0.0266
0.0267
0.0268
0.0269
0.027
0.0271
0.0272
0.0273
0.0274
0.0275
0.0276
0.0277
0.0278
0.0279
0.028
0.0281
0.0282
0.0283
0.0284
0.0285
0.0286
0.0287
0.0288
0.0289
0.029
0.0291
0.0292
0.0293
0.0294
0.0295
0.0296
0.0297
0.0298
0.0299
0.03
0.0301
0.0302
0.0303
0.0304
0.0305
0.0306
0.0307
0.0308
0.0309
0.031
0.0311
0.0312
0.0313
0.0314
0.0315
0.0316
0.0317
0.0318
0.0319
0.032
0.0321
0.0322
0.0323
0.0324
0.0325
0.0326
0.0327
0.0328
0.0329
0.033
0.0331
0.0332
0.0333
0.0334
0.0335
0.0336
0.0337
0.0338
0.0339
0.034
0.0341
0.0342
0.0343
0.0344
0.0345
0.0346
0.0347
0.0348
0.0349
0.035
0.0351
0.0352
0.0353
0.0354
0.0355
0.0356
0.0357
0.0358
0.0359
0.036
0.0361
0.0362
0.0363
0.0364
0.0365
0.0366
0.0367
0.0368
0.0369
0.037
0.0371
0.0372
0.0373
0.0374
0.0375
0.0376
0.0377
0.0378
0.0379
0.038
0.0381
0.0382
0.0383
0.0384
0.0385
0.0386
0.0387
0.0388
0.0389
0.039
0.0391
0.0392
0.0393
0.0394
0.0395
0.0396
0.0397
0.0398
0.0399
0.04
0.0401
0.0402
0.0403
0.0404
0.0405
0.0406
0.0407
0.0408
0.0409
0.041
0.0411
0.0412
0.0413
0.0414
0.0415
0.0416
0.0417
0.0418
0.0419
0.042
0.0421
0.0422
0.0423
0.0424
0.0425
0.0426
0.0427
0.0428
0.0429
0.043
0.0431
0.0432
0.0433
0.0434
0.0435
0.0436
0.0437
0.0438
0.0439
0.044
0.0441
0.0442
0.0443
0.0444
0.0445
0.0446
0.0447
0.0448
0.0449
0.045
0.0451
0.0452
0.0453
0.0454
0.0455
0.0456
0.0457
0.0458
0.0459
0.046
0.0461
0.0462
0.0463
0.0464
0.0465
0.0466
0.0467
0.0468
0.0469
0.047
0.0471
0.0472
0.0473
0.0474
0.0475
0.0476
0.0477
0.0478
0.0479
0.048
0.0481
0.0482
0.0483
0.0484
0.0485
0.0486
0.0487
0.0488
0.0489
0.049
0.0491
0.0492
0.0493
0.0494
0.0495
0.0496
0.0497
0.0498
0.0499
0.05
0.0501
0.0502
0.0503
0.0504
0.0505
0.0506
0.0507
0.0508
0.0509
0.051
0.0511
0.0512
0.0513
0.0514
0.0515
0.0516
0.0517
0.0518
0.0519
0.052
0.0521
0.0522
0.0523
0.0524
0.0525
0.0526
0.0527
0.0528
0.0529
0.053
0.0531
0.0532
0.0533
0.0534
0.0535
0.0536
0.0537
0.0538
0.0539
0.054
0.0541
0.0542
0.0543
0.0544
0.0545
0.0546
0.0547
0.0548
0.0549
0.055
0.0551
0.0552
0.0553
0.0554
0.0555
0.0556
0.0557
0.0558
0.0559
0.056
0.0561
0.0562
0.0563
0.0564
0.0565
0.0566
0.0567
0.0568
0.0569
0.057
0.0571
0.0572
0.0573
0.0574
0.0575
0.0576
0.0577
0.0578
0.0579
0.058
0.0581
0.0582
0.0583
0.0584
0.0585
0.0586
0.0587
0.0588
0.0589
0.059
0.0591
0.0592
0.0593
0.0594
0.0595
0.0596
0.0597
0.0598
0.0599
0.06
0.0601
0.0602
0.0603
0.0604
0.0605
0.0606
0.0607
0.0608
0.0609
0.061
0.0611
0.0612
0.0613
0.0614
0.0615
0.0616
0.0617
0.0618
0.0619
0.062
0.0621
0.0622
0.0623
0.0624
0.0625
0.0626
0.0627
0.0628
0.0629
0.063
0.0631
0.0632
0.0633
0.0634
0.0635
0.0636
0.0637
0.0638
0.0639
0.064
0.0641
0.0642
0.0643
0.0644
0.0645
0.0646
0.0647
0.0648
0.0649
0.065
0.0651
0.0652
0.0653
0.0654
0.0655
0.0656
0.0657
0.0658
0.0659
0.066
0.0661
0.0662
0.0663
0.0664
0.0665
0.0666
0.0667
0.0668
0.0669
0.067
0.0671
0.0672
0.0673
0.0674
0.0675
0.0676
0.0677
0.0678
0.0679
0.068
0.0681
0.0682
0.0683
0.0684
0.0685
0.0686
0.0687
0.0688
0.0689
0.069
0.0691
0.0692
0.0693
0.0694
0.0695
0.0696
0.0697
0.0698
0.0699
0.07
4.8478175
4.846325
4.847375
4.8478175
4.8475225
4.846775
4.847515
4.84767
4.846475
4.845875
4.845875
4.846475
4.846925
4.847225
4.847225
4.846625
4.846325
4.846025
4.845875
4.845875
4.845875
4.845875
4.846625
4.846025
4.845875
4.845875
4.845875
4.845875
4.845875
4.847225
4.84767
4.847375
4.847075
4.84737
4.846175
4.8478175
4.8481125
4.8484075
4.84885
4.84885
4.848555
4.8484075
4.84885
4.84885
4.84885
4.84885
4.84885
4.8487025
4.8487025
4.848555
4.8487025
4.84885
4.8478175
4.8475225
4.8484075
4.848555
4.8487025
4.84885
4.84885
4.84885
4.8478175
4.8487025
4.84885
4.84885
4.84885
4.84885
4.84885
4.84885
4.84885
4.84885
4.84885
4.84885
4.84885
4.84885
4.84885
4.84885
4.84885
4.84885
4.84885
4.84885
4.84885
4.8484075
4.84767
4.84767
4.84885
4.84885
4.84885
4.84885
4.84885
4.84885
4.84885
4.84885
4.84885
4.84885
4.84885
4.84885
4.8487025
4.84885
4.84885
4.84885
4.84885
4.84885
4.8487025
4.84885
4.84885
4.84885
4.84885
4.84885
4.8487025
4.84885
4.84885
4.84885
4.84885
4.84885
4.84885
4.84885
4.84885
4.84885
4.84885
4.84885
4.84885
4.84885
4.84885
4.84885
4.84885
4.84885
4.84885
4.84885
4.84885
4.84885
4.84885
4.84885
4.84885
4.84885
4.84885
4.84885
4.84885
4.84885
4.84885
4.84885
4.84885
4.84885
4.84885
4.84885
4.84885
4.84885
4.846025
4.846925
4.84885
4.84885
4.84885
4.84885
4.84885
4.84885
4.84885
4.84885
4.84885
4.84885
4.84885
4.84885
4.84885
4.84885
4.84885
4.84885
4.84885
4.84885
4.84885
4.84885
4.84885
4.84885
4.84885
4.84885
4.84885
4.84885
4.84885
4.84885
4.84885
4.84885
4.84885
4.84885
4.84885
4.84885
4.84885
4.84885
4.84885
4.84885
4.84885
4.84885
4.84885
4.84885
4.84885
4.848555
4.8487025
4.8487025
4.84885
4.84885
4.84885
4.8487025
4.84885
4.848555
4.84885
4.84885
4.84885
4.84885
4.84885
4.84885
4.84885
4.8487025
4.8487025
4.84885
4.84885
4.84885
4.84885
4.84885
4.84885
4.84885
4.84885
4.84885
4.84885
4.84885
4.84885
4.84885
4.84885
4.84885
4.84885
4.84885
4.84885
4.84885
4.84885
4.84885
4.84885
4.84885
4.84885
4.84885
4.84885
4.84885
4.84885
4.84885
4.84885
4.848555
4.8487025
4.847375
4.847225
4.847225
4.847375
4.846925
4.84826
4.848555
4.8475225
4.847375
4.84767
4.84767
4.8481125
4.848555
4.8481125
4.84767
4.84826
4.848555
4.84826
4.8475225
4.84767
4.847965
4.846625
4.846775
4.847375
4.8475225
4.8475225
4.8487025
4.8481125
4.847965
4.8481125
4.8487025
4.84885
4.848555
4.8481125
4.8475225
4.8475225
4.84767
4.847375
4.846925
4.847075
4.847225
4.847225
4.8478175
4.847375
4.8472225
4.847075
4.846625
4.847375
4.847375
4.847375
4.847375
4.847965
4.847965
4.84885
4.848555
4.84826
4.847965
4.847375
4.8475225
4.847375
4.847375
4.8475225
4.847225
4.8481125
4.847375
4.847375
4.8478175
4.8478175
4.847375
4.846475
4.845875
4.845875
4.845875
4.845875
4.845875
4.845875
4.845875
4.845875
4.847375
4.847225
4.847375
4.84826
4.848555
4.8487025
4.84885
4.84885
4.84885
4.84885
4.84885
4.848555
4.84885
4.84885
4.8487025
4.84885
4.84885
4.84885
4.84885
4.84885
4.84885
4.848555
4.847965
4.848555
4.8481125
4.847965
4.8478175
4.847965
4.8484075
4.84826
4.84885
4.848555
4.847965
4.847375
4.8478175
4.8475225
4.84767
4.847375
4.84767
4.848555
4.8484075
4.84885
4.84885
4.84885
4.84885
4.84885
4.84885
4.84885
4.84885
4.84885
4.848555
4.8487025
4.8487025
4.84885
4.84885
4.8487025
4.848555
4.8487025
4.8484075
4.8487025
4.84767
4.845875
4.845875
4.846025
4.846625
4.846175
4.845875
4.845875
4.845875
4.845875
4.846325
4.846025
4.846625
4.846925
4.847075
4.846025
4.845875
4.845875
4.845875
4.845875
4.846775
4.846925
4.846475
4.847375
4.8481125
4.847225
4.845875
4.846625
4.847075
4.846325
4.846175
4.845875
4.846175
4.846175
4.846475
4.846475
4.846175
4.845875
4.845875
4.845875
4.845875
4.845875
4.845875
4.845875
4.845875
4.845285
4.845875
4.845875
4.845875
4.8457275
4.84558
4.845875
4.84558
4.845875
4.845875
4.845875
4.846025
4.845875
4.847075
4.846925
4.847225
4.846475
4.846025
4.846025
4.847075
4.8475225
4.846625
4.846025
4.845875
4.8454325
4.8457275
4.84499
4.8445475
4.84558
4.845875
4.84558
4.845875
4.845875
4.845875
4.845875
4.845875
4.845875
4.845875
4.8457275
4.84499
4.8457275
4.8448425
4.8448425
4.8448425
4.845285
4.845875
4.845875
4.845875
4.845875
4.845875
4.845875
4.845875
4.845875
4.846325
4.846175
4.846625
4.847375
4.845875
4.845875
4.845875
4.845875
4.845875
4.8457275
4.846475
4.847225
4.846625
4.846775
4.846325
4.845875
4.846475
4.8478175
4.848555
4.8481125
4.84826
4.84885
4.8487025
4.84885
4.84885
4.84885
4.84826
4.8481125
4.84885
4.84885
4.8487025
4.848555
4.84885
4.8487025
4.84885
4.84826
4.8487025
4.8487025
4.84885
4.8487025
4.848555
4.84885
4.84885
4.848555
4.848555
4.848555
4.848555
4.8487025
4.8487025
4.848555
4.84885
4.8487025
4.84885
4.84885
4.84885
4.84885
4.84885
4.848555
4.8487025
4.84885
4.8484075
4.848555
4.84885
4.84885
4.84885
4.84885
4.848555
4.84885
4.84885
4.84885
4.8487025
4.8481125
4.84885
4.848555
4.848555
4.8484075
4.84885
4.84885
4.84885
4.84885
4.8487025
4.84826
4.8487025
4.8487025
4.84885
4.84885
4.84885
4.84885
4.8487025
4.84885
4.84885
4.84885
4.848555
4.848555
4.8487025
4.84826
4.8487025
4.848555
4.848555
4.848555
4.847965
4.8481125
4.8484075
4.84826
4.8475175
4.846475
4.845875
4.8472225
4.84767
4.847375
4.847375
4.8475225
4.847375
4.8475225
4.847965
4.8481125
4.84767
4.8475225
4.847375
4.8478175
4.84767
4.84826
4.847965
4.847965
4.84826
4.8484075
4.8478175
4.8481125
4.8478175
4.847965
4.8475225
4.847375
4.847225
4.8475225
4.84752
4.846025
4.845875
4.845875
4.845875
4.845875
4.846025
4.845875
4.845875
4.846025
4.845875
4.845875
4.847075
4.845875
4.846025
4.845875
4.845875
4.845875
4.845875
4.845875
4.845875
4.845875
4.845875
4.847375
4.846925
4.845875
4.846325
4.846775
4.846775
4.8402225
4.839925
4.839925
4.839925
4.839925
4.839925
4.839925
4.839925
4.839775
4.839925
4.839925
4.839925
4.839925
4.839925
4.839925
4.839925
4.839925
4.8400725
4.8400725
4.839925
4.8406625
4.84081
4.8409575
4.8412525
4.8414
4.8414
4.8414
4.84245
4.84245
4.8429
4.8429
4.8429
4.8429
4.8429
4.8429
4.8429
4.84305
4.8432
4.8435
4.8429
4.8429
4.8429
4.8429
4.8429
4.8429
4.8429
4.8429
4.8429
4.8426
4.8429
4.8457275
4.845875
4.845875
4.845875
4.8457275
4.84499
4.8444
4.8444
4.8444
4.8444
4.8444
4.8444
4.8444
4.8444
4.8444
4.8444
4.8444
4.8448425
4.84558
4.845875
4.845875
4.845875
4.846925
4.8481125
4.84885
4.84885
4.84885
4.85035
4.85035
4.85185
4.852735
4.853475
4.8555625
4.8563
4.8575
4.85915
4.86048
4.8622725
4.8639
4.86525
4.867045
4.868375
4.871225
4.872405
4.8761325
4.878375
4.87897
4.88015
4.88015
4.88165
4.8823875
4.88283
4.883575
4.884025
4.883575
4.883125
4.88224
4.88165
4.8812
4.88015
4.88015
4.8794125
4.878675
4.878675
4.878675
4.878675
4.878675
4.878675
4.878675
4.8794125
4.88015
4.88015
4.8671875
4.8671925
4.869275
4.871225
4.871815
4.8746425
4.877175
4.878675
4.8806
4.88283
4.885075
4.886125
4.88895
4.891775
4.8928275
4.8755275
4.87494
4.878675
4.88015
4.88165
4.882535
4.8803
4.8806
4.88135
4.88165
4.88165
4.88165
4.88165
4.88165
4.88165
4.88135
4.8809
4.88015
4.87956
4.87956
4.878675
4.878675
4.878675
4.878675
4.878675
4.8794125
4.883575
4.88984
4.89595
4.894755
4.89505
4.899525
4.901025
4.9025
4.904
4.905475
4.906975
4.907125
4.908475
4.908475
4.908475
4.908475
4.906975
4.906975
4.905475
4.905475
4.904295
4.90265
4.9025
4.9025
4.9017625
4.9020575
4.9020575
4.9025
4.9025
4.90385
4.905475
4.9041425
4.901025
4.901025
4.901025
4.900425
4.899825
4.899675
4.901025
4.901025
4.901025
4.90132
4.90325
4.9038475
4.9109975
4.9218725
4.9324575
4.9342525
4.944825
4.9461675
4.944825
4.9385675
4.926045
4.920975
4.921875
4.923375
4.92635
4.927825
4.929325
4.930825
4.93335
4.935
4.9366275
4.937975
4.93857
4.94005
4.94125
4.94125
4.9426
4.94275
4.94275
4.94155
4.94125
4.94125
4.94065
4.9396025
4.9384225
4.938275
4.937825
4.936775
4.936775
4.936775
4.9353
4.93663
4.94304
4.9616625
4.96509
4.9914575
4.997875
5.002045
5.006075
5.0094975
5.005925
5.0112775
5.0156025
5.020225
5.0247
5.026175
5.0251425
5.0230525
5.0233525
5.0260275
5.0247
5.019175
5.0159
5.010985
5.0047275
4.97463
4.972995
4.9758175
4.97582
4.9768525
4.97715
4.9773
4.976705
4.9756725
4.975525
4.9732875
4.9724
4.97105
4.96955
4.9682225
4.96866
4.9688125
4.96881
4.9862475
5.0024975
5.0236525
5.0355775
5.041375
5.04675
5.0518175
5.05598
5.056875
5.06463
5.06925
5.07372
5.07745
5.0811725
5.082505
5.0869825
5.0892175
5.0916
5.09325
5.095025
5.095775
5.096075
5.0977
5.0977
5.09711
5.095925
5.0925
5.09025
5.088025
5.08445
5.081025
5.0764025
5.0695525
5.048685
5.0242475
5.0089025
5.00726
5.10456
5.1065
5.10844
5.109925
5.111125
5.11395
5.117075
5.1187225
5.12005
5.12155
5.1231975
5.1243775
5.124525
5.124525
5.1243775
5.1208
5.1196075
5.118275
5.1164825
5.1129
5.1121575
5.11275
5.1094825
5.10605
5.105155
5.0997975
5.0960675
5.089515
5.0813225
5.08654
5.089365
5.0944325
5.0983025
5.10188
5.1057525
5.109625
5.111715
5.11425
5.08743
5.05569
5.02052
5.0102425
5.00697
5.005325
5.003825
5.0012975
5.00085
5.0008575
5.000265
4.997875
4.997125
4.9995175
5.0142675
5.042875
5.06329
5.0770025
5.0859425
5.0916
5.09622
5.100245
5.103675
5.107845
5.1115675
5.1141
5.117375
5.12005
5.123195
5.126025
5.12975
5.1318275
5.134675
5.13854
5.140925
5.1439
5.1454
5.145695
5.146875
5.146875
5.1464325
5.1455475
5.094585
5.1039675
5.1087375
5.1124525
5.1146975
5.1196075
5.1224475
5.123935
5.12752
5.1309425
5.133325
5.134675
5.13527
5.13795
5.139425
5.142275
5.1448
5.1374975
5.1386875
5.139875
5.141525
5.1431625
5.1454
5.1459875
5.1461375
5.1102225
5.1066475
5.10814
5.1112675
5.114095
5.1170775
5.119755
5.1233425
5.125875
5.1309425
5.133325
5.13527
5.13795
5.140025
5.141525
5.14272
5.1455475
5.147025
5.148975
5.15076
5.1527
5.154325
5.155675
5.1574725
5.15895
5.16148
5.163275
5.1652175
5.16625
5.1650575
5.163275
5.163575
5.1652175
5.16625
5.1664
5.16775
5.16775
5.1676
5.16625
5.1649175
5.163425
5.163425
5.163725
5.163875
5.163725
5.162975
5.1604475
5.1586525
5.153145
5.149875
5.148075
5.147325
5.147625
5.148525
5.149875
5.1516525
5.1538825
5.154325
5.156275
5.154785
5.1535875
5.1543275
5.155075
5.157025
5.156875
5.1597
5.1604475
5.1726675
5.1719225
5.170725
5.170575
5.170725
5.170725
5.171625
5.171475
5.171175
5.171175
5.1692275
5.1664025
5.162825
5.160595
5.15985
5.16015
5.1603
5.1617775
5.162225
5.164025
5.16566
5.1667
5.16775
5.168045
5.169225
5.170275
5.170575
5.1732575
5.17415
5.1752
5.1765275
5.177425
5.179675
5.1807075
5.1825
5.184125
5.185475
5.186375
5.187125
5.1881575
5.1886
5.1886
5.1886
5.1886
5.1886
5.1881575
5.1872725
5.187125
5.187125
5.1872725
5.18801
5.1884525
5.1886
5.1884525
5.1881575
5.18801
5.187715
5.186975
5.1839775
5.18235
5.180265
5.180115
5.1886
5.1884525
5.1886
5.1886
5.1886
5.1872725
5.1872725
5.18265
5.18115
5.179675
5.179225
5.179075
5.178925
5.179075
5.179675
5.179675
5.179675
5.1792275
5.17505
5.17385
5.17385
5.1746
5.1737
5.1737
5.1737
5.1737
5.1737
5.1737
5.17385
5.1752
5.1752
5.1752
5.1762325
5.176675
5.176675
5.176975
5.178025
5.178175
5.179375
5.179675
5.179675
5.179675
5.18056
5.1813
5.1827975
5.184125
5.185325
5.180715
5.168635
5.169225
5.1807075
5.1804125
5.179225
5.176675
5.1753475
5.1749
5.1781775
5.176825
5.176675
5.1762325
5.176675
5.176675
5.176675
5.177425
5.178325
5.178775
5.179375
5.179675
5.179675
5.180265
5.1807075
5.18115
5.179365
5.178175
5.179075
5.179225
5.178625
5.179075
5.179675
5.179675
5.18115
5.18115
5.1816
5.18235
5.1839775
5.185475
5.185625
5.186225
5.186375
5.186675
5.186975
5.185775
5.185625
5.184875
5.18265
5.18265
5.1839775
5.184125
5.185775
5.186975
5.187125
5.187125
5.1872725
5.1875675
5.1886
5.1886
5.1886
5.1886
5.18801
5.18742
5.187125
5.186225
5.193075
5.193675
5.1951675
5.19905
5.19905
5.19905
5.19964
5.201425
5.20232
5.20365
5.20395
5.20515
5.206645
5.207975
5.207975
5.208275
5.208275
5.209025
5.207975
5.207975
5.2069425
5.2053
5.2044
5.2035
5.20232
5.202025
5.202025
5.202025
5.202025
5.202025
5.202025
5.202025
5.202025
5.202025
5.201125
5.200525
5.200525
5.200525
5.20023
5.201125
5.202025
5.202025
5.2021725
5.20232
5.2035
5.2035
5.2041
5.205
5.205
5.205
5.20515
5.20515
5.2056
5.20635
5.2062
5.2078275
5.208875
5.209475
5.20977
5.2108025
5.21125
5.21155
5.209915
5.207975
5.207975
5.208425
5.209025
5.209475
5.209475
5.210655
5.2111
5.21245
5.21275
5.21395
5.2152775
5.215425
5.215575
5.215875
5.216625
5.216775
5.216625
5.216325
5.216625
5.215425
5.215425
5.2149825
5.21305
5.21245
5.2117
5.21095
5.21095
5.21185
5.21245
5.21245
5.2143925
5.2152775
5.215875
5.216925
5.216775
5.216925
5.216925
5.216925
5.216925
5.216325
5.215875
5.215425
5.2149825
5.2126
5.21245
5.2111
5.21095
5.2102125
5.210065
5.209475
5.209475
5.209475
5.209475
5.209475
5.209475
5.208875
5.208125
5.207975
5.20768
5.2066475
5.2062
5.2053
5.205
5.2047
5.2041
5.2035
5.2035
5.2035
5.205
5.205
5.205
5.205
5.205
5.205
5.205
5.205
5.205
5.205
5.205
5.20635
5.2072375
5.2078275
5.209175
5.209475
5.21095
5.2114
5.212
5.2123
5.21245
5.2123
5.2123
5.2117
5.21095
5.2108025
5.209475
5.208425
5.2072375
5.2053
5.20485
5.20395
5.20365
5.20395
5.20365
5.20365
5.2035
5.2035
5.2035
5.2030575
5.202025
5.202025
5.201875
5.200525
5.1997875
5.1994925
5.19905
5.19905
5.19905
5.19905
5.19905
5.19905
5.1994925
5.1997875
5.19964
5.1994925
5.1994925
5.1991975
5.19905
5.19905
5.19905
5.19905
5.19905
5.19905
5.1991975
5.19964
5.201875
5.2021725
5.2035
5.20485
5.205
5.2062
5.2056
5.20605
5.205
5.20365
5.2024675
5.202025
5.1991975
5.1974
5.1965
5.19605
5.1956075
5.1947225
5.194575
5.19487
5.1950175
5.194575
5.193375
5.191895
5.1916
5.19085
5.1907
5.1898
5.1886
5.1886
5.1881575
5.18801
5.1875675
5.1881575
5.1878625
5.1886
5.187715
5.1872725
5.187125
5.187125
5.187125
5.1871225
5.184875
5.184125
5.1833875
5.1827975
5.1825
5.18265
5.1825
5.18265
5.18383
5.186075
5.18801
5.18965
5.19085
5.1907
5.1892
5.18875
5.1884525
5.18742
5.186525
5.184875
5.184125
5.18265
5.18265
5.18265
5.18235
5.18265
5.18235
5.18175
5.18235
5.18115
5.1798225
5.179675
5.179075
5.177725
5.176675
5.1756425
5.1752
5.17415
5.1737
5.1737
5.1737
5.17385
5.1737
5.1737
5.17252
5.171925
5.1720725
5.170575
5.170275
5.169225
5.1681925
5.167
5.1658075
5.164175
5.163125
5.161925
5.1616275
5.1603
5.16015
5.161185
5.1635725
5.16625
5.16685
5.170425
5.169675
5.168635
5.1676
5.16566
5.164475
5.163275
5.163275
5.163575
5.164025
5.1649225
5.1661025
5.16625
5.16625
5.16566
5.163575
5.163275
5.162975
5.161775
5.1603
5.1588
5.1588
5.155825
5.154475
5.154325
5.15344
5.1529975
5.15195
5.149875
5.148375
5.147025
5.1458425
5.1454
5.142425
5.140025
5.1380975
5.1357125
5.133325
5.1299025
5.125425
5.1224475
5.118275
5.1123075
5.10471
5.0960725
5.0895175
5.088475
5.097265
5.105455
5.1182725
5.1234875
5.12841
5.1294525
5.128115
5.1275225
5.1279675
5.13005
5.13168
5.133025
5.134975
5.1357125
5.13705
5.13795
5.1378
5.13675
5.135565
5.134975
5.133475
5.1309425
5.12841
5.126175
5.124675
5.1237875
5.1214
5.11887
5.1160375
5.11515
5.110375
5.1071
5.1036675
5.0989
5.0938375
5.0898075
5.0820675
5.070595
5.06761
5.0245475
5.0212675
4.9996675
5.00056
5.0007125
5.0012975
5.00235
5.003825
5.005025
5.005325
5.005625
5.0071225
5.00727
5.00697
5.0060725
5.005625
5.0063675
5.0063675
5.0468975
5.066715
5.0738675
5.0784975
5.0816175
5.0823575
5.08355
5.0831
5.08445
5.0859475
5.086095
5.0859475
5.0858
5.08445
5.0826525
5.0784975
5.0761
5.0731225
5.0713425
5.0694
5.06716
5.0635975
5.06105
5.0561275
5.05226
5.047645
5.0409325
5.02916
5.0197775
4.9826725
4.9744825
4.97135
4.9731425
4.97255
4.974025
4.975525
4.97582
4.977
4.9785
4.9785
4.9797
4.98
4.98
4.98059
4.9801475
4.98
4.98
4.9785
4.97805
4.9756725
4.974025
4.97195
4.97075
4.96837
4.96569
4.966135
4.98267
4.99534
5.00011
5.0033825
5.006675
5.010535
5.011275
5.0069725
5.002495
4.997875
4.9922
4.9873
4.9810375
4.9723925
4.9533225
4.94006
4.9345475
4.93365
4.93275
4.9332
4.9338
4.9338
4.9338
4.93425
4.9353
4.9353
4.93648
4.936775
4.936775
4.938275
4.9384225
4.93975
4.942
4.94155
4.94215
4.94125
4.94125
4.938865
4.937975
4.936775
4.9353
4.9338
4.93365
4.929475
4.929625
4.928125
4.92635
4.923375
4.921875
4.920375
4.91875
4.915775
4.914275
4.9115975
4.9098025
4.908175
4.906525
4.9053275
4.9025
4.9011725
4.899675
4.898325
4.898025
4.89655
4.8952
4.89505
4.89505
4.89387
4.8949025
4.894755
4.89505
4.89505
4.8958
4.8966975
4.896845
4.898325
4.899525
4.900425
4.901025
4.901025
4.9011725
4.9023525
4.9020575
4.901025
4.9011725
4.899675
4.899375
4.898025
4.8963975
4.8943125
4.892225
4.89043
4.8891
4.8871575
4.885225
4.8831275
4.88045
4.8788225
4.877175
4.8742
4.8727
4.871075
4.868375
4.867045
4.8654
4.8648
4.86645
4.8651
4.86375
4.862275
4.860775
4.860775
4.8600375
4.8593
4.85825
4.8578
4.8584
4.85825
4.8578
4.8578
4.8578
4.8578
4.8578
4.85765
4.8578
4.8578
4.8578
4.8578
4.85885
4.8593
4.8593
4.8593
4.8600375
4.860775
4.860775
4.860775
4.860775
4.860185
4.8593
4.8593
4.85795
4.8578
4.85645
4.8563
4.8549725
4.853325
4.853325
4.85185
4.85185
4.85035
4.85035
4.8502
4.84885
4.84885
4.84885
4.84885
4.847375
4.847225
4.847225
4.846025
4.845875
4.846025
4.846025
4.846025
4.845875
4.845875
4.845875
4.845875
4.845875
4.845875
4.845875
4.846025
4.845875
4.845875
4.845875
4.845875
4.845875
4.845875
4.845875
4.845875
4.845875
4.845875
4.845875
4.845875
4.845875
4.846025
4.845875
4.845875
4.845875
4.845875
4.845875
4.845875
4.845875
4.845875
4.845875
4.845875
4.845875
4.845875
4.845875
4.845875
4.845875
4.845875
4.845875
4.845875
4.845875
4.845875
4.845875
4.845875
4.845875
4.845875
4.845875
4.845875
4.845875
4.845875
4.845875
4.845875
4.845875
4.845875
4.845875
4.845875
4.845875
4.845875
4.845875
4.845875
4.845875
4.845875
4.845875
4.845875
4.845875
4.845875
4.845875
4.845875
4.845875
4.845875
4.845875
4.845875
4.845875
4.845875
4.845875
4.845875
4.845875
4.845875
4.845875
4.845875
4.845875
4.845875
4.845875
4.845875
4.845875
4.845875
4.845875
4.845875
4.845875
4.845875
4.845875
4.845875
4.845875
4.845875
4.845875
4.845875
4.845875
4.845875
4.845875
4.845875
4.845875
4.845875
4.845875
4.8403725
4.839625
4.839925
4.839925
4.839025
4.838425
4.838575
4.838425
4.838425
4.838425
4.838425
4.838425
4.838425
4.838425
4.838425
4.838425
4.838425
4.838425
4.838425
4.838425
4.838425
4.838425
4.838425
4.838425
4.838425
4.838425
4.838425
4.838425
4.838425
4.838425
4.838425
4.838425
4.838425
4.838425
4.838425
4.838425
4.838425
4.838425
4.838425
4.838425
4.838425
4.838425
4.838425
4.838425
4.838425
4.838425
4.838425
4.838425
4.838425
4.838425
4.838425
4.838425
4.838425
4.838425
4.838425
4.838425
4.838425
4.838425
4.838425
4.838425
4.838425
4.838425
4.838425
4.838425
4.838425
4.838425
4.838425
4.838425
4.838425
4.838425
4.838425
4.838425
4.838425
4.838425
4.838425
4.838425
4.838425
4.838425
4.838425
4.838425
4.838425
4.838425
4.838425
4.838575
4.838425
4.838425
4.838725
4.839025
4.838725
4.839025
4.838875
4.838875
4.839625
4.838875
4.838725
4.838575
4.838875
4.838425
4.838575
4.838875
4.838875
4.838575
4.838425
4.838575
4.838425
4.838575
4.838425
4.838425
4.838425
4.838425
4.838425
4.838425
4.838425
4.838425
4.838425
4.838425
4.838425
4.838425
4.838425
4.838425
4.838425
4.838425
4.838425
4.838425
4.838725
4.838425
4.838575
4.838425
4.838425
4.838575
4.838425
4.838725
4.838425
4.838725
4.839025
4.839025
4.838575
4.838575
4.838875
4.838725
4.838425
4.839025
4.838575
4.839325
4.839025
4.838575
4.839025
4.838425
4.838425
4.838575
4.838425
4.838425
4.838425
4.838425
4.838425
4.838425
4.838425
4.838425
4.838425
4.838425
4.838575
4.839475
4.84395
4.845285
4.845875
4.845875
4.845875
4.845875
4.845875
4.845875
4.845875
4.845875
4.845875
4.845875
4.845875
4.845875
4.845875
4.845875
4.845875
4.845875
4.845875
4.845875
4.845875
4.845875
4.845875
4.845875
4.845875
4.845875
4.845875
4.845875
4.845875
4.845875
4.845875
4.845875
4.845875
4.845875
4.845875
4.845875
4.845875
4.845875
4.845875
4.846175
4.846175
4.846175
4.845875
4.846475
4.846625
4.846925
4.847375
4.847375
4.8478175
4.84767
4.84767
4.847375
4.8475225
4.847375
4.847965
4.8478175
4.8478175
4.847965
4.8475225
4.8481125
4.848555
4.847375
4.8475225
4.8475225
4.8475225
4.8475225
4.847375
4.847375
4.84767
4.8475225
4.8475225
4.847375
4.847375
4.847375
4.847375
4.847375
4.847375
4.847375
4.846475
4.846775
4.846025
4.845875
4.845875
4.846025
4.845875
4.845875
4.845875
4.845875
4.845875
4.846025
4.845875
4.845875
4.846775
4.84767
4.847375
4.847225
4.846625
4.845875
4.845875
4.845875
4.845875
4.845875
4.845875
4.845875
4.846025
4.845875
4.8472225
4.84707
4.846325
4.8484075
4.8484075
4.847225
4.84826
4.8470725
4.847225
4.84885
4.84826
4.84885
4.84885
4.84885
4.8487025
4.84885
4.84885
4.84826
4.84767
4.84885
4.847375
4.845875
4.846475
4.847375
4.846325
4.846025
4.846625
4.847225
4.8478175
4.847375
4.847375
4.847075
4.847375
4.847375
4.847225
4.84767
4.848555
4.8487025
4.84885
4.848555
4.848555
4.84885
4.84885
4.84885
4.84826
4.84826
4.84826
4.84885
4.84826
4.84885
4.8487025
4.8481125
4.84885
4.848555
4.84885
4.84885
4.8484075
4.8487025
4.8481125
4.848555
4.8484075
4.84826
4.8487025
4.8487025
4.8487025
4.84826
4.84885
4.84885
4.848555
4.8487025
4.84885
4.84826
4.848555
4.84826
4.848555
4.8487025
4.848555
4.84885
4.8487025
4.8487025
4.848555
4.84885
4.8487025
4.8487025
4.84885
4.848555
4.8487025
4.8487025
4.84885
4.8487025
4.84885
4.848555
4.84826
4.84826
4.848555
4.848555
4.8478175
4.847965
4.8481125
4.8484075
4.84826
4.8487025
4.8484075
4.8487025
4.84885
4.8487025
4.8484075
4.848555
4.8487025
4.8487025
4.848555
4.848555
4.84752
4.846025
4.845875
4.845875
4.846025
4.847075
4.847375
4.848555
4.84885
4.8487025
4.8481075
4.845875
4.845875
4.846475
4.8473725
4.8479625
4.846625
4.8475225
4.84885
4.847965
4.84885
4.84885
4.84885
4.8487025
4.8481125
4.84885
4.84885
4.84885
4.848555
4.84885
4.8487025
4.8481125
4.846025
4.84885
4.84885
4.84885
4.84885
4.84885
4.84885
4.8472175
4.846325
4.847375
4.846175
4.847075
4.8472225
4.847225
4.8475225
4.84767
4.8481125
4.84737
4.845875
4.845875
4.845875
4.845875
4.846025
4.847375
4.845875
4.8473725
4.84826
4.848555
4.846775
4.846025
4.845875
4.845875
4.845875
4.845875
4.846925
4.845875
4.846325
4.845875
4.845875
4.845875
4.845875
4.845875
4.846325
4.846925
4.846925
4.84767
4.8484075
4.84885
4.84885
4.84885
4.84885
4.84885
4.84885
4.84885
4.84885
4.84885
4.84885
4.84885
4.84885
4.84885
4.84885
4.84885
4.84885
4.84885
4.84885
4.84885
4.84885
4.84885
4.84885
4.84885
4.84885
4.84885
4.84885
4.84885
4.84885
4.84885
4.84885
4.84885
4.84885
4.84885
4.84885
4.84885
4.84885
4.84885
4.84885
4.84885
4.84885
4.84885
4.84885
4.8487025
4.84885
4.84885
4.84885
4.84885
4.84885
4.8487025
4.8478175
4.84885
4.8487025
4.84826
4.8481125
4.84826
4.848555
4.8478175
4.847965
4.8481125
4.8478175
4.8481125
4.847965
4.8484075
4.84826
4.8481125
4.84767
4.8481125
4.848555
4.8484075
4.84826
4.84885
4.8487025
4.84826
4.84885
4.8484075
4.84885
4.84885
4.8487025
4.84885
4.848555
4.84767
4.8487025
4.8487025
4.84885
4.84752
4.847375
4.84826
4.84885
4.84885
4.8487025
4.84885
4.84885
4.84885
4.84885
4.84885
4.84885
4.84885
4.84885
4.84885
4.84885
4.84885
4.84885
4.84885
4.84885
4.84885
4.84885
4.84885
4.84885
4.84885
4.84885
4.84885
4.84885
4.84885
4.84885
4.84885
4.84885
4.84885
4.84885
4.84885
4.84885
4.84885
4.84885
4.84885
4.84885
4.84885
4.84885
4.84885
4.84885
4.84885
4.84885
4.84885
4.84885
4.84885
4.84885
4.84885
4.84885
4.84885
4.84885
4.84885
4.84885
4.84885
4.84885
4.84885
4.84885
4.84885
4.84885
4.84885
4.84885
4.84885
4.84885
4.84885
4.84885
4.84885
4.84885
4.84885
4.84885
4.84885
4.84885
4.84885
4.84885
4.84885
4.84885
4.84885
4.84885
4.84885
4.84885
4.84885
4.84885
4.84885
4.84885
4.84885
4.84885
4.84885
4.84885
4.84885
4.84885
4.84885
4.84885
4.84885
4.84885
4.84885
4.84885
4.84885
4.84885
4.84885
4.84885
4.84885
4.84885
4.84885
4.84885
4.84885
4.84885
4.84885
4.84885
4.84885
4.84885
4.84885
4.84885
4.84885
4.84885
4.84885
4.84885
4.84885
4.84885
4.84885
4.84885
4.84885
4.84885
4.84885
4.84885
4.84885
4.84885
4.84885
4.84885
4.84885
4.84885
4.84885
4.84885
4.84885
4.84885
4.84885
4.84885
4.84885
4.84885
4.84885
4.84885
4.84885
4.84885
4.84885
4.84885
4.84885
4.84885
4.84885
4.84885
4.84885
4.84885
4.84885
4.84885
4.84885
4.84885
4.84885
4.84885
4.84885
4.84885
4.84885
4.84885
4.84885
4.84885
4.84885
4.84885
4.84885
4.84885
4.84885
4.84885
4.8484075
4.848555
4.847075
4.847225
4.847225
4.847225
4.846475
4.845875
4.845875
4.845875
4.846175
4.846025
4.845875
4.846025
4.845875
4.845875
4.845875
4.845875
4.845875
4.845875
4.845875
4.845875
4.845875
4.845875
4.845875
4.845875
4.845875
4.845875
4.845875
4.845875
4.845875
4.845875
4.845875
4.845875
4.845875
4.845875
4.845875
4.845875
4.845875
4.845875
4.845875
4.845875
4.845875
4.845875
4.845875
4.845875
4.845875
4.845875
