Initial Temperature (K)	0.0250636
Excitation Current (A)	1.8e-05
Axis 1,2	y,z
Angle	98
Field (T)	Resistance (Ohms)
0.0	-0.00015356543611111113
-0.0001	0.00019371680555555556
-0.0002	-0.00029781808333333333
-0.0003	-8.961480277777778e-05
-0.0004	-0.0003454195277777777
-0.0005	-0.00011320840666666667
-0.0006	-0.00016722522222222224
-0.0007	-0.00012624649166666666
-0.0008	-0.00026242730555555555
-0.0009	-0.000388674111111111
-0.001	2.1938333333333326e-05
-0.0011	-0.0003685985555555556
-0.0012	-6.829805555555565e-06
-0.0013	-5.6500675000000004e-05
-0.0014	-0.00027525900000000003
-0.0015	-6.953900833333334e-05
-0.0016	-1.9868472222222222e-05
-0.0017	-0.0001868861388888889
-0.0018	0.00018626541666666668
-0.0019	4.13887277777777e-06
-0.002	-4.987716666666668e-05
-0.0021	5.3808888888888865e-06
-0.0022	-0.00016784536111111108
-0.0023	-0.00018854197222222224
-0.0024	-0.00020613345555555555
-0.0025	-0.00010348045833333337
-0.0026	0.00012541899444444446
-0.0027	0.00015128894444444446
-0.0028	-0.0002398686111111111
-0.0029	-0.0002992664361111111
-0.003	-0.0001442522777777778
-0.0031	6.126097222222222e-05
-0.0032	-0.00023324611111111108
-0.0033	-0.00016370655277777777
-0.0034	-0.00015894647222222221
-0.0035	-0.00018874894166666666
-0.0036	-0.00011941730555555552
-0.0037	-0.0001475633416666667
-0.0038	-9.892772222222221e-05
-0.0039	5.360306388888889e-05
-0.004	-8.568211111111109e-05
-0.0041	-0.00015004733055555555
-0.0042	-0.0002284858333333333
-0.0043	-9.230465833333331e-05
-0.0044	-0.0005269249722222222
-0.0045	-0.00026656643888888886
-0.0046	-0.0001856445777777778
-0.0047	-1.28313861111111e-05
-0.0048	-0.00018212623055555553
-0.0049	-0.000159153425
-0.005	2.8974677777777764e-05
-0.0051	-7.88522861111111e-05
-0.0052	-8.65098277777778e-05
-0.0053	-0.0004789095277777779
-0.0054	-0.0002086181944444444
-0.0055	2.0903527777777786e-05
-0.0056	-0.00021503311111111112
-0.0057	-0.00013286935
-0.0058	8.940726666666666e-05
-0.0059	-8.195724999999998e-05
-0.006	-0.00015625616666666668
-0.0061	-0.0004528320833333333
-0.0062	-0.00035266280555555564
-0.0063	-0.00015128880555555555
-0.0064	2.6284083333333338e-05
-0.0065	-8.092211111111108e-05
-0.0066	0.00012231469444444444
-0.0067	3.4356030555555564e-05
-0.0068	1.8212583333333322e-05
-0.0069	2.1110305555555538e-05
-0.007	-2.835386111111111e-05
-0.0071	-7.76113611111111e-05
-0.0072	-0.0002700849444444445
-0.0073	-0.00029492008333333335
-0.0074	0.00010637902777777778
-0.0075	-2.4628555555555527e-05
-0.0076	-1.88336038888889e-05
-0.0077	0.00016101652777777774
-0.0078	-0.000302992175
-0.0079	-0.00019682091666666667
-0.008	-0.00012438402777777778
-0.0081	-0.00016246519444444447
-0.0082	-8.8993575e-05
-0.0083	-0.0002123429611111111
-0.0084	0.00021772363611111112
-0.0085	-0.00020240860555555555
-0.0086	-7.82313611111111e-05
-0.0087	-0.0001926812333333333
-0.0088	-0.00019889032333333335
-0.0089	-0.00014404525
-0.009	-0.00010016944444444443
-0.0091	-0.0002367639722222222
-0.0092	-0.00022103472499999997
-0.0093	-9.520227777777775e-05
-0.0094	-0.0001926816666666667
-0.0095	-0.00011714018333333333
-0.0096	-7.781805555555555e-05
-0.0097	-0.00030340566666666667
-0.0098	-0.0002688433055555556
-0.0099	-9.499552777777777e-05
-0.01	-0.00029905960277777774
-0.0101	-0.0003427285555555555
-0.0102	-7.305819444444445e-05
-0.0103	-0.00035183513888888894
-0.0104	-0.0002216560833333333
-0.0105	-0.00010720630555555555
-0.0106	-0.00011776133333333332
-0.0107	-0.00019951144444444447
-0.0108	-0.00014963330833333335
-0.0109	-0.00012686807500000003
-0.011	-0.0002471124444444444
-0.0111	-0.00015335841666666664
-0.0112	-0.00014777057499999998
-0.0113	-7.222961111111111e-05
-0.0114	-0.00022952062777777774
-0.0115	-0.0002851936666666667
-0.0116	0.00011279466666666665
-0.0117	-0.00021130758333333334
-0.0118	0.00015729077777777776
-0.0119	6.250263888888889e-05
-0.012	-8.030077777777778e-05
-0.0121	-3.8288249999999994e-05
-0.0122	-0.00016329247222222226
-0.0123	-0.00010079047222222221
-0.0124	-7.843861111111112e-05
-0.0125	0.0001742618611111111
-0.0126	-8.568232222222218e-05
-0.0127	-0.0002746380833333333
-0.0128	0.00012438419444444447
-0.0129	-2.5870011111111127e-05
-0.013	-9.168397222222221e-05
-0.0131	9.727044444444444e-06
-0.0132	-0.0003710824427777777
-0.0133	-0.00012231430555555557
-0.0134	-0.0004083358416666666
-0.0135	5.236105555555554e-05
-0.0136	-0.00015335821111111115
-0.0137	-5.070585277777779e-05
-0.0138	-0.00027443111111111104
-0.0139	-6.581382777777776e-05
-0.014	5.194726944444444e-05
-0.0141	-4.759888888888879e-06
-0.0142	-0.00020199441666666668
-0.0143	-0.0001961993888888889
-0.0144	-0.00023407413055555554
-0.0145	-0.00018999103055555557
-0.0146	-0.00019806222222222222
-0.0147	4.8015027777777786e-05
-0.0148	0.00032037697222222215
-0.0149	-4.9671088888888884e-05
-0.015	-0.00011362224999999998
-0.0151	-0.0002284859166666667
-0.0152	-0.0001829543611111111
-0.0153	-0.00012045199999999999
-0.0154	3.311388888888889e-05
-0.0155	5.939807499999999e-05
-0.0156	-0.0003642525527777778
-0.0157	-0.0002613924444444445
-0.0158	0.00019247427777777774
-0.0159	-0.0001041018527777778
-0.016	-0.0001763312472222222
-0.0161	-0.0003849487222222221
-0.0162	-0.00017529672222222226
-0.0163	-0.00020054594444444442
-0.0164	-0.0001769524722222222
-0.0165	-0.00030775249999999996
-0.0166	0.00012210764722222223
-0.0167	-0.00010120423055555557
-0.0168	-0.00023096936111111112
-0.0169	-0.0002096524638888889
-0.017	-0.00015025420277777775
-0.0171	-0.00024400783333333335
-0.0172	9.396061111111113e-05
-0.0173	2.5663388888888883e-05
-0.0174	-0.00010223921388888891
-0.0175	-2.5248974999999983e-05
-0.0176	3.8288e-05
-0.0177	2.7112091666666662e-05
-0.0178	-0.00018109153333333329
-0.0179	-9.64439722222222e-05
-0.018	-0.0002293136888888889
-0.0181	-0.00013162743333333332
-0.0182	0.00013431827777777777
-0.0183	-6.291655277777781e-05
-0.0184	0.00014652902777777778
-0.0185	6.105325999999999e-05
-0.0186	4.967369444444446e-06
-0.0187	-0.00019868344444444442
-0.0188	-0.0002044784444444445
-0.0189	-0.00015273763888888885
-0.019	-0.0001812987777777778
-0.0191	-0.00015770483333333335
-0.0192	-0.00030071513888888884
-0.0193	-0.00027670844444444443
-0.0194	-0.00016101627777777774
-0.0195	0.00023572919444444447
-0.0196	1.759169444444446e-05
-0.0197	-0.0002330392777777778
-0.0198	1.3659669444444438e-05
-0.0199	2.8767583333333325e-05
-0.02	-8.485425000000002e-05
-0.0201	-0.00021606799999999998
-0.0202	-0.00022455309333333333
-0.0203	-0.0001703298888888889
-0.0204	-0.00024193828055555557
-0.0205	-8.23708361111111e-05
-0.0206	-0.0002520798888888889
-0.0207	-0.000237592075
-0.0208	6.126047222222223e-05
-0.0209	-3.601133055555555e-05
-0.021	-0.00014301055555555553
-0.0211	-0.00037749811111111107
-0.0212	-0.00019516472222222224
-0.0213	4.904994444444444e-05
-0.0214	0.00024421477777777776
-0.0215	-0.00017695213055555554
-0.0216	0.0001446663888888889
-0.0217	-4.615258333333335e-05
-0.0218	-4.470399166666668e-05
-0.0219	-3.000935833333334e-05
-0.022	-6.89181388888889e-05
-0.0221	7.26437777777778e-05
-0.0222	-0.00017964281388888886
-0.0223	-5.256810555555553e-05
-0.0224	-0.00013700843166666665
-0.0225	-0.00016329236388888882
-0.0226	-1.9661027777777793e-05
-0.0227	-0.000249182
-0.0228	8.361262111111111e-05
-0.0229	-5.712133333333335e-05
-0.023	-3.704611111111112e-05
-0.0231	-0.00010368752777777779
-0.0232	2.8767674999999997e-05
-0.0233	-0.0003605270944444445
-0.0234	-0.00029429946666666666
-0.0235	-5.4430944444444436e-05
-0.0236	-0.0002682222222222222
-0.0237	-0.00013597355555555556
-0.0238	5.7328663888888875e-05
-0.0239	7.740365833333334e-05
-0.024	2.8974444444444468e-05
-0.0241	0.0001469425638888889
-0.0242	-4.967055555555558e-06
-0.0243	-0.00019143938888888885
-0.0244	-0.00030940755555555554
-0.0245	0.00034128000000000007
-0.0246	0.00014197546388888889
-0.0247	-0.0002322112861111111
-0.0248	-0.0001221073333333333
-0.0249	-7.968013611111111e-05
-0.025	-0.00018461000000000006
-0.0251	-5.629338888888889e-05
-0.0252	0.0001361810638888889
-0.0253	-0.00011238018611111112
-0.0254	-0.00012955805555555557
-0.0255	-0.00011693352777777778
-0.0256	-3.7667019444444444e-05
-0.0257	-1.0348305555555541e-05
-0.0258	-0.00011031041666666667
-0.0259	-6.519277777777778e-05
-0.026	-9.292572222222222e-05
-0.0261	-9.106316666666667e-05
-0.0262	-2.6903333333333295e-06
-0.0263	-0.00014880583333333334
-0.0264	-0.0001448732222222222
-0.0265	-3.104438888888888e-05
-0.0266	-7.388544444444445e-05
-0.0267	5.525863888888891e-05
-0.0268	0.00017343388888888886
-0.0269	-0.0002940929722222222
-0.027	-0.00012686797499999997
-0.0271	-0.0001279023138888889
-0.0272	4.698025e-05
-0.0273	3.8701777777777765e-05
-0.0274	3.2699813888888874e-05
-0.0275	-0.00015853241666666663
-0.0276	-0.00026656708333333334
-0.0277	-0.00012624619166666667
-0.0278	2.4835277777777768e-05
-0.0279	-0.00024131752222222226
-0.028	-0.00027774288888888897
-0.0281	-0.00013348976111111113
-0.0282	-0.00021234261111111106
-0.0283	0.0001413547611111111
-0.0284	0.00021648183055555554
-0.0285	0.00027588
-0.0286	-2.7526238888888895e-05
-0.0287	-8.795838055555555e-05
-0.0288	-9.789353055555558e-05
-0.0289	8.27647222222238e-07
-0.029	-0.00022062197222222222
-0.0291	0.0001558422805555556
-0.0292	-8.899327222222221e-05
-0.0293	5.443111111111113e-05
-0.0294	-0.0002015806111111111
-0.0295	2.6076666666666667e-05
-0.0296	-3.083766666666666e-05
-0.0297	0.00019992493611111105
-0.0298	-0.0003625966444444445
-0.0299	-0.00026222029999999996
-0.03	-0.00024318007499999998
-0.0301	0.0003253435944444445
-0.0302	9.582350555555553e-05
-0.0303	0.00011113884055555553
-0.0304	8.361276666666666e-05
-0.0305	-2.359340833333332e-05
-0.0306	-0.00025849517500000003
-0.0307	3.3735027777777774e-05
-0.0308	6.539997222222223e-05
-0.0309	-0.00036756427777777774
-0.031	-8.464761111111111e-05
-0.0311	-5.0291611111111114e-05
-0.0312	-5.132672222222223e-05
-0.0313	-0.00015915383333333331
-0.0314	-0.00028270983333333335
-0.0315	-7.243575000000001e-06
-0.0316	-0.00022517425
-0.0317	0.0001032738888888889
-0.0318	0.00019909690944444443
-0.0319	-0.00013493915277777778
-0.032	-6.001866666666667e-05
-0.0321	0.0001328693027777778
-0.0322	-0.0002046851388888889
-0.0323	6.208000000000046e-07
-0.0324	5.298233333333335e-05
-0.0325	0.00013348993444444447
-0.0326	-0.00020592680555555552
-0.0327	1.6557055555555576e-05
-0.0328	-8.278611111111212e-07
-0.0329	-0.00020944541666666672
-0.033	0.0002806401944444444
-0.0331	-3.932297222222232e-06
-0.0332	-6.850422222222221e-05
-0.0333	0.00011093183333333331
-0.0334	-0.00025414919444444444
-0.0335	-0.0004596623055555556
-0.0336	-0.00010575733333333333
-0.0337	1.82126861111111e-05
-0.0338	-0.00021461913888888887
-0.0339	-0.0001165197222222222
-0.034	0.00010886211111111109
-0.0341	6.33307222222222e-05
-0.0342	-0.00013369755555555553
-0.0343	-0.00022144888888888888
-0.0344	-0.00016556954722222222
-0.0345	-0.00010161775000000001
-0.0346	-3.994394444444444e-05
-0.0347	-0.00030195729722222225
-0.0348	-0.00018647219444444446
-0.0349	-0.00011258727777777779
-0.035	-0.00027153413888888887
-0.0351	5.505188888888887e-05
-0.0352	-0.00011175941666666666
-0.0353	-0.00019826916666666663
-0.0354	9.582291666666666e-05
-0.0355	-0.00035825052777777776
-0.0356	0.00022807177777777778
-0.0357	-0.00035742311111111114
-0.0358	9.727252777777792e-06
-0.0359	0.00020675468055555556
-0.036	-5.215450000000002e-05
-0.0361	-0.00015460044444444443
-0.0362	-4.677307777777779e-05
-0.0363	-3.7252974999999995e-05
-0.0364	-0.00010803380555555556
-0.0365	4.7601333333333335e-05
-0.0366	-7.264358333333334e-05
-0.0367	-8.609624999999999e-05
-0.0368	-0.00031789325
-0.0369	-8.713086111111112e-05
-0.037	4.304802777777778e-05
-0.0371	-8.175002222222224e-05
-0.0372	-0.00026408330555555555
-0.0373	0.0001738479722222222
-0.0374	-0.00011320787888888889
-0.0375	-0.00045138366666666667
-0.0376	0.0001392854083333333
-0.0377	-0.0002450430083333333
-0.0378	1.9868027777777793e-05
-0.0379	-0.00034479784444444437
-0.038	-0.00015377242222222224
-0.0381	-9.230485833333333e-05
-0.0382	-0.00017674518055555552
-0.0383	-6.146738055555557e-05
-0.0384	2.7732777777777772e-05
-0.0385	-0.0003387965
-0.0386	-0.00024752597222222223
-0.0387	-0.00011320816666666668
-0.0388	9.168414166666666e-05
-0.0389	0.00011879586111111109
-0.039	-4.470357222222221e-05
-0.0391	-0.0002516654694444445
-0.0392	-0.00015190952777777777
-0.0393	7.450627777777777e-05
-0.0394	4.142777777777842e-07
-0.0395	7.036702777777777e-05
-0.0396	-0.00017881497222222226
-0.0397	-8.402627777777779e-05
-0.0398	9.230508333333332e-05
-0.0399	2.7939472222222217e-05
-0.04	-0.0001425965861111111
-0.0401	2.6904972222222146e-06
-0.0402	7.450629444444445e-05
-0.0403	-0.00013100683333333333
-0.0404	3.5597555555555544e-05
-0.0405	-0.00027877749722222223
-0.0406	-9.519861111111097e-06
-0.0407	-8.423352777777778e-05
-0.0408	0.0001382505777777778
-0.0409	-0.00013700860833333335
-0.041	-7.885224999999999e-05
-0.0411	1.01411638888889e-05
-0.0412	-0.00026242763888888887
-0.0413	-3.1045388888888917e-06
-0.0414	-0.00023117605555555555
-0.0415	-0.00029160895277777774
-0.0416	-2.545613055555554e-05
-0.0417	3.3114027777777774e-05
-0.0418	-0.00017550388055555567
-0.0419	2.6077194444444424e-05
-0.042	-2.69022222222224e-06
-0.0421	9.665136111111113e-05
-0.0422	-1.3452472222222235e-05
-0.0423	-1.4487111111111106e-05
-0.0424	-7.243611111111117e-06
-0.0425	2.1110101111111104e-05
-0.0426	-0.00011879592777777777
-0.0427	-0.000221656075
-0.0428	-5.650071944444447e-05
-0.0429	0.00020634075277777778
-0.043	-0.0001080338888888889
-0.0431	0.00012252144444444444
-0.0432	-4.6566555555555547e-05
-0.0433	-1.3659444444444452e-05
-0.0434	-4.6566805555555544e-05
-0.0435	6.126063888888889e-05
-0.0436	-3.9736825e-05
-0.0437	4.760249999999994e-06
-0.0438	-2.6077166666666668e-05
-0.0439	-0.00014342463888888888
-0.044	7.864525000000001e-05
-0.0441	0.00024069659444444442
-0.0442	-0.00011714055555555555
-0.0443	-7.347166666666666e-05
-0.0444	-0.00021337731388888892
-0.0445	6.291653333333333e-05
-0.0446	-0.00015253080555555556
-0.0447	4.097827777777778e-05
-0.0448	0.0002524931944444444
-0.0449	1.221048333333332e-05
-0.045	7.388516666666669e-05
-0.0451	-0.00015977418333333333
-0.0452	0.00012272827777777776
-0.0453	-1.531498888888889e-05
-0.0454	0.0002676012861111111
-0.0455	-7.533377777777775e-05
-0.0456	-0.00019785547222222216
-0.0457	-0.00013576669444444444
-0.0458	3.7253055555555376e-06
-0.0459	-1.4694472222222214e-05
-0.046	7.160880555555554e-05
-0.0461	-9.064936111111111e-05
-0.0462	6.78836611111111e-05
-0.0463	-0.00027422426
-0.0464	6.167452222222222e-05
-0.0465	6.664183611111113e-05
-0.0466	7.347148055555554e-05
-0.0467	0.00011196611111111112
-0.0468	-9.189092777777777e-05
-0.0469	-0.0003416943888888889
-0.047	0.00010079008333333337
-0.0471	-0.00018129863888888893
-0.0472	-0.00021627513888888887
-0.0473	2.6905388888888866e-05
-0.0474	-1.0348144444444444e-05
-0.0475	-4.09782777777778e-05
-0.0476	-0.000147149925
-0.0477	7.326405555555557e-05
-0.0478	-4.491119444444445e-05
-0.0479	-4.5738574999999994e-05
-0.048	-0.00028333064722222225
-0.0481	7.202294166666665e-05
-0.0482	0.00036301066666666673
-0.0483	-1.6143222222222236e-05
-0.0484	-7.926625000000001e-05
-0.0485	-0.0001483913527777778
-0.0486	-4.718726000000001e-05
-0.0487	0.0001419757222222222
-0.0488	-7.347155555555554e-05
-0.0489	-4.6359469444444446e-05
-0.049	-0.00014197571666666668
-0.0491	0.00012831618444444445
-0.0492	0.0002427658055555556
-0.0493	-0.0003385891527777778
-0.0494	-0.00030444044444444447
-0.0495	0.0003214116388888889
-0.0496	0.00010410211111111108
-0.0497	-0.00019061183333333336
-0.0498	-0.00010534388888888888
-0.0499	0.0002365578611111111
-0.05	5.587966666666666e-05
-0.0501	5.981165555555554e-05
-0.0502	2.0489277777777766e-05
-0.0503	-6.974611111111111e-05
-0.0504	-0.00019723435555555558
-0.0505	-0.00014135494444444442
-0.0506	0.0001626720277777778
-0.0507	-0.00016743236111111108
-0.0508	-8.609641666666663e-05
-0.0509	-4.035764722222219e-05
-0.051	0.00019537180555555557
-0.0511	5.381249999999998e-06
-0.0512	0.0002100658611111111
-0.0513	-0.000125211875
-0.0514	3.0423405555555535e-05
-0.0515	0.00010803416666666666
-0.0516	-2.4835624999999998e-05
-0.0517	0.00016556980555555554
-0.0518	-0.0001411476388888889
-0.0519	-7.947360166666666e-05
-0.052	0.00028602145277777785
-0.0521	1.6763361111111125e-05
-0.0522	-0.00021979274166666668
-0.0523	8.33333333311037e-11
-0.0524	0.0001496331388888889
-0.0525	7.222955555555555e-05
-0.0526	-5.629366666666667e-05
-0.0527	7.347156388888889e-05
-0.0528	0.0002762939166666666
-0.0529	3.08373611111111e-05
-0.053	5.650038888888889e-05
-0.0531	-8.278472222222221e-06
-0.0532	0.0001351460166666667
-0.0533	0.00013121409444444445
-0.0534	0.00021151480555555552
-0.0535	-1.4487499999999846e-06
-0.0536	3.828816666666667e-05
-0.0537	0.0003189280083333333
-0.0538	0.000207583
-0.0539	0.00018274749999999998
-0.054	0.00022062100277777776
-0.0541	0.00015273797222222223
-0.0542	-4.0771555555555545e-05
-0.0543	-0.0002040643527777778
-0.0544	0.00014466611111111112
-0.0545	8.174980555555555e-05
-0.0546	-0.00018957708333333333
-0.0547	0.0002934718611111111
-0.0548	0.00013845755555555556
-0.0549	0.0002897462138888889
-0.055	8.526797222222221e-05
-0.0551	-5.1326694444444436e-05
-0.0552	-0.00012479816666666668
-0.0553	0.0002587020444444444
-0.0554	7.492030555555554e-05
-0.0555	0.00017115753888888888
-0.0556	0.00016846703611111112
-0.0557	-0.000325550925
-0.0558	-8.27847861111111e-05
-0.0559	-0.0001316276666666667
-0.056	-8.423360277777778e-05
-0.0561	0.0002061336388888889
-0.0562	-8.878646222222221e-05
-0.0563	-5.857033333333333e-05
-0.0564	6.436530555555556e-05
-0.0565	7.429933333333335e-05
-0.0566	-9.540955555555557e-05
-0.0567	5.73283833333333e-05
-0.0568	-0.0001721923138888889
-0.0569	-1.4492777777777766e-06
-0.057	-0.0002084103055555556
-0.0571	-0.00033238019444444445
-0.0572	-3.0009508333333333e-05
-0.0573	-0.00016618999166666666
-0.0574	0.00017157116666666666
-0.0575	4.1403055555555066e-07
-0.0576	-3.0216416666666657e-05
-0.0577	4.987798333333333e-05
-0.0578	-6.126077777777776e-05
-0.0579	-3.5390333333333346e-05
-0.058	-9.064905277777779e-05
-0.0581	0.00010637816666666669
-0.0582	8.837322222222225e-05
-0.0583	-0.00012541893055555554
-0.0584	1.7591769444444434e-05
-0.0585	0.00032886233333333334
-0.0586	-6.415888888888901e-06
-0.0587	2.669817499999999e-05
-0.0588	0.00015397928888888888
-0.0589	2.0282444444444443e-05
-0.059	-0.00015211691944444443
-0.0591	2.483377777777771e-06
-0.0592	-0.00013452508333333332
-0.0593	-0.0002156543788888889
-0.0594	-0.0001537728444444444
-0.0595	7.036841666666633e-06
-0.0596	0.0001328695
-0.0597	0.0001233487777777778
-0.0598	5.7742388888888896e-05
-0.0599	-0.00020551305555555554
-0.06	0.00012521215555555553
-0.0601	-0.00018005694444444442
-0.0602	1.428041666666666e-05
-0.0603	-6.995293055555556e-05
-0.0604	7.512740555555554e-05
-0.0605	-4.118519722222222e-05
-0.0606	0.00033424325
-0.0607	9.002781111111111e-05
-0.0608	-0.00012210758333333334
-0.0609	5.298251388888888e-05
-0.061	0.00010265280555555555
-0.0611	-0.00022082841666666664
-0.0612	3.0009694444444447e-05
-0.0613	7.781749166666664e-05
-0.0614	-7.657369444444429e-06
-0.0615	0.00013473198055555556
-0.0616	9.08561111111111e-05
-0.0617	0.00014508019166666668
-0.0618	0.00011920999999999998
-0.0619	0.00024152441666666662
-0.062	-0.00013556013611111108
-0.0621	-4.635913611111113e-05
-0.0622	-0.00011382872222222223
-0.0623	-9.271883333333332e-05
-0.0624	-3.849477777777775e-05
-0.0625	-0.00030651033333333334
-0.0626	-0.00017032927777777776
-0.0627	-8.09223611111111e-05
-0.0628	-0.00014611505277777777
-0.0629	8.506116944444444e-05
-0.063	0.00017364068055555554
-0.0631	7.657491666666662e-06
-0.0632	-5.7121413888888884e-05
-0.0633	2.8353824999999998e-05
-0.0634	-0.00012045137777777776
-0.0635	0.0001668110833333333
-0.0636	0.00021048005555555558
-0.0637	1.1382990000000005e-05
-0.0638	3.000935277777779e-05
-0.0639	5.525869444444444e-05
-0.064	0.0003298967222222222
-0.0641	-0.0001928883888888889
-0.0642	0.0001109313888888889
-0.0643	-0.00026801562777777776
-0.0644	9.623702777777779e-05
-0.0645	0.00012479820277777777
-0.0646	1.3452555555555552e-05
-0.0647	9.499574999999999e-05
-0.0648	-0.00014094141666666667
-0.0649	0.0002622204166666667
-0.065	-0.00018957745833333335
-0.0651	0.00035556058333333334
-0.0652	0.00018771475000000002
-0.0653	0.00023324589722222223
-0.0654	0.00014611444722222218
-0.0655	4.7807972222222215e-05
-0.0656	-0.00011569175000000001
-0.0657	0.00018647256388888884
-0.0658	0.00025187211111111113
-0.0659	0.00010555023055555555
-0.066	-3.104388888888891e-06
-0.0661	6.643447222222226e-05
-0.0662	0.0001610163055555555
-0.0663	-9.540941666666667e-05
-0.0664	-0.00014301119444444445
-0.0665	0.00014425233333333333
-0.0666	-3.7046222222222216e-05
-0.0667	3.704583333333333e-05
-0.0668	0.00017902208333333332
-0.0669	8.423337777777776e-05
-0.067	1.014105277777777e-05
-0.0671	-0.00010285986111111113
-0.0672	-4.2427305555555554e-05
-0.0673	0.00024462844444444445
-0.0674	-0.0001676392527777778
-0.0675	1.6556944444444443e-05
-0.0676	-7.781772222222219e-05
-0.0677	1.1382833333333322e-05
-0.0678	-0.00010865466666666669
-0.0679	6.87116111111111e-05
-0.068	-0.0001750894722222222
-0.0681	4.366899166666667e-05
-0.0682	0.00011589883333333332
-0.0683	1.7384888888888895e-05
-0.0684	-3.1043249999999955e-06
-0.0685	0.00015087508333333334
-0.0686	-8.899444444444432e-06
-0.0687	0.00011341480833333334
-0.0688	0.00018026363888888887
-0.0689	3.9943647222222214e-05
-0.069	5.132647222222222e-05
-0.0691	0.00011548458611111112
-0.0692	9.582319444444441e-05
-0.0693	0.00019764855555555555
-0.0694	-4.139240833333333e-05
-0.0695	-1.1175758333333336e-05
-0.0696	1.7592219444444434e-05
-0.0697	0.00019785531944444446
-0.0698	0.00012707447222222223
-0.0699	0.00021689602777777783
-0.07	2.9595655555555546e-05
-0.0701	3.0423261111111096e-05
-0.0702	6.829297222222221e-06
-0.0703	-0.00018647250000000003
-0.0704	0.00012190055555555556
-0.0705	0.00020282251111111108
-0.0706	0.00022993449999999998
-0.0707	0.00019951095555555555
-0.0708	0.00028912525
-0.0709	6.291675e-05
-0.071	5.4430916666666644e-05
-0.0711	0.00010637823055555554
-0.0712	-7.94735555555556e-05
-0.0713	-5.587942500000001e-05
-0.0714	-0.0002746381388888889
-0.0715	-0.0001514959638888889
-0.0716	0.0001276956111111111
-0.0717	9.809986111111111e-05
-0.0718	0.00014756402777777778
-0.0719	0.0001247976388888889
-0.072	-8.092211111111112e-05
-0.0721	0.00012541885277777778
-0.0722	0.00017426180555555552
-0.0723	0.00012707474999999998
-0.0724	0.00011134461111111112
-0.0725	2.111002777777778e-05
-0.0726	9.934116666666668e-05
-0.0727	0.00022517418888888887
-0.0728	-0.0002115145277777778
-0.0729	0.00011362217500000002
-0.073	0.00010223935277777774
-0.0731	3.3113777777777756e-05
-0.0732	0.00010306716666666667
-0.0733	6.211472222222153e-07
-0.0734	-0.0002462848333333333
-0.0735	2.2558416666666688e-05
-0.0736	-4.491075e-05
-0.0737	-2.111024722222222e-05
-0.0738	6.6229916666666674e-06
-0.0739	0.0001877139138888889
-0.074	6.3122825e-05
-0.0741	0.00014590822222222222
-0.0742	0.00011279405555555552
-0.0743	-0.00016950189166666665
-0.0744	9.851375000000001e-05
-0.0745	3.932269166666668e-05
-0.0746	1.759191666666666e-05
-0.0747	5.3395944444444444e-05
-0.0748	-2.4628305555555564e-05
-0.0749	4.03573611111111e-05
-0.075	0.00018171238888888892
-0.0751	2.5249249999999995e-05
-0.0752	-6.829416666666638e-06
-0.0753	0.00017571063888888885
-0.0754	0.00010886177777777774
-0.0755	4.5531627777777775e-05
-0.0756	2.13171111111111e-05
-0.0757	6.146791666666664e-05
-0.0758	2.2145073333333325e-05
-0.0759	-4.222018611111111e-05
-0.076	-7.429908333333335e-05
-0.0761	7.533386111111112e-05
-0.0762	0.00014984058333333334
-0.0763	0.00023034886111111108
-0.0764	0.00014735691666666666
-0.0765	-0.00020323627777777775
-0.0766	0.00012107241666666666
-0.0767	-0.00023407363888888888
-0.0768	-0.00010265305555555554
-0.0769	6.705541666666664e-05
-0.077	0.00023386655555555555
-0.0771	-0.0001469428638888889
-0.0772	-2.5870083333333335e-05
-0.0773	-2.3179305555555558e-05
-0.0774	7.305705555555553e-05
-0.0775	4.056419444444443e-05
-0.0776	0.0002069619722222222
-0.0777	-6.457195277777779e-05
-0.0778	-3.311386111111111e-05
-0.0779	0.00011672669444444443
-0.078	5.318912777777777e-05
-0.0781	0.00015191016944444445
-0.0782	9.582312111111111e-05
-0.0783	-3.9322713888888875e-05
-0.0784	4.242766666666668e-05
-0.0785	-8.071497777777777e-05
-0.0786	-9.002861111111111e-05
-0.0787	-0.0001740545138888889
-0.0788	0.00024214471222222222
-0.0789	4.884324444444444e-05
-0.079	-0.00010555059166666667
-0.0791	5.960492222222222e-05
-0.0792	-6.726233055555555e-05
-0.0793	3.021647222222223e-05
-0.0794	2.9388611111111104e-05
-0.0795	-5.898433333333334e-05
-0.0796	8.278436111111099e-06
-0.0797	4.3455277777777884e-06
-0.0798	7.533417611111111e-05
-0.0799	0.00019619998055555552
-0.08	0.00019826944444444449
-0.0801	0.00013080033333333333
-0.0802	0.00012562541666666667
-0.0803	7.140183499999999e-05
-0.0804	0.0002887116111111111
-0.0805	0.0001229350361111111
-0.0806	7.222966666666666e-05
-0.0807	0.0003363126416666667
-0.0808	1.5936000000000005e-05
-0.0809	-8.402608333333331e-05
-0.081	4.6979916666666664e-05
-0.0811	9.085613888888889e-05
-0.0812	5.898358333333333e-05
-0.0813	7.140191666666665e-05
-0.0814	0.0002918162277777778
-0.0815	4.2013861111111106e-05
-0.0816	-7.719710833333334e-05
-0.0817	3.725288888888889e-05
-0.0818	6.933227777777777e-05
-0.0819	9.934154722222222e-05
-0.082	2.8767444444444427e-05
-0.0821	-9.064910555555555e-05
-0.0822	0.00011796825555555555
-0.0823	1.862650833333333e-05
-0.0824	0.00019164647222222222
-0.0825	6.229553055555556e-05
-0.0826	3.2286352777777784e-05
-0.0827	0.000130593
-0.0828	0.00014673588055555552
-0.0829	-4.8842999999999986e-05
-0.083	-0.00020199525000000004
-0.0831	0.00044186338888888894
-0.0832	-0.00013969913888888888
-0.0833	4.760105555555556e-05
-0.0834	2.566316388888887e-05
-0.0835	5.0912536111111115e-05
-0.0836	2.9388583333333332e-05
-0.0837	0.00020675473055555552
-0.0838	7.864555555555577e-06
-0.0839	1.3038416666666677e-05
-0.084	-4.656619444444442e-05
-0.0841	-1.8212630555555562e-05
-0.0842	0.0002061338611111111
-0.0843	0.0002249672222222222
-0.0844	-2.8560861111111115e-05
-0.0845	-7.305761111111109e-05
-0.0846	5.650052777777778e-05
-0.0847	6.829708333333336e-05
-0.0848	3.9529749999999985e-05
-0.0849	7.802441666666669e-05
-0.085	0.0002818816972222222
-0.0851	-7.098797222222222e-05
-0.0852	-0.0001579114166666667
-0.0853	9.29258611111111e-05
-0.0854	2.4007297222222236e-05
-0.0855	1.924765277777779e-05
-0.0856	0.00018316066666666664
-0.0857	0.0002431799166666666
-0.0858	0.00014735663888888883
-0.0859	0.00012107243611111111
-0.086	-0.00011444972222222221
-0.0861	4.140749999999968e-07
-0.0862	0.00014321744444444444
-0.0863	0.00012045191666666669
-0.0864	0.00031271933333333336
-0.0865	-6.333027777777778e-05
-0.0866	0.00019330241666666668
-0.0867	-8.154316666666666e-05
-0.0868	0.0002555980277777778
-0.0869	-2.752633333333333e-05
-0.087	5.4637708333333346e-05
-0.0871	-0.00015604924999999996
-0.0872	0.0002181373888888889
-0.0873	9.996246388888888e-05
-0.0874	0.00024442194722222225
-0.0875	9.809986111111112e-05
-0.0876	-7.968022222222221e-05
-0.0877	4.532425000000002e-05
-0.0878	2.2766111111111138e-05
-0.0879	-1.4487083333333331e-06
-0.088	0.00018502405555555557
-0.0881	-0.00011527791666666667
-0.0882	8.77517222222222e-05
-0.0883	0.0002038572138888889
-0.0884	2.545619444444445e-05
-0.0885	7.181544444444443e-05
-0.0886	1.697119444444444e-05
-0.0887	0.00011589836111111109
-0.0888	-8.154333333333332e-05
-0.0889	6.6228e-05
-0.089	8.899527777777784e-06
-0.0891	0.0001471497777777778
-0.0892	3.373480555555557e-05
-0.0893	0.00012065864722222222
-0.0894	6.415819722222221e-05
-0.0895	-6.539969444444444e-05
-0.0896	-5.174027777777776e-05
-0.0897	0.00011444963888888887
-0.0898	0.000193095725
-0.0899	-1.3452138888888887e-05
-0.09	0.0001653621888888889
-0.0901	0.00010762019722222221
-0.0902	0.00017219227777777777
-0.0903	3.33211111111111e-05
-0.0904	2.6490944444444446e-05
-0.0905	-0.00012624613888888889
-0.0906	-2.2972838888888903e-05
-0.0907	0.00016018858333333337
-0.0908	-7.45069444444444e-06
-0.0909	-7.905911944444444e-05
-0.091	0.00015211670277777778
-0.0911	-2.1937777777777767e-05
-0.0912	0.0001461150222222222
-0.0913	6.353722222222222e-05
-0.0914	-0.00019164653611111109
-0.0915	0.0002653247305555555
-0.0916	5.815569444444443e-05
-0.0917	9.727333333333348e-06
-0.0918	0.00019516516666666665
-0.0919	-7.243652777777779e-05
-0.092	0.00011776136111111109
-0.0921	0.00022538133333333335
-0.0922	4.44969277777778e-05
-0.0923	-7.492025000000001e-05
-0.0924	7.222961111111111e-05
-0.0925	6.167426388888888e-05
-0.0926	3.3112611111110918e-06
-0.0927	0.00035783672222222223
-0.0928	0.0002789849805555556
-0.0929	-0.000119831
-0.093	0.00028208880555555553
-0.0931	6.208830555555553e-05
-0.0932	-0.00012334905555555557
-0.0933	-1.7591472222222237e-05
-0.0934	-0.00015874013888888888
-0.0935	5.2361241666666675e-05
-0.0936	-6.0018941666666674e-05
-0.0937	7.67826388888889e-05
-0.0938	0.00020613358333333335
-0.0939	-6.353730833333332e-05
-0.094	0.0002769151111111111
-0.0941	-2.5870388888888904e-05
-0.0942	-9.458141666666666e-05
-0.0943	0.00026180669444444445
-0.0944	5.794919444444446e-05
-0.0945	8.277777777777746e-07
-0.0946	-8.381952777777774e-05
-0.0947	7.926616944444447e-05
-0.0948	0.00020158052777777778
-0.0949	0.00018336767777777773
-0.095	9.333987888888892e-05
-0.0951	0.0001428036388888889
-0.0952	5.89846388888889e-05
-0.0953	0.00015004691666666662
-0.0954	0.00018792111111111113
-0.0955	0.0004259270833333333
-0.0956	-5.463779555555555e-05
-0.0957	7.988685111111109e-05
-0.0958	4.5531888888888895e-05
-0.0959	0.00012583272222222222
-0.096	-4.0564e-05
-0.0961	0.0002514585972222222
-0.0962	-2.3593249999999996e-05
-0.0963	0.00017860769444444445
-0.0964	4.760098611111112e-05
-0.0965	-8.17496388888889e-05
-0.0966	7.119491666666667e-05
-0.0967	-0.00013204166666666667
-0.0968	-5.4637750000000004e-05
-0.0969	0.00017281317499999997
-0.097	5.2154083333333326e-05
-0.0971	-0.0001080339166666667
-0.0972	7.843888055555556e-05
-0.0973	-4.904986111111109e-05
-0.0974	0.0004101980805555555
-0.0975	-5.795019444444448e-06
-0.0976	-4.6152388888888887e-05
-0.0977	4.38758888888889e-05
-0.0978	2.4007416666666687e-05
-0.0979	0.0001767455861111111
-0.098	0.00020282255555555554
-0.0981	0.0002320041388888889
-0.0982	6.705588888888889e-05
-0.0983	4.077153055555558e-05
-0.0984	0.00011817511111111113
-0.0985	0.00023407336111111107
-0.0986	-0.00010244578333333334
-0.0987	0.0003592854166666666
-0.0988	-0.00013369714166666668
-0.0989	8.692424999999999e-05
-0.099	-0.0001744686388888889
-0.0991	6.229560277777776e-05
-0.0992	0.00010223903055555556
-0.0993	-3.518277777777788e-06
-0.0994	3.0009555555555535e-05
-0.0995	2.0694277777777714e-06
-0.0996	-0.00013680177500000003
-0.0997	1.5729127777777767e-05
-0.0998	0.00021379116666666662
-0.0999	7.843850000000002e-05
-0.1	0.00011175945555555556
-0.1001	8.857963888888886e-05
-0.1002	-8.092231666666667e-05
-0.1003	0.00015046108333333332
-0.1004	-8.671708333333333e-05
-0.1005	0.0001438383611111111
-0.1006	0.00016660416388888886
-0.1007	7.347169444444444e-05
-0.1008	0.00012893700833333335
-0.1009	-5.381150000000002e-06
-0.101	0.00027256865
-0.1011	0.000199925
-0.1012	-1.1175833333333329e-05
-0.1013	0.00015646313888888888
-0.1014	0.0003224468888888889
-0.1015	-7.492002777777777e-05
-0.1016	0.00016474144444444442
-0.1017	-8.857930277777778e-05
-0.1018	0.0003383824166666667
-0.1019	0.0003396241388888889
-0.102	0.00022827877499999996
-0.1021	-0.0001287300972222222
-0.1022	0.0002893320277777778
-0.1023	-2.214491666666668e-05
-0.1024	-2.5249500000000006e-05
-0.1025	0.00024152439722222225
-0.1026	0.00012024533333333333
-0.1027	7.202261111111109e-05
-0.1028	-1.4693999999999992e-05
-0.1029	0.0001105175
-0.103	0.00023428088888888886
-0.1031	4.1398222222222e-07
-0.1032	0.0001935094722222222
-0.1033	0.00016536270444444446
-0.1034	0.0002516655833333333
-0.1035	3.518436111111106e-06
-0.1036	-0.00012231416666666666
-0.1037	2.359363888888888e-05
-0.1038	0.00012583271666666667
-0.1039	5.2568233333333336e-05
-0.104	0.00019516452499999997
-0.1041	3.35281388888889e-05
-0.1042	0.00022641608333333333
-0.1043	5.38122222222223e-06
-0.1044	2.1316972222222224e-05
-0.1045	0.00010016966666666665
-0.1046	0.0001912324166666667
-0.1047	7.988697222222224e-05
-0.1048	3.663222777777777e-05
-0.1049	3.2493037777777775e-05
-0.105	-6.436480555555554e-05
-0.1051	0.00015273783333333337
-0.1052	0.00013162790277777776
-0.1053	2.6284111111111114e-05
-0.1054	-0.0002932642083333333
-0.1055	-8.444032499999999e-05
-0.1056	0.00019081858333333334
-0.1057	-8.133599999999998e-05
-0.1058	-8.319816388888891e-05
-0.1059	0.00023138322222222225
-0.106	0.00031913490833333335
-0.1061	6.0225683333333305e-05
-0.1062	0.00011010327777777776
-0.1063	-3.766694444444443e-05
-0.1064	0.0001939230277777778
-0.1065	0.00024794038888888885
-0.1066	7.678272222222218e-05
-0.1067	-5.256811111111111e-05
-0.1068	-0.0001076203888888889
-0.1069	5.381055555555549e-06
-0.107	0.000105136425
-0.1071	6.457184444444447e-05
-0.1072	0.00015066800277777778
-0.1073	0.00012603977777777777
-0.1074	0.0003938478805555555
-0.1075	7.947300833333333e-05
-0.1076	0.00017798693444444444
-0.1077	2.442169444444445e-05
-0.1078	0.0001850235833333333
-0.1079	-2.2144916666666665e-05
-0.108	0.0001425965833333333
-0.1081	0.00023366022222222224
-0.1082	-2.2351958333333313e-05
-0.1083	0.00012065841944444444
-0.1084	4.532472222222223e-05
-0.1085	3.932255555555554e-05
-0.1086	0.00010617166944444446
-0.1087	4.718763888888889e-05
-0.1088	-0.00031644377777777775
-0.1089	7.471306388888888e-05
-0.109	0.00012210750000000002
-0.1091	0.0002553910888888889
-0.1092	0.0002450423638888889
-0.1093	0.0002001321944444444
-0.1094	2.0075522222222216e-05
-0.1095	0.00010099745277777776
-0.1096	-0.00014383854166666665
-0.1097	-3.849473055555555e-05
-0.1098	8.299141499999997e-05
-0.1099	-1.7178063888888887e-05
-0.11	0.00024028219444444446
-0.1101	0.0001378366027777778
-0.1102	0.00017674466666666667
-0.1103	9.0234875e-05
-0.1104	0.00027794927777777777
-0.1105	0.00019744147222222223
-0.1106	4.387625833333334e-05
-0.1107	-0.00021648216666666668
-0.1108	0.0003085800555555556
-0.1109	0.00040543882500000005
-0.111	-1.4486388888888777e-06
-0.1111	-0.00015211669444444443
-0.1112	0.00022351872222222226
-0.1113	6.126024722222225e-05
-0.1114	0.00029595522222222227
-0.1115	7.078066666666668e-05
-0.1116	0.00023697075000000001
-0.1117	6.726263888888888e-05
-0.1118	0.00023303919444444445
-0.1119	0.0002742241138888888
-0.112	-0.00010886174166666667
-0.1121	2.7939433333333342e-05
-0.1122	0.0002959552027777778
-0.1123	0.000374600925
-0.1124	6.622944444444439e-06
-0.1125	8.361263055555556e-05
-0.1126	0.00031934174999999993
-0.1127	1.0761955555555556e-05
-0.1128	0.0003398311666666666
-0.1129	0.00031892808333333335
-0.113	-0.00018067780555555552
-0.1131	0.00021979302777777775
-0.1132	0.00011838172499999997
-0.1133	5.339623611111111e-05
-0.1134	0.00018440322222222226
-0.1135	0.00011175933888888889
-0.1136	0.00014156208333333334
-0.1137	-3.3527555555555585e-05
-0.1138	1.4487444444444435e-05
-0.1139	0.00018647249999999998
-0.114	0.0001152772222222222
-0.1141	-2.442128333333334e-05
-0.1142	0.00017653855555555556
-0.1143	0.00017984964888888888
-0.1144	0.00016681098166666664
-0.1145	0.0002738103138888889
-0.1146	-0.00017302000000000005
-0.1147	0.0002104801666666666
-0.1148	9.333956388888888e-05
-0.1149	0.00010637840999999999
-0.115	0.00027670766666666665
-0.1151	8.48545e-05
-0.1152	0.00019909716666666668
-0.1153	0.0002288996138888889
-0.1154	0.00022372544444444447
-0.1155	-5.753536944444445e-05
-0.1156	-9.80999722222222e-05
-0.1157	0.0005130584444444444
-0.1158	0.0001562561388888889
-0.1159	0.0003050614722222222
-0.116	0.00028043311111111105
-0.1161	0.0002506305833333332
-0.1162	0.00014031983888888888
-0.1163	0.0003588718361111111
-0.1164	0.0001444598861111111
-0.1165	0.0002433869333333334
-0.1166	5.277511111111111e-05
-0.1167	0.00037108230555555553
-0.1168	6.353769444444444e-05
-0.1169	6.746933333333332e-05
-0.117	0.00012086573888888886
-0.1171	4.987764166666667e-05
-0.1172	-0.00017032982777777774
-0.1173	-8.423342666666663e-05
-0.1174	0.00012293548055555554
-0.1175	7.781747222222221e-05
-0.1176	-0.00014590811111111113
-0.1177	0.00028022608333333335
-0.1178	0.00020489222222222218
-0.1179	0.0001086549527777778
-0.118	0.00014590797222222224
-0.1181	0.0002429728888888889
-0.1182	0.00016846672777777775
-0.1183	3.704610555555556e-05
-0.1184	8.506111944444447e-05
-0.1185	0.00023841988888888887
-0.1186	4.822176944444443e-05
-0.1187	6.167441666666667e-05
-0.1188	1.6764229444444466e-05
-0.1189	0.0002137915833333333
-0.119	0.00020075263888888882
-0.1191	6.891826666666667e-05
-0.1192	0.00017364122222222222
-0.1193	-9.934152777777775e-05
-0.1194	-5.670694444444446e-05
-0.1195	0.00015522106666666666
-0.1196	0.00010182524999999997
-0.1197	4.5738305555555536e-05
-0.1198	-0.00027070524999999997
-0.1199	1.9868194444444443e-05
-0.12	0.00019433666666666665
-0.1201	0.0001794356555555556
-0.1202	-4.553169444444442e-05
-0.1203	0.00017136391666666668
-0.1204	8.568230555555556e-05
-0.1205	9.582333333333335e-05
-0.1206	-7.388546111111111e-05
-0.1207	1.883306388888889e-05
-0.1208	-1.8629166666666777e-06
-0.1209	-1.5315222222222223e-05
-0.121	9.561627777777779e-05
-0.1211	0.00021710277777777775
-0.1212	0.00024152438611111112
-0.1213	5.6707630555555555e-05
-0.1214	0.00016453430555555556
-0.1215	-0.00011362210277777782
-0.1216	0.0001523239916666667
-0.1217	0.0003294826666666666
-0.1218	0.0001835751388888889
-0.1219	0.00026263488055555553
-0.122	0.0002417309527777777
-0.1221	0.0003042333333333332
-0.1222	7.616169444444446e-05
-0.1223	0.00039053724999999997
-0.1224	0.0001229351111111111
-0.1225	0.00017571052777777768
-0.1226	0.0002268300833333333
-0.1227	0.0002355226972222222
-0.1228	0.00022186222222222226
-0.1229	0.00021896572222222224
-0.123	6.95390277777778e-05
-0.1231	-3.745977777777778e-05
-0.1232	0.00014425230555555554
-0.1233	0.00016598338055555557
-0.1234	0.00011382894166666666
-0.1235	0.0001142428888888889
-0.1236	0.00011113822222222222
-0.1237	2.9802777777777788e-05
-0.1238	3.414880555555556e-05
-0.1239	-0.00012190052777777778
-0.124	0.00027236142499999997
-0.1241	0.00020654763055555554
-0.1242	0.0002179305583333333
-0.1243	3.9321888888888964e-06
-0.1244	0.00035700863055555555
-0.1245	0.0003990228416666667
-0.1246	0.00013059308333333335
-0.1247	0.00023552220277777778
-0.1248	0.0002942993888888889
-0.1249	-3.6217902777777775e-05
-0.125	-4.118522222222224e-05
-0.1251	7.409230833333333e-05
-0.1252	0.0002442150277777778
-0.1253	7.222977777777779e-05
-0.1254	0.0002955413972222222
-0.1255	0.0002613923611111111
-0.1256	0.00028457238888888884
-0.1257	0.00010265277777777783
-0.1258	0.00030340563888888887
-0.1259	0.00020385708611111108
-0.126	0.00015046080555555558
-0.1261	0.0002978177138888889
-0.1262	0.00031830675
-0.1263	0.00019061216666666668
-0.1264	0.0003071308055555556
-0.1265	5.732852777777777e-05
-0.1266	0.0003516278138888888
-0.1267	0.00013700878055555553
-0.1268	0.00011341540833333333
-0.1269	-3.518368055555555e-05
-0.127	0.00015542863055555557
-0.1271	0.0003216185972222222
-0.1272	0.0004267548611111112
-0.1273	0.00031913524999999994
-0.1274	0.00011755463333333331
-0.1275	0.00012748885833333332
-0.1276	0.0002204138527777778
-0.1277	0.00022434658333333338
-0.1278	0.00016225852777777776
-0.1279	0.00025352797222222224
-0.128	1.966119166666666e-05
-0.1281	1.6142972222222253e-05
-0.1282	0.00030940738888888885
-0.1283	-3.952950000000004e-05
-0.1284	0.000167225
-0.1285	0.00034645386111111106
-0.1286	-7.2435361111111074e-06
-0.1287	0.00018026352777777776
-0.1288	9.437463888888888e-05
-0.1289	0.00029450644444444445
-0.129	0.00012873005555555557
-0.1291	-0.0001372158361111111
-0.1292	0.00014052694444444445
-0.1293	5.774235555555556e-05
-0.1294	0.00016908802499999997
-0.1295	0.00015066805555555556
-0.1296	0.00022165594444444446
-0.1297	0.00022186317777777776
-0.1298	0.00016825966666666664
-0.1299	9.706467777777778e-05
-0.13	0.00010120422222222222
-0.1301	0.0004017122222222222
-0.1302	0.00013556005833333335
-0.1303	8.299175277777775e-05
-0.1304	0.00021130805555555552
-0.1305	-0.00025601155555555555
-0.1306	0.0002845723333333334
-0.1307	0.0002421452222222222
-0.1308	2.3800758333333322e-05
-0.1309	0.00016784586111111104
-0.131	7.1608875e-05
-0.1311	-5.5465869444444444e-05
-0.1312	-0.00010099747500000001
-0.1313	0.00029264450000000006
-0.1314	6.519263888888888e-05
-0.1315	6.10535277777778e-05
-0.1316	9.975519444444446e-05
-0.1317	-1.5728999999999998e-05
-0.1318	-9.396080277777778e-05
-0.1319	9.913463888888889e-05
-0.132	0.0002098590277777778
-0.1321	0.00020675508333333335
-0.1322	0.00013721600277777777
-0.1323	0.0003489371111111111
-0.1324	2.1731222222222214e-05
-0.1325	0.00010223915833333335
-0.1326	-4.139280555555556e-05
-0.1327	9.706511111111111e-05
-0.1328	-4.987772222222223e-05
-0.1329	0.0002591163444444444
-0.133	0.00028188149999999995
-0.1331	8.920041666666666e-05
-0.1332	0.00022103508333333328
-0.1333	0.0002591163333333333
-0.1334	0.0002926436666666666
-0.1335	0.00021379163888888888
-0.1336	0.0004056454166666666
-0.1337	0.00023676441666666665
-0.1338	9.727211111111113e-05
-0.1339	-4.9257138888888894e-05
-0.134	5.608669444444445e-05
-0.1341	0.00025373488888888885
-0.1342	-6.333047222222223e-05
-0.1343	0.0002642897472222222
-0.1344	0.00017757325000000002
-0.1345	5.443111111111111e-05
-0.1346	0.00022476041666666665
-0.1347	0.0001142431388888889
-0.1348	0.0003207908416666667
-0.1349	0.00035286975
-0.135	0.00028912555833333334
-0.1351	0.00017322688888888888
-0.1352	0.0001908185416666667
-0.1353	0.00017281288888888887
-0.1354	0.00011341508333333335
-0.1355	1.4694180555555545e-05
-0.1356	0.0001926815277777778
-0.1357	0.00042427150277777784
-0.1358	8.195711111111108e-05
-0.1359	0.00018481705555555553
-0.136	-8.692249999999998e-06
-0.1361	0.0002069617222222222
-0.1362	0.00015666986388888888
-0.1363	0.00034686796666666674
-0.1364	0.00019350913888888888
-0.1365	0.00017012280555555554
-0.1366	1.2418325000000004e-05
-0.1367	9.499552777777777e-05
-0.1368	0.00014901247222222222
-0.1369	-5.608694722222221e-05
-0.137	0.00014383830555555555
-0.1371	-5.2775e-05
-0.1372	8.568291388888889e-05
-0.1373	0.0002108941638888889
-0.1374	0.00020530629722222216
-0.1375	0.00025497730833333335
-0.1376	0.0003317596666666666
-0.1377	-5.546553611111112e-05
-0.1378	0.00010286005555555557
-0.1379	0.00022289769444444447
-0.138	6.208769444444442e-06
-0.1381	0.00010141130555555553
-0.1382	3.601080555555555e-05
-0.1383	0.00021730969444444447
-0.1384	0.00010906915833333334
-0.1385	0.0002568392777777777
-0.1386	0.00028291674999999996
-0.1387	2.545594444444445e-05
-0.1388	0.0004706309138888888
-0.1389	0.00038826016666666666
-0.139	0.00011238027777777774
-0.1391	9.189142666666668e-05
-0.1392	0.00027732883611111104
-0.1393	-6.208999999999999e-06
-0.1394	0.00026180651944444444
-0.1395	0.0002748446333333333
-0.1396	0.00017136405555555557
-0.1397	-5.215438888888889e-05
-0.1398	-2.4628205555555547e-05
-0.1399	0.00013762924444444443
-0.14	0.0003698406305555556
-0.1401	9.520169444444445e-06
-0.1402	0.00013493932499999997
-0.1403	0.00018419553333333331
-0.1404	0.00011796849999999997
-0.1405	0.0001270743583333333
-0.1406	0.00015025433333333332
-0.1407	0.00019682041666666667
-0.1408	-0.00013390441111111112
-0.1409	0.00011093167666666667
-0.141	4.9463638888888886e-05
-0.1411	0.0001529447222222222
-0.1412	3.125134722222222e-05
-0.1413	0.00027215455555555554
-0.1414	0.0004271690277777777
-0.1415	0.00015604930555555553
-0.1416	0.00012169346666666667
-0.1417	0.0001850235277777778
-0.1418	0.00013990585833333337
-0.1419	0.00033258750000000003
-0.142	0.00026470402777777774
-0.1421	-8.485611111111111e-06
-0.1422	0.0002098588611111111
-0.1423	6.788360277777778e-05
-0.1424	0.0003205834722222222
-0.1425	0.0002727756944444445
-0.1426	0.00022931327499999996
-0.1427	3.3527841666666666e-05
-0.1428	0.0002195862222222222
-0.1429	2.7939527777777795e-05
-0.143	-1.841944444444445e-05
-0.1431	7.719678611111111e-05
-0.1432	0.00010203249999999997
-0.1433	0.00019019769444444446
-0.1434	0.0004089563611111111
-0.1435	0.00010016920277777777
-0.1436	0.00013721566666666666
-0.1437	0.00015977450833333333
-0.1438	6.519294722222222e-05
-0.1439	0.00026553212499999995
-0.144	0.0001914399722222222
-0.1441	0.0002500099444444444
-0.1442	0.0002541490833333333
-0.1443	0.00019930426388888888
-0.1444	3.394205555555554e-05
-0.1445	0.0003011294388888889
-0.1446	7.015975e-05
-0.1447	0.0002057199722222222
-0.1448	7.243651111111111e-05
-0.1449	0.00023221044444444444
-0.145	0.00039157166666666665
-0.1451	0.00024359361944444443
-0.1452	0.0004433124722222222
-0.1453	-0.0001721921722222222
-0.1454	0.00019951111111111107
-0.1455	0.00022476016666666664
-0.1456	0.00039219233333333335
-0.1457	0.00020737575000000002
-0.1458	7.823158333333333e-05
-0.1459	0.0003309319166666667
-0.146	1.6763722222222204e-05
-0.1461	-1.1175888888888897e-05
-0.1462	0.00025000974999999997
-0.1463	3.0216472222222222e-05
-0.1464	8.69238611111111e-05
-0.1465	0.0002990594999999999
-0.1466	0.00029098819444444443
-0.1467	0.0002046852527777778
-0.1468	5.173916666666667e-06
-0.1469	0.0005246481944444445
-0.147	0.00020985872222222218
-0.1471	6.188144444444445e-05
-0.1472	0.0002601505
-0.1473	6.353733333333335e-05
-0.1474	0.0003450051111111111
-0.1475	0.00021296394444444449
-0.1476	0.0004793227222222222
-0.1477	0.0005041588333333333
-0.1478	-2.8767944444444428e-05
-0.1479	0.0003412796388888889
-0.148	0.0002500095
-0.1481	0.00037749775999999997
-0.1482	0.00020468504555555555
-0.1483	0.0004224083055555555
-0.1484	0.00011941698055555554
-0.1485	0.00043544766666666663
-0.1486	0.0005600375
-0.1487	0.0002415244166666667
-0.1488	0.0002789841666666667
-0.1489	0.0001688811111111111
-0.149	0.00032699933333333334
-0.1491	2.9802638888888906e-05
-0.1492	0.00025125223611111117
-0.1493	7.347101111111111e-05
-0.1494	1.1382972222222219e-05
-0.1495	0.0002791911888888889
-0.1496	2.566300000000002e-05
-0.1497	0.00011900307499999998
-0.1498	0.00022620930555555558
-0.1499	0.00027877749999999997
-0.15	0.00021213567777777782
-0.1501	0.00019247430555555554
-0.1502	0.0004377236833333333
-0.1503	0.00012127941666666667
-0.1504	0.00022000095444444444
-0.1505	6.353716666666666e-05
-0.1506	0.00016825965666666668
-0.1507	0.0002495961611111111
-0.1508	0.00010658530555555556
-0.1509	0.0002284856083333333
-0.151	2.876781666666666e-05
-0.1511	4.677333333333335e-05
-0.1512	0.00021234227777777774
-0.1513	3.7252655555555586e-06
-0.1514	0.00016329291666666667
-0.1515	0.00022600216666666666
-0.1516	-1.44875361111111e-05
-0.1517	0.000244422
-0.1518	0.00010699919444444446
-0.1519	-9.747906388888887e-05
-0.152	2.8973666666666717e-06
-0.1521	0.00016908766666666664
-0.1522	0.00030837311111111117
-0.1523	0.00011900294444444444
-0.1524	8.816585833333333e-05
-0.1525	3.559728888888889e-05
-0.1526	0.00019599249999999998
-0.1527	-6.0846694444444454e-05
-0.1528	0.00024442182500000005
-0.1529	0.0003257578433333333
-0.153	9.996222222222222e-05
-0.1531	0.0003479028333333333
-0.1532	5.6293516666666676e-05
-0.1533	0.00023945480555555558
-0.1534	1.945407777777777e-05
-0.1535	0.00018585163888888888
-0.1536	0.00031271900000000004
-0.1537	0.0002454562677777778
-0.1538	0.0004327568888888888
-0.1539	0.00022662302777777768
-0.154	0.0003988151566666666
-0.1541	0.00010120445
-0.1542	0.00021503298055555555
-0.1543	0.0004733215277777778
-0.1544	0.00042965241666666665
-0.1545	0.00019764805555555557
-0.1546	0.00018316116666666668
-0.1547	0.00029098816388888884
-0.1548	0.0003592852777777778
-0.1549	0.00027794936111111106
-0.155	0.00029616194444444444
-0.1551	0.00015646277777777776
-0.1552	-2.5456388888888897e-05
-0.1553	1.07621388888889e-05
-0.1554	4.5324502777777767e-05
-0.1555	7.367841666666669e-05
-0.1556	3.2906563888888904e-05
-0.1557	0.0001221074722222222
-0.1558	9.044208333333334e-05
-0.1559	0.00019081895555555557
-0.156	-0.00016205106555555553
-0.1561	9.768561111111111e-05
-0.1562	0.00046462888888888884
-0.1563	0.00022538155555555553
-0.1564	0.00033031058333333335
-0.1565	-0.00019247447222222225
-0.1566	-9.147705555555558e-05
-0.1567	0.0002568393888888889
-0.1568	0.00019288830555555552
-0.1569	0.00023883405555555554
-0.157	-0.00010348106111111112
-0.1571	0.0002653248472222223
-0.1572	0.00012438363888888891
-0.1573	0.00030361275
-0.1574	0.00038722533333333337
-0.1575	-3.849491666666665e-05
-0.1576	0.00015108220555555554
-0.1577	-3.4769511111111115e-05
-0.1578	0.00026387605
-0.1579	0.00011486388888888887
-0.158	0.00028167526944444446
-0.1581	2.0075352777777778e-05
-0.1582	0.00018357494444444446
-0.1583	0.0002148261111111111
-0.1584	0.00010886147333333333
-0.1585	0.00015397948055555555
-0.1586	0.00016453533333333337
-0.1587	9.934324999999974e-06
-0.1588	0.0002562185916666667
-0.1589	0.0001343178611111111
-0.159	0.00010058375
-0.1591	0.00015853258333333332
-0.1592	0.00023759222222222227
-0.1593	0.0001514958111111111
-0.1594	0.0001891629472222222
-0.1595	-0.00018295385833333336
-0.1596	0.0001651554166666667
-0.1597	0.00011838238888888888
-0.1598	0.0003023706583333333
-0.1599	0.0002818815777777777
-0.16	0.0002220700833333333
-0.1601	0.0002882975277777778
-0.1602	0.0003079595555555555
-0.1603	0.00031023586111111103
-0.1604	0.00015460080555555555
-0.1605	9.954896388888887e-05
-0.1606	0.00027774253055555553
-0.1607	0.00023821274722222224
-0.1608	0.00026905033333333333
-0.1609	0.0001376296111111111
-0.161	5.318877777777777e-05
-0.1611	0.00022207013888888888
-0.1612	0.0003377617222222222
-0.1613	0.0001227283611111111
-0.1614	7.512711111111109e-05
-0.1615	0.0002773285305555556
-0.1616	0.00024938875
-0.1617	0.00012252131944444445
-0.1618	-3.91156111111111e-05
-0.1619	0.00017364116666666667
-0.162	0.0001320413111111111
-0.1621	0.0002328317222222222
-0.1622	0.00025663241666666663
-0.1623	0.00017633211111111108
-0.1624	0.00033134541666666664
-0.1625	0.0002560113611111111
-0.1626	0.00020489208333333335
-0.1627	0.00022331133333333328
-0.1628	0.00011838219444444444
-0.1629	8.05082777777778e-05
-0.163	7.429938333333333e-05
-0.1631	0.0002930576666666667
-0.1632	0.00017198547222222228
-0.1633	0.00025766772222222224
-0.1634	0.0002007531416666667
-0.1635	0.0002742242500000001
-0.1636	-1.1176138888888886e-05
-0.1637	0.00016763866666666662
-0.1638	0.00025518344444444444
-0.1639	0.00022476077777777777
-0.164	0.00027505250000000003
-0.1641	6.291645388888887e-05
-0.1642	6.76763888888889e-05
-0.1643	0.0002663596388888889
-0.1644	0.00010161811944444442
-0.1645	0.00015046094444444444
-0.1646	3.0009805555555553e-05
-0.1647	0.00018398866666666667
-0.1648	0.0001504613194444444
-0.1649	8.361269444444444e-05
-0.165	0.00013266219166666667
-0.1651	0.0003199625972222223
-0.1652	0.00039653830555555557
-0.1653	1.3038500000000009e-05
-0.1654	0.0005598316388888888
-0.1655	0.00032058375833333324
-0.1656	0.0002800192777777778
-0.1657	0.0003027855277777778
-0.1658	0.00015977447222222227
-0.1659	0.00031002888888888893
-0.166	0.00021586137111111116
-0.1661	0.0001837817972222223
-0.1662	0.0003303106666666666
-0.1663	0.00018688655555555554
-0.1664	6.022590666666668e-05
-0.1665	0.00017343411111111112
-0.1666	0.00022745075833333336
-0.1667	-1.531569444444444e-05
-0.1668	-6.208850833333333e-05
-0.1669	0.00033031078888888884
-0.167	0.00030402641388888887
-0.1671	0.0004056448611111111
-0.1672	5.567277777777776e-05
-0.1673	-8.340542499999997e-05
-0.1674	-2.7112083333333314e-05
-0.1675	8.920075000000001e-05
-0.1676	8.278572222222222e-06
-0.1677	0.0002760869916666667
-0.1678	0.00023303900999999998
-0.1679	2.9595547222222218e-05
-0.168	-2.7733083333333358e-05
-0.1681	0.00029078077777777776
-0.1682	0.00010679253055555555
-0.1683	0.0002953342777777778
-0.1684	0.0002657391388888889
-0.1685	0.00011796805555555554
-0.1686	0.00018771425000000002
-0.1687	0.00024628472222222223
-0.1688	0.0004271689527777777
-0.1689	0.00019599288888888893
-0.169	1.8005638888888884e-05
-0.1691	0.00017426164444444441
-0.1692	0.0003872245833333333
-0.1693	0.00035556041666666665
-0.1694	-8.526841666666665e-05
-0.1695	0.00020820377777777777
-0.1696	-0.00018129805555555556
-0.1697	-9.975516666666667e-05
-0.1698	6.415819444444445e-05
