Started: March 19, 2024 15:33:27
Initial Temperature (K)	0.0194779
Resistor	1000000.0	Excitation Current (A)	5e-08
Current (A)	Measured Voltage (V)	Resistance (Ohms)
-1.5e-06	0.0002524344730767743	2.3574219999999997
-1.49e-06	-0.001862736158727199	4.145575
-1.48e-06	-0.00012704224832407653	4.08504
-1.47e-06	6.929576087526756e-05	3.3452159999999997
-1.46e-06	0.00017653922102531488	3.996555
-1.4499999999999999e-06	-0.00014519113293956997	2.1897825000000006
-1.44e-06	0.0008249495608657136	3.394695000000001
-1.4299999999999999e-06	-0.000626961715443525	3.418555
-1.42e-06	-0.0004504224820463898	5.00473
-1.4099999999999998e-06	-0.0007820521838773342	3.021576
-1.4e-06	0.0005642654799505247	2.8126100000000003
-1.3899999999999998e-06	0.0016004021515910836	3.4610450000000004
-1.38e-06	0.0017224946888590438	4.65198
-1.37e-06	-0.0008480482367772488	2.9884000000000004
-1.36e-06	-0.0009635410256494467	4.35395
-1.35e-06	0.00036957741220006407	5.183425
-1.34e-06	0.00021283700539944772	3.1601115
-1.33e-06	-0.0012093760201483904	3.1414800000000005
-1.32e-06	0.00044712264452843333	3.0437
-1.31e-06	0.0004586718840596106	3.3452149999999996
-1.3e-06	0.00015344059697242963	2.8248315
-1.29e-06	0.00011384301906248334	3.2090015000000003
-1.28e-06	0.0008232996456582983	3.664775
-1.2700000000000001e-06	0.0005395170321635689	5.068175
-1.26e-06	-0.00046527157638750864	3.8044750000000005
-1.25e-06	-2.1448735118019817e-05	2.5029415
-1.24e-06	0.0010163378072836462	3.5605800000000003
-1.23e-06	-9.734397878270902e-05	4.291675
-1.22e-06	0.0010047885892116573	3.6042400000000008
-1.21e-06	0.0005131185909874115	2.8161009999999997
-1.2e-06	0.00025903414653761353	3.422625
-1.19e-06	0.00029368201842100276	4.864445
-1.18e-06	0.0023313074593326513	4.817295
-1.17e-06	0.00036297785288109616	3.472115
-1.16e-06	-0.0012902210686239716	3.4005145
-1.15e-06	0.00025573435191665844	2.9534749999999996
-1.14e-06	3.794771721347067e-05	3.68864
-1.13e-06	0.0010872835183278397	4.316705
-1.12e-06	0.0008414485413812164	2.84928
-1.11e-06	0.00042072424296614864	4.156045
-1.1e-06	-0.0016498990587553353	3.54894
-1.09e-06	-0.00046527152083703687	3.698535
-1.08e-06	-0.0007952514009600867	4.61415
-1.0700000000000001e-06	-0.000542816788063846	5.01171
-1.06e-06	-0.0007622533553022721	4.16885
-1.0500000000000001e-06	0.001240724062374264	4.723000000000001
-1.04e-06	0.0006632594508928157	4.471535
-1.03e-06	-3.629778142561304e-05	4.28527
-1.02e-06	-0.0005758147673235867	4.83359
-1.01e-06	0.0011285310259276473	4.49657
-1e-06	0.00060056329039149	4.4971499999999995
-9.9e-07	0.0005807644569113823	3.26198
-9.8e-07	-0.002511146393517254	4.25966
-9.7e-07	-0.0013512673015990864	5.046045
-9.6e-07	-0.00040917494549583657	3.42729
-9.499999999999999e-07	0.00041577464921321665	3.4342700000000006
-9.399999999999999e-07	0.0009123941862253587	4.303895
-9.3e-07	0.00016828968064528012	5.11008
-9.200000000000001e-07	0.0005362171833048127	4.96689
-9.100000000000001e-07	-0.0007639032931238254	2.7410134999999998
-9.000000000000001e-07	0.0010757341863236658	4.357445
-8.900000000000001e-07	0.0014172632021953774	3.4825800000000005
-8.8e-07	0.0003431789819943415	3.7049400000000006
-8.7e-07	-0.0006104626403246373	5.8242899999999995
-8.6e-07	-0.0007490541214111047	4.302155
-8.5e-07	-0.0008694967216824962	4.06233
-8.4e-07	-0.002105271093417049	3.75035
-8.3e-07	-0.0008430984176112561	3.033796
-8.2e-07	-0.0014304623741153983	3.42845
-8.1e-07	-0.0014387119374756313	3.891205
-8e-07	-0.0008991950313357889	4.603085
-7.900000000000001e-07	0.0004966195715697542	3.8236800000000004
-7.8e-07	-0.001115331730523507	4.3399849999999995
-7.7e-07	-0.0009866395761244447	2.3323905
-7.6e-07	-0.0021118707756357957	5.43197
-7.5e-07	-0.002021126235816106	4.216
-7.4e-07	3.134808040936227e-05	3.150214
-7.3e-07	-0.0006781084531279613	5.127545
-7.2e-07	0.0019270820698754454	3.606564
-7.1e-07	-0.0024698987081513257	3.672335
-7e-07	-0.0008265993952306705	3.1705840000000003
-6.9e-07	0.0007441044411780494	4.1612849999999995
-6.8e-07	0.0022785104559965817	3.2125000000000004
-6.699999999999999e-07	0.0005098187747827888	4.52625
-6.6e-07	-0.0009140440550823978	2.9825704999999996
-6.5e-07	-0.0004751708859683447	3.39411
-6.4e-07	-0.0012374242222547122	5.030335
-6.3e-07	0.001268772317444794	4.152555
-6.2e-07	0.0010905833166202745	3.8871350000000002
-6.1e-07	-0.0009090943291400767	4.04662
-6e-07	-0.0016812470967698277	2.8498625
-5.9e-07	0.0010889332775024928	2.2398435
-5.8e-07	-0.00024913475205336265	3.4593
-5.699999999999999e-07	-0.002083822386201864	4.19214
-5.599999999999999e-07	-0.0005032192420762003	3.5762965
-5.499999999999999e-07	0.00013529172094902612	3.9278800000000005
-5.4e-07	-0.00028873218716155566	3.25441
-5.3e-07	0.00026398382589993327	2.1932765
-5.2e-07	0.001790140405868574	3.0495175000000008
-5.1e-07	-0.0011730781576722925	3.65488
-5e-07	-0.0009981888469008358	2.731701
-4.9e-07	0.0017224944711328747	3.45522
-4.8e-07	-0.0008744464546472264	2.0983995
-4.6999999999999995e-07	0.0007408046659557619	2.0029375
-4.6e-07	-0.00012044267784314425	2.4581265000000005
-4.5e-07	0.0020260758903549864	2.9470720000000004
-4.3999999999999997e-07	8.909454199676844e-05	3.504705
-4.2999999999999996e-07	-0.0007160561740612286	3.245095
-4.1999999999999995e-07	0.00037947675624852074	1.3451865
-4.0999999999999994e-07	-0.0005939636266394146	1.486052
-3.9999999999999993e-07	-0.0005263177914442584	2.207254
-3.899999999999999e-07	0.00038277655697589513	2.9837425000000004
-3.799999999999999e-07	0.00034482884961144406	2.302705
-3.699999999999999e-07	0.0002111870466525793	1.632149
-3.599999999999999e-07	0.00010229369257844147	1.7025860000000002
-3.499999999999999e-07	-0.0005659153256913419	2.239261
-3.400000000000001e-07	-0.00028543252532231697	0.902806675
-3.3000000000000007e-07	-0.0007804022045734718	2.4581215
-3.2000000000000006e-07	0.001555854701338707	1.2491430000000001
-3.1000000000000005e-07	-0.00024253516523324928	-0.08382199999999995
-3.0000000000000004e-07	0.0015245066686734561	0.8050174999999999
-2.9000000000000003e-07	-0.0005213680801075087	0.93482
-2.8e-07	0.0011301808012501072	0.09662500000000002
-2.7e-07	-0.0008496979423260177	1.0133995
-2.6e-07	0.0015014079703518336	0.12514774999999997
-2.5e-07	0.0017686916600064939	1.7677765
-2.4e-07	-0.0009602411480719072	1.9493870000000002
-2.3e-07	0.0006071627715270271	0.09837100000000001
-2.1999999999999998e-07	-0.0005906638376447749	0.6135115
-2.0999999999999997e-07	-0.0006005631730750497	1.0337714500000001
-1.9999999999999996e-07	0.000608812693392893	1.168815
-1.8999999999999995e-07	0.0004999194014290021	-0.5599605000000001
-1.7999999999999994e-07	0.0005857141079270546	-0.13096799999999997
-1.6999999999999993e-07	-0.00032173030751190884	-0.22351800000000005
-1.5999999999999992e-07	-0.00018808849604987012	1.5506605
-1.4999999999999991e-07	0.0005642654450990973	-0.8358669999999999
-1.399999999999999e-07	-1.8148850903701398e-05	0.87369945
-1.299999999999999e-07	0.0009618910657908212	0.5785876999999999
-1.1999999999999988e-07	-0.0025985907309476267	-0.5780049500000001
-1.0999999999999987e-07	0.0005758147094794123	1.27941125
-9.999999999999986e-08	-0.0011796776898276616	-0.04190970000000005
-9.000000000000008e-08	-0.00028873230168848283	0.233997
-8.000000000000007e-08	0.000763903226208086	1.5756855
-7.000000000000006e-08	-0.00012044265854060509	0.16239949999999995
-6.000000000000005e-08	0.0014189130486348168	-0.3306215
-5.0000000000000044e-08	-0.0026051903352356525	0.7299293
-4.0000000000000034e-08	-0.0020095768427031463	0.8061805000000001
-3.0000000000000024e-08	-0.0003629777254178866	-0.4342325
-2.0000000000000017e-08	0.0011087319930720555	0.50757365
-1.0000000000000008e-08	0.0009635409314919663	-0.06635749999999996
0.0	-0.0004306236413926057	0.33818800000000004
1.0000000000000008e-08	-0.002131669350112046	0.9284171
2.0000000000000017e-08	0.0016614481551672578	1.357989
3.0000000000000024e-08	-0.00019138820964792285	-0.19092240000000002
4.0000000000000034e-08	-0.0005164183737688538	0.5000070000000001
5.0000000000000044e-08	-0.0005972633700549296	0.46973787499999997
6.000000000000005e-08	0.0008364987458463118	0.1280581
7.000000000000006e-08	0.000222736348002379	-0.10128159999999997
8.000000000000007e-08	-0.001201126417277455	0.7945367500000001
9.000000000000008e-08	-0.001004788542837906	0.23981720000000004
1.0000000000000009e-07	0.0006863579211811784	-0.7712554500000001
1.100000000000001e-07	0.000552716126688205	-0.5378425
1.200000000000001e-07	-0.0008810460519090359	0.6583330000000001
1.300000000000001e-07	-0.0006814082341726523	0.5116482
1.4000000000000012e-07	-0.0018049893827792765	1.73750735
1.5000000000000013e-07	0.0004867201596270987	-0.03667100000000001
1.6000000000000014e-07	-0.0010097380920310152	0.396978
1.6999999999999993e-07	-0.0013248687631748917	0.06519285000000001
1.7999999999999994e-07	0.0015641041491461561	0.3131594
1.8999999999999995e-07	-0.0018049893461594055	0.48487300000000005
1.9999999999999996e-07	0.0009618910645940529	0.533185
2.0999999999999997e-07	-0.00015344057963145906	0.1367895
