Started: March 20, 2024 13:53:37
Initial Temperature (K)	0.0200126
Resistor	1000000.0	Excitation Current (A)	7.5e-08
Current (A)	Measured Voltage (V)	Resistance (Ohms)
-2e-06	0.0005145766646172375	2.602904266666667
-1.992e-06	-0.0011511615796382772	3.141365333333334
-1.984e-06	-0.0017068473829221365	3.1201839999999996
-1.976e-06	4.468525244111874e-05	3.121576
-1.968e-06	-0.00029057406611755646	3.1475706666666667
-1.96e-06	-0.0016329320156699798	3.1296480000000004
-1.952e-06	-2.3950398972109703e-05	3.224496
-1.944e-06	-0.000309052926947744	3.220845333333333
-1.9359999999999998e-06	-0.0006918295182723067	3.1131893333333336
-1.928e-06	-0.001968191254107862	3.179394666666667
-1.92e-06	-0.0010904451690876501	3.106984
-1.912e-06	0.0011520975600856197	3.2050053333333337
-1.904e-06	-0.0013715880462762766	3.110944
-1.896e-06	-0.0011326824181326094	3.2879760000000005
-1.888e-06	0.00023607358315094136	3.1661253333333335
-1.8799999999999998e-06	0.0004657396538270249	3.095106666666667
-1.8719999999999998e-06	-0.0009716525224597857	3.2314773333333333
-1.8639999999999999e-06	-0.0033382675725929026	3.162168
-1.8559999999999999e-06	0.0005277758216017262	3.1199440000000003
-1.8480000000000001e-06	-0.0014785013072295282	3.2156453333333332
-1.8400000000000002e-06	-0.002886855149438061	3.133376
-1.832e-06	0.002324185586285446	3.0954213333333334
-1.824e-06	-0.000641672510921445	3.1854533333333337
-1.816e-06	-0.0014692618550547942	3.1446266666666665
-1.808e-06	-0.0020262677457666954	3.1034906666666666
-1.8000000000000001e-06	-0.005843474230916005	3.112344
-1.792e-06	-0.0001849805662692097	3.104888
-1.784e-06	-0.001994589846630806	3.190885333333333
-1.776e-06	-0.003223434445248975	3.201517333333333
-1.768e-06	-0.0013861069062353223	3.148117333333333
-1.76e-06	0.000679566131097554	3.1367893333333337
-1.752e-06	-0.0012910726907962187	3.0861813333333337
-1.744e-06	-0.0008383405773982775	3.1482746666666666
-1.736e-06	0.0006346892667944805	3.1847546666666666
-1.728e-06	-0.003029406412995928	3.2110666666666665
-1.72e-06	-0.0002140187232456771	3.1572000000000005
-1.7119999999999999e-06	-0.0033052693893189334	3.2937226666666666
-1.704e-06	0.002470696687640473	3.1869306666666666
-1.696e-06	-0.003042605710820042	3.2153359999999997
-1.688e-06	0.002902310242223089	3.2198319999999994
-1.68e-06	0.0004446208502126623	3.2640000000000002
-1.6719999999999998e-06	-0.0007591455021853577	3.2021413333333335
-1.6639999999999999e-06	-0.0040444241936023065	3.2691973333333335
-1.656e-06	0.0006835261001209602	3.350378666666667
-1.6480000000000001e-06	-0.004895772149385956	3.229922666666667
-1.6400000000000002e-06	-0.00023909719565434214	3.2795226666666664
-1.6320000000000002e-06	-0.0009412942191317199	3.2459146666666667
-1.624e-06	0.0022938275681343304	3.17932
-1.616e-06	-0.0012013183586408287	3.221306666666667
-1.608e-06	0.0005673733677847546	3.3055946666666665
-1.6000000000000001e-06	-0.0019127547492270073	3.243506666666667
-1.5920000000000002e-06	-0.0014217448243221467	3.2276746666666667
-1.584e-06	-0.0008330608122473174	3.2489413333333337
-1.576e-06	-0.000736706722597394	3.2736240000000003
-1.568e-06	-0.0032603921651082187	3.287589333333334
-1.56e-06	0.0013250068370047078	3.260586666666667
-1.5520000000000001e-06	-0.00025361630618643625	3.2816160000000005
-1.544e-06	-1.5119425209476206e-06	3.186464
-1.536e-06	0.0034685553092237364	3.195928
-1.528e-06	0.0006148903651641395	3.269354666666666
-1.52e-06	-0.0007274673035255815	3.293642666666667
-1.512e-06	-0.0037461224456181914	3.2230906666666668
-1.504e-06	0.00015027890346095118	3.3648160000000003
-1.496e-06	-0.0008937771597269691	3.3102533333333333
-1.488e-06	-0.00023513762321148053	3.3405253333333333
-1.48e-06	-0.0009214954838885382	3.2946533333333337
-1.472e-06	-0.0009571333201659164	3.350304
-1.4639999999999999e-06	-0.002992448695116072	3.365669333333334
-1.456e-06	-0.003429341918535369	3.3236800000000004
-1.448e-06	-0.0017147668942695184	3.36528
-1.44e-06	-0.0012316764177881894	3.4377680000000006
-1.432e-06	-0.003252472719943227	3.312117333333333
-1.4239999999999998e-06	-0.0022823322075120125	3.41852
-1.4159999999999999e-06	-0.0034161426063797178	3.3717173333333337
-1.408e-06	-0.0019695113448751156	3.4300826666666664
-1.4e-06	-0.0033620259888203817	3.418365333333333
-1.392e-06	-0.0004344453906695316	3.4723840000000004
-1.3839999999999998e-06	-0.0021160222636080897	3.4415733333333334
-1.3759999999999998e-06	-0.000394847792945872	3.4446719999999997
-1.3679999999999999e-06	-0.0013597085953525423	3.3907386666666666
-1.36e-06	-0.0003790086641662746	3.4818506666666664
-1.352e-06	0.0017830188840506898	3.451352
-1.344e-06	0.002809915902655609	3.523138666666667
-1.3359999999999998e-06	-0.0003407310849556875	3.581658666666667
-1.3279999999999998e-06	-0.003987667749028607	3.500864000000001
-1.3199999999999999e-06	-0.0008845377161230885	3.471682666666667
-1.3119999999999999e-06	0.0023083466800524065	3.676808
-1.304e-06	-0.003509856901088448	3.5528666666666666
-1.296e-06	-0.0019035152000822237	3.606805333333334
-1.288e-06	-0.00446811830145572	3.566602666666667
-1.28e-06	0.00041162289715672917	3.5583760000000004
-1.272e-06	-0.00293569204831214	3.7849199999999996
-1.264e-06	0.0004446207478393648	3.7174746666666665
-1.256e-06	-0.0005228798531539088	3.637538666666667
-1.248e-06	-0.003586412383730856	3.7648960000000002
-1.24e-06	0.0002703916180902909	3.7377333333333334
-1.232e-06	6.316417679684774e-05	3.8792186666666675
-1.224e-06	-0.0008264611780700069	3.701104
-1.2159999999999999e-06	0.001994205935490716	3.7603920000000004
-1.208e-06	-0.00378703994925733	3.774984
-1.2e-06	-0.0002681357178574232	3.9428560000000004
-1.192e-06	0.0017539806676578156	3.820776
-1.184e-06	0.0013236869415910932	3.9087066666666663
-1.1759999999999998e-06	0.001446439459152972	3.889152
-1.1679999999999999e-06	-0.0020803846562126942	3.9775466666666675
-1.1600000000000001e-06	0.000785159972913285	3.8351333333333337
-1.1520000000000002e-06	-0.004185655685406827	3.811226666666667
-1.1440000000000002e-06	-0.0004634835933746923	3.9491413333333334
-1.1360000000000002e-06	-0.004539393914523855	3.92772
-1.128e-06	-0.001518099016818579	4.1042879999999995
-1.12e-06	-0.004812617282399937	3.9535653333333336
-1.1120000000000001e-06	-0.0021384609605501507	4.0499600000000004
-1.1040000000000001e-06	-0.002830098568535222	4.088914666666667
-1.0960000000000002e-06	-0.0009729721659545376	4.214879999999999
-1.088e-06	0.003640144959720368	4.154733333333334
-1.08e-06	-0.0012488354965955286	4.147437333333333
-1.072e-06	-0.004325567061269583	4.314997333333333
-1.064e-06	-0.004374404011655699	4.171805333333333
-1.0560000000000001e-06	0.0006795665258323492	4.248485333333333
-1.048e-06	0.0016180289553395343	4.222488
-1.04e-06	-0.003600931566014024	4.377317333333333
-1.032e-06	-0.0032485129051716593	4.293576000000001
-1.024e-06	-0.0019457527037717224	4.355119999999999
-1.016e-06	-0.0016131331839091567	4.3895013333333335
-1.008e-06	-0.002191257650023351	4.398506666666667
-1e-06	-0.004014066090628149	4.456170666666667
-9.92e-07	-0.0011260828655651517	4.552642666666666
-9.84e-07	0.002396781249813198	4.4824
-9.76e-07	-0.0028564968971466825	4.500253333333333
-9.679999999999999e-07	0.0007020050346062206	4.409522666666668
-9.6e-07	-0.0013121915255349251	4.613485333333334
-9.52e-07	-0.0015603363377322261	4.600911999999999
-9.44e-07	0.0003561863690013074	4.58244
-9.359999999999999e-07	-0.0008066626008295889	4.558850666666667
-9.279999999999999e-07	0.00029942969160327707	4.648717333333333
-9.2e-07	-0.0001691415941285605	4.639176000000001
-9.119999999999999e-07	-0.0026413502163888146	4.737741333333334
-9.039999999999999e-07	-0.003988987616790363	4.733856
-8.959999999999999e-07	-0.0027839013519607276	4.688610666666667
-8.879999999999999e-07	-0.0015154592439293548	4.7396
-8.799999999999999e-07	-0.005215192660256723	4.795946666666667
-8.719999999999999e-07	-0.005050202706615517	4.700098666666667
-8.639999999999999e-07	-0.0014138253468528306	4.761258666666667
-8.559999999999998e-07	0.0038209738487358274	4.8139520000000005
-8.479999999999999e-07	-0.0011617207523444768	4.824664
-8.400000000000001e-07	-0.0012382761728160177	4.823730666666667
-8.32e-07	0.0003509066836348606	4.839253333333334
-8.240000000000001e-07	-0.003012247502719702	4.8236533333333345
-8.160000000000001e-07	-0.0016949681089014914	4.828389333333334
-8.08e-07	-0.0038147583209212784	4.791522666666667
-8.000000000000001e-07	0.00046573964114223333	4.822333333333334
-7.92e-07	-0.0009663727066128016	4.834053333333333
-7.84e-07	-0.0004410449871393959	4.894901333333332
-7.760000000000001e-07	-0.0027865412242210493	4.826445333333334
-7.68e-07	-0.0030769234174465496	4.809066666666667
-7.6e-07	-0.004151337674724948	4.762264
-7.52e-07	9.352247347688968e-05	4.927341333333334
-7.44e-07	-0.003193076331447288	5.052141333333333
-7.36e-07	-0.0036418488470558487	4.741698666666666
-7.28e-07	-0.002997728338484788	4.698936
-7.2e-07	-0.000537398878152302	4.5413093333333325
-7.119999999999999e-07	-0.0013003122905914538	4.5390586666666675
-7.04e-07	-0.0020077888995245026	4.707781333333334
-6.96e-07	0.003457996146605026	4.6910186666666664
-6.879999999999999e-07	0.0008524758502558389	4.6318
-6.8e-07	-0.0013491493406828942	4.596024
-6.72e-07	0.002209352707329931	4.600138666666667
-6.639999999999999e-07	0.0024680568662631378	4.571264
-6.559999999999999e-07	0.0004789387146193142	4.500642666666667
-6.479999999999999e-07	-8.730666825918168e-05	4.512826666666667
-6.399999999999999e-07	-0.0011221233223042827	4.425125333333333
-6.319999999999999e-07	0.0018859725752385487	4.378170666666667
-6.239999999999999e-07	-0.0026835875624545294	4.332690666666667
-6.159999999999999e-07	-0.0034887382127642775	4.4070453333333335
-6.079999999999998e-07	-0.0016434913754995312	4.30584
-5.999999999999999e-07	-0.002709985942373867	4.125082666666667
-5.920000000000001e-07	0.000476299041567483	4.176928000000001
-5.84e-07	-0.003388424406956368	4.113832
-5.760000000000001e-07	0.00034166714881399176	4.092413333333334
-5.680000000000001e-07	-3.8469595732508294e-05	4.051976000000001
-5.6e-07	-0.003734243153093892	3.943477333333334
-5.520000000000001e-07	0.001599550154361909	3.8139440000000007
-5.44e-07	0.0014741578578011598	3.7988906666666664
-5.36e-07	-0.0007419863165864092	3.623648
-5.280000000000001e-07	-0.0015999339077512511	3.6177493333333333
-5.2e-07	-0.000848900055863833	3.651816
-5.12e-07	0.0014899967626329767	3.353250666666667
-5.04e-07	-0.004594830537687365	3.4127786666666666
-4.96e-07	7.504356032845436e-05	3.2751733333333335
-4.88e-07	-0.0005783163580697302	3.2308613333333334
-4.8e-07	-0.003901872937159596	3.019594666666667
-4.72e-07	-0.0004634835282187392	2.977608
-4.6399999999999997e-07	-0.000677310759365424	2.830378666666667
-4.5599999999999995e-07	-0.0012448756456277879	2.708298666666667
-4.4799999999999994e-07	-0.0036035712212600093	2.6041466666666664
-4.3999999999999997e-07	0.0010478238710197674	2.4118266666666672
-4.3199999999999995e-07	-0.0034834584984575418	2.2410053333333333
-4.2399999999999993e-07	-0.0015405374432881451	2.128082666666667
-4.159999999999999e-07	0.0014728378152215104	1.9530746666666665
-4.079999999999999e-07	0.00206548158576254	1.8747653333333336
-3.9999999999999993e-07	-0.0027509034630779027	1.634250666666667
-3.919999999999999e-07	0.0017341818299164101	1.4317600000000001
-3.839999999999999e-07	0.00027171145870645243	1.2967946666666668
-3.7599999999999987e-07	-0.00012030461156173579	1.1520522666666668
-3.679999999999999e-07	-0.0009716524139784268	1.0458037333333334
-3.599999999999999e-07	-9.258614912398665e-05	0.8545722666666666
-3.5199999999999987e-07	-0.0023034508064913636	0.7248050666666667
-3.4399999999999985e-07	0.0016233086568687946	0.7021432000000001
-3.3599999999999983e-07	8.428292122337061e-05	0.5508024
-3.280000000000001e-07	-0.0032115551304699743	0.4538669333333334
-3.2000000000000006e-07	0.0019202905078548708	0.37237546666666665
-3.1200000000000004e-07	-0.0034227422271081004	0.3749370666666667
-3.04e-07	0.0015863508844168948	0.16181792
-2.9600000000000006e-07	-0.0018784368167709307	0.20233066666666671
-2.8800000000000004e-07	0.00017403750272581303	0.094840112
-2.8e-07	-0.0005558778028366513	0.13333493333333332
-2.72e-07	0.0016219886989105267	0.10950856000000002
-2.6400000000000003e-07	-0.0025621548809918663	-0.012805679999999996
-2.56e-07	-0.0034900582446365743	0.14109626666666666
-2.48e-07	-0.0007446263645525036	0.14505413333333333
-2.4e-07	0.000886793813073641	0.0758256
-2.3199999999999999e-07	-0.00033281165933788433	0.0036478533333333314
-2.2399999999999997e-07	-0.0037368830168542206	0.05712138666666666
-2.1599999999999998e-07	-0.003627329853791069	-0.030500786666666675
-2.0799999999999996e-07	-0.00228497197671141	0.30632933333333334
-1.9999999999999996e-07	-0.00038032855373718656	0.07341976
-1.9199999999999995e-07	-0.0041473778999134995	-0.029104026666666664
-1.8399999999999995e-07	-0.0005189200040723803	0.02002357333333333
-1.7599999999999993e-07	-0.002653229343574997	0.030035341333333333
-1.6799999999999992e-07	0.0001819567307804503	0.15980032000000002
-1.5999999999999992e-07	0.0010715824139338234	0.06239893066666667
-1.519999999999999e-07	0.0003271481283963772	-0.06084666400000001
-1.439999999999999e-07	-0.00149961994139168	0.008226709333333335
-1.359999999999999e-07	-0.0017754832635834504	0.028716080000000005
-1.279999999999999e-07	-0.0026083520329499782	-0.043617317333333336
-1.1999999999999988e-07	0.00012388048340124342	0.033993488
-1.1199999999999988e-07	-0.0003050931873403391	-0.05114530666666667
-1.0399999999999987e-07	0.0003126290664937729	0.11820104266666669
-9.599999999999987e-08	-0.000122944290033364	-0.07993904
-8.799999999999986e-08	0.0018886123465960455	-0.0232056
-8.000000000000007e-08	0.0009620290634492689	-0.08412993333333334
-7.200000000000006e-08	-0.0008739784489583989	-0.0617004
-6.400000000000006e-08	-0.003987667869035918	0.011952079999999995
-5.600000000000005e-08	-0.002314010271608938	0.02972500533333334
-4.800000000000004e-08	-0.002266493019568863	-0.08607008000000001
-4.0000000000000034e-08	0.0006558078140836626	-0.010710258666666667
-3.200000000000003e-08	-0.002604392481282999	-0.10252362666666666
-2.400000000000002e-08	0.0013012484436347254	0.17415837333333334
-1.6000000000000014e-08	-0.0015893745077369373	0.046566359999999994
-8.000000000000007e-09	0.0014081617314935539	0.10112637333333332
0.0	-0.0022031369378393154	-0.00783864
8.000000000000007e-09	5.392487772367901e-05	0.07171221333333334
1.6000000000000014e-08	7.768329477192407e-05	-0.044626160000000005
2.400000000000002e-08	0.0002928302204300191	0.03764125333333333
3.200000000000003e-08	-0.00011502485443918428	0.12231434666666667
4.0000000000000034e-08	-0.0011762397690247462	-0.005044506666666669
4.800000000000004e-08	-0.0013649883194971782	-0.05494848000000001
5.600000000000005e-08	-0.001994589707587928	0.08700138666666665
6.400000000000006e-08	-0.0034240622792875777	-0.046178357600000004
7.200000000000006e-08	-0.0035903720741601195	-0.000931280000000001
8.000000000000007e-08	-0.0024948389749438983	-0.08257763733333333
8.800000000000007e-08	-0.0024209236404508284	-0.066667632
9.600000000000008e-08	0.001072902400927092	-0.00822669333333334
1.040000000000001e-07	-0.0011010044334218865	-0.08738965066666667
1.120000000000001e-07	-0.000344690768433373	-0.10562789333333336
1.200000000000001e-07	-0.000235137488548289	-0.0065192957333333355
1.2800000000000011e-07	-0.0018586380034270223	0.07295408
1.3600000000000013e-07	0.0005251358832087243	0.05960485333333333
1.4400000000000012e-07	0.001381763448256464	-0.036011333333333326
1.5200000000000014e-07	-0.0028987343751741374	0.009313280000000002
1.6000000000000014e-07	0.002289867822212586	0.13721570666666666
1.6800000000000015e-07	-0.001157760992788312	-0.13131730666666666
1.7600000000000015e-07	-0.003359386270397083	0.02879349333333333
1.8400000000000017e-07	9.352236650758145e-05	0.014202754666666668
1.9200000000000016e-07	0.0015546729091936873	0.06891837333333332
2.0000000000000018e-07	-0.0013280306382757422	-0.0294144584
2.080000000000002e-07	-0.0009030165634845306	0.13876778666666667
2.160000000000002e-07	-0.0030663640621638685	-0.016531053333333334
2.240000000000002e-07	-0.002756182974032423	0.022507093333333332
2.320000000000002e-07	-0.0038741546984838162	-0.006131258666666667
2.400000000000002e-07	-0.0035151365985116685	-0.022895184000000002
2.480000000000002e-07	0.0009633491181134473	0.06038115200000001
2.5600000000000023e-07	-0.0017900023524394463	0.015522122666666662
2.6400000000000025e-07	-0.0014204248532226917	0.009546090666666666
2.7200000000000027e-07	0.0022014332238352425	0.027086114666666668
2.8000000000000023e-07	-0.0035798126692506336	-0.018937096
2.8800000000000025e-07	-0.00039880750081323105	0.05091253333333334
2.9600000000000027e-07	-0.0005110006516513811	0.101437088
3.040000000000003e-07	-0.000689189798155412	-0.04765301333333333
3.1199999999999983e-07	-0.0011867993896375558	0.05308565333333334
3.1999999999999985e-07	5.260490351515629e-05	0.09064909333333333
3.2799999999999987e-07	-0.0037329233401901434	0.15475568
3.3599999999999983e-07	0.0007125645404159847	0.15607485333333332
3.4399999999999985e-07	-0.005000045780067105	0.21521440000000003
3.5199999999999987e-07	-0.0019959096709160893	0.22049173333333333
3.599999999999999e-07	-0.004329526796191136	0.3858805333333334
3.679999999999999e-07	0.000865675046604142	0.30469944
3.7599999999999987e-07	-0.00378968002330117	0.49678586666666663
3.839999999999999e-07	-0.0035956517034554285	0.7558498666666668
3.919999999999999e-07	-0.00245920133097281	0.7919389333333333
3.9999999999999993e-07	1.1280473000309723e-06	1.012664
4.079999999999999e-07	0.0001001220205162261	1.2528666666666666
4.159999999999999e-07	-0.0030373257860055354	1.4670741333333335
4.2399999999999993e-07	-0.0009439341536684198	1.8027413333333335
4.3199999999999995e-07	-0.00045292415222440393	1.9627733333333333
4.3999999999999997e-07	-0.0006165941950156798	2.2627360000000003
4.4799999999999994e-07	0.0003746652141868359	2.4328586666666667
4.5599999999999995e-07	-0.0019153944393681236	2.549506666666667
4.6399999999999997e-07	-0.003595651652671751	2.7382560000000002
4.72e-07	-0.004956488447208558	3.051493333333334
4.8e-07	-0.0011181632833603423	3.132909333333333
4.88e-07	-0.000889817553634505	3.4904666666666673
4.96e-07	0.0013118077933726025	3.559696
5.04e-07	-0.0046898647138251155	3.745261333333333
5.12e-07	-0.004225253326763405	3.9267093333333336
5.2e-07	-0.0005624773205494595	3.9422346666666668
5.280000000000001e-07	0.0025776101496744917	3.9495306666666665
5.36e-07	4.2045503389626784e-05	4.217208
5.44e-07	-0.002329849447487977	4.251978666666667
5.520000000000001e-07	-0.0018401590783617195	4.140685333333333
5.6e-07	-0.004637067993199534	4.334013333333333
5.680000000000001e-07	-0.0022796921526508085	4.394858666666667
5.760000000000001e-07	-0.0011920789739748208	4.448872
5.84e-07	-0.003298669892698951	4.500098666666667
5.920000000000001e-07	-0.0008871776109226036	4.546741333333334
6.000000000000001e-07	-0.0036576879055647987	4.526717333333333
6.08e-07	-0.0005360793050185313	4.540997333333333
6.160000000000001e-07	-0.0010719662614997916	4.631490666666666
6.240000000000001e-07	-0.0003776887882325494	4.628077333333334
6.320000000000002e-07	-0.004216013799006633	4.675416
6.400000000000001e-07	-0.0026307907926471346	4.720898666666668
6.480000000000001e-07	0.00024399305318650188	4.746045333333334
6.560000000000002e-07	-0.0005110005149381906	4.702890666666667
6.640000000000001e-07	-0.0008924572417585638	4.6003706666666675
6.720000000000002e-07	-0.002222935785587093	4.824354666666667
6.800000000000002e-07	-0.0017490847721601307	4.7244720000000004
6.880000000000001e-07	-0.004089301446895052	4.777242666666668
6.960000000000002e-07	-0.0026717083343047636	4.811546666666667
7.040000000000002e-07	-0.004089301685913869	4.825826666666667
7.120000000000002e-07	-0.002413004343939644	4.922997333333334
7.200000000000002e-07	-0.0011590809066873808	4.862616000000001
7.280000000000002e-07	-0.0031323601607527313	4.810306666666667
7.360000000000002e-07	-0.00474662140740772	4.817522666666667
7.440000000000002e-07	-0.0008964170191741663	4.875578666666668
7.520000000000003e-07	-0.0010640468942193003	4.855938666666667
7.600000000000002e-07	-0.0004225661568007941	4.871229333333334
7.680000000000002e-07	-0.0013267106281881994	4.878216
7.760000000000003e-07	0.0006835261440328976	4.770490666666666
7.840000000000002e-07	0.0020430429135175434	4.865018666666666
7.920000000000002e-07	-0.0033013096920727057	4.895290666666668
8.000000000000003e-07	-0.0028630964464569785	4.928736
8.080000000000002e-07	-0.0008541795722747014	4.640032
8.159999999999998e-07	-0.003673527018487753	4.892106666666667
8.239999999999999e-07	-0.001362348389301209	4.930442666666667
8.319999999999998e-07	-0.004580311431739072	4.822877333333333
8.399999999999999e-07	-0.004664786316090991	4.807824
8.479999999999999e-07	-0.002607032298679507	4.822256
8.559999999999998e-07	-0.0008515396474576914	4.718181333333334
8.639999999999999e-07	-0.0032749112976559495	4.824039999999999
8.719999999999999e-07	4.864514237686423e-05	4.725634666666666
8.799999999999999e-07	-0.0017570042056109139	4.738440000000001
8.879999999999999e-07	-0.00010182553290124228	4.7276533333333335
8.959999999999999e-07	-0.0019483926562236698	4.650586666666667
9.039999999999999e-07	-0.004386283285171854	4.675109333333333
9.119999999999999e-07	-0.0011076039981092955	4.734250666666666
9.2e-07	-0.004613309413170788	4.841738666666667
9.279999999999999e-07	0.00011860090905988292	4.586477333333333
9.359999999999999e-07	-0.003150838838443265	4.623106666666667
9.44e-07	-0.0002192986696162509	4.526562666666666
9.52e-07	-0.0007129483818207091	4.565133333333334
9.6e-07	-0.003288110492118616	4.356826666666667
9.679999999999999e-07	0.0011441780373068365	4.507082666666666
9.76e-07	-0.001523378515591683	4.377784
9.84e-07	0.0004776188324633245	4.424584
9.92e-07	-0.0016910084439208182	4.429861333333333
1e-06	-0.00035129039439880765	4.446002666666667
1.008e-06	-0.000520239965502824	4.292256
1.016e-06	7.636341389361829e-05	4.3617973333333335
1.024e-06	-0.002475040222130166	4.347514666666667
1.032e-06	0.0013949626407726854	4.318568000000001
1.04e-06	-0.0014560625963100655	4.274872
1.048e-06	-0.0013016321361253918	4.279608
1.0560000000000001e-06	-0.0026096720000426074	4.301802666666666
1.064e-06	0.0015229946199625502	4.1477493333333335
1.072e-06	0.0001146411166962659	4.114296
1.08e-06	-0.0003908879677920105	4.075184
1.088e-06	-0.0018177205754255081	4.160861333333334
1.0960000000000002e-06	-0.0015986141153138944	4.104752
1.1040000000000001e-06	0.0022515901424300364	4.152869333333333
1.1120000000000001e-06	-0.0005096807280935896	3.883173333333333
1.12e-06	-0.002019668403005867	3.979642666666667
1.128e-06	-0.005134677548491297	3.9271013333333338
1.1360000000000002e-06	-0.0038807542228296134	4.018373333333334
1.1440000000000002e-06	-0.001734565750636818	3.8930320000000003
1.1520000000000002e-06	-0.0010561271433375892	3.8692026666666672
1.1600000000000001e-06	-0.0026585091342808363	3.8989306666666663
1.168e-06	0.000337707471426345	3.8940399999999995
1.1760000000000003e-06	-0.0049710076589848705	3.9181013333333334
1.1840000000000002e-06	-0.0021265816439216796	3.8487893333333334
1.1920000000000002e-06	-0.0035388953793688204	3.7645093333333337
1.2000000000000002e-06	0.0021723950377691855	3.8080480000000003
1.2080000000000001e-06	0.0011296588827000259	3.840565333333333
1.216e-06	-0.0044258808721439865	3.6639253333333337
1.2240000000000003e-06	0.0017355018369734736	3.898850666666667
1.2320000000000002e-06	-0.002684907428053164	3.7730453333333336
1.2400000000000002e-06	-0.003326388257339543	3.7694746666666665
1.2480000000000002e-06	-0.0032696316490101866	3.7468133333333333
1.2560000000000001e-06	0.003555670122208989	3.650266666666667
1.2640000000000003e-06	0.00037730491808528365	3.6260533333333336
1.2720000000000003e-06	0.0011666166239796267	3.637925333333334
1.2800000000000002e-06	0.0029128695853228572	3.6623706666666664
1.2880000000000002e-06	-0.0041790560950559245	3.646541333333334
1.2960000000000002e-06	-0.0017332456762362565	3.666794666666667
1.3040000000000003e-06	-0.0012778736064192261	3.5814240000000006
1.3120000000000003e-06	-0.0029356921601314764	3.582352
1.3200000000000003e-06	-0.0005598375637669271	3.6275253333333337
1.3280000000000002e-06	-0.0025476357395384044	3.4604266666666668
1.3359999999999998e-06	0.0011072202496998553	3.538429333333333
1.344e-06	-0.0008383404825278443	3.488373333333334
1.352e-06	0.001883332763792825	3.572576
1.36e-06	0.0003535463852514839	3.630786666666667
1.3679999999999999e-06	-0.0031376396864655903	3.316618666666667
1.3759999999999998e-06	-0.00303336612417126	3.441570666666667
1.3839999999999998e-06	0.0017143831157673682	3.5426186666666672
1.392e-06	-0.00039880748514884297	3.4313253333333336
1.4e-06	-0.003167997860102251	3.4155733333333336
1.408e-06	-0.003424062151308642	3.479056
1.4159999999999999e-06	-0.0006588316807632193	3.393221333333334
1.4239999999999998e-06	-6.79144548925946e-06	3.433965333333333
1.432e-06	-0.001990629847823849	3.4637680000000004
1.44e-06	-0.0017649237554658158	3.4381573333333337
1.448e-06	0.002956426930092601	3.477738666666667
1.456e-06	-0.003571893197286529	3.409906666666667
1.4639999999999999e-06	-0.0004885619012053412	3.390658666666667
1.472e-06	-0.0020579457496355162	3.3835973333333333
1.48e-06	0.0026092881905227096	3.3248426666666666
1.488e-06	-0.0017596441105523965	3.381189333333333
1.496e-06	-0.0017992415693356071	3.2687360000000005
1.504e-06	-0.002226895558392415	3.341144
1.512e-06	0.001769819645448679	3.3233706666666665
1.52e-06	0.0010346246135788262	3.2848026666666668
1.528e-06	-0.0013755475633005936	3.316773333333333
1.536e-06	-0.0028683762370609114	3.4002053333333335
1.544e-06	0.00013180010472829692	3.3716426666666672
1.5520000000000001e-06	-0.005037003541911227	3.2946560000000007
1.56e-06	-0.002764102627636872	3.3184799999999997
1.568e-06	-0.0026690683711137627	3.3197253333333334
1.576e-06	-0.0014230647590214144	3.2746319999999995
1.584e-06	-0.0032102353290525353	3.327482666666667
1.5920000000000002e-06	0.0018146969364461671	3.2671040000000007
1.6000000000000001e-06	-0.002114702430539778	3.253056
1.608e-06	-0.0014349439394970138	3.3188693333333332
1.616e-06	-0.0035006174583819224	3.3277173333333336
1.624e-06	-0.0028762957344924942	3.269898666666667
1.6320000000000002e-06	-0.0003684492935711897	3.3386586666666664
1.6400000000000002e-06	0.0016061496735216036	3.160616
1.6480000000000001e-06	-0.0028010603124376146	3.24824
1.6560000000000001e-06	-0.0029541709610540917	3.2153359999999997
1.664e-06	-0.004808657453714027	3.2189813333333333
1.6720000000000003e-06	-0.0010125697972560351	3.207112
1.6800000000000002e-06	-0.002294211372035999	3.2902320000000005
1.6880000000000002e-06	-8.202679529470064e-05	3.2058639999999996
1.6960000000000002e-06	-0.003797599380520044	3.240245333333333
1.7040000000000001e-06	-0.0013399098551016397	3.205093333333333
1.712e-06	-0.0038041988754415916	3.3003200000000006
1.7200000000000003e-06	-0.002513317998815966	3.2827040000000003
1.7280000000000002e-06	-0.004627828522434054	3.452205333333333
1.7360000000000002e-06	-0.001516778920911083	3.220066666666667
1.7440000000000002e-06	-0.0004120066527826661	3.2192133333333333
1.7520000000000001e-06	-0.0031719576374812167	3.1767573333333337
1.7600000000000003e-06	-0.003913752238025951	3.2117653333333336
1.7680000000000003e-06	-0.0013095517436992562	3.2531360000000005
1.7760000000000002e-06	-0.001573535459909336	3.1959333333333335
1.7840000000000002e-06	-0.000802702695737126	3.2116106666666666
1.7920000000000002e-06	-0.0026439899524614463	3.216032
1.8000000000000003e-06	0.0004419809436752286	3.197248
1.8080000000000003e-06	-0.0010627267420846016	3.1908079999999996
1.8160000000000003e-06	0.002429779231919746	3.2272906666666663
1.8240000000000002e-06	-0.0005176001718546029	3.097202666666667
1.8320000000000002e-06	-0.0010680064056594585	3.2102133333333334
1.84e-06	-0.001875796941992184	3.1794746666666667
1.848e-06	0.00020175582878562224	3.1668266666666667
1.8559999999999999e-06	-0.0001783809488220692	3.2037706666666663
1.8639999999999999e-06	-0.003742162713835053	3.2234053333333335
1.8719999999999998e-06	-0.0030135674285351388	3.148272
1.8799999999999998e-06	-0.003032046265409138	3.1731066666666665
1.888e-06	-0.003138959658981034	3.2613573333333337
1.896e-06	-0.002352287845487073	3.206485333333333
1.904e-06	0.00012388040202754598	3.193992
1.912e-06	0.0009593893487621363	3.1970933333333336
1.92e-06	-0.005638886782423956	3.163098666666667
1.928e-06	0.0012946486143948274	3.1409013333333338
1.9359999999999998e-06	-0.0014138252986404156	3.248864
1.944e-06	0.0026396463609015047	3.082538666666667
1.952e-06	0.0012207332582513148	3.1122666666666667
1.96e-06	-0.004049703904879314	3.1784666666666666
1.968e-06	-2.39503622515274e-05	3.2177413333333336
1.976e-06	-0.0029568109353140084	3.098288
1.984e-06	-0.0024750402455550797	3.1364799999999997
1.992e-06	-0.001796601863693522	3.1482773333333336
2e-06	6.31640764632551e-05	3.192978666666667
2e-06	-0.0025925131352730417	3.0577759999999996
1.992e-06	-0.001891636114532499	3.2432000000000003
1.984e-06	0.0029023102431265614	3.1710133333333337
1.976e-06	-0.0029238128943607756	3.0795120000000002
1.968e-06	-0.0020856640790502447	3.2046240000000004
1.96e-06	-0.0004304855881004521	3.162402666666667
1.952e-06	-0.0022598934640767543	3.203226666666667
1.944e-06	0.0019559282983440296	3.2941093333333336
1.9359999999999998e-06	-0.0028842153542083878	3.2196800000000003
1.928e-06	-0.0015378978646732903	3.205088
1.92e-06	0.0007442424510699446	3.2205360000000005
1.912e-06	-0.003725003909809494	3.1114853333333334
1.904e-06	0.0017315420583384478	3.238232000000001
1.896e-06	-0.0002694553205577469	3.0507146666666665
1.888e-06	-0.002910613714253405	3.0376746666666667
1.8799999999999998e-06	-0.002383965849994102	3.1881653333333335
1.8719999999999998e-06	-0.00373160332250232	3.1474960000000007
1.8639999999999999e-06	-0.0001599021094609408	3.365978666666667
1.8559999999999999e-06	-0.003868875049508788	3.229074666666667
1.848e-06	-8.070698600447416e-05	3.2036906666666667
1.84e-06	-0.0010944048143462098	3.2296933333333335
1.8320000000000002e-06	-0.0013346301596389117	3.0892133333333334
1.8240000000000002e-06	-0.0006680709177326947	3.1213386666666665
1.8160000000000003e-06	-0.00042256595548440385	3.215104
1.8080000000000003e-06	-0.0022981711489708195	3.0973600000000006
1.8000000000000003e-06	-0.0018427989299856916	3.2036186666666664
1.7920000000000002e-06	-0.0022994909672018654	3.084325333333333
1.7840000000000002e-06	-0.0035586941608939287	3.217976
1.7760000000000002e-06	0.002604008535177235	3.222632
1.7680000000000003e-06	-0.0008106221172668975	3.2276746666666667
1.7600000000000003e-06	4.204550358557491e-05	3.222709333333333
1.7520000000000001e-06	-0.002473720287431555	3.207346666666667
1.7440000000000002e-06	0.0007086046231828406	3.265546666666667
1.7360000000000002e-06	-0.00473078225363548	3.301408
1.7280000000000002e-06	-0.0010363283144436272	3.2531279999999994
1.7200000000000003e-06	-0.0039876677987829385	3.310957333333333
1.712e-06	-0.0006311133021018577	3.219760000000001
1.7040000000000001e-06	-0.0006944695616920945	3.0748586666666666
1.6960000000000002e-06	-0.004159257286652343	3.2250346666666667
1.6880000000000002e-06	-0.00034601068834342816	2.948970666666667
1.6800000000000002e-06	-0.003713124444398243	3.256624
1.6720000000000003e-06	-0.0027007464038892844	3.268266666666667
1.664e-06	-0.00349137803377092	3.1924373333333333
1.6560000000000001e-06	-0.0009531736064327384	3.3374960000000002
1.6480000000000001e-06	-0.0014600224090133287	3.062130666666667
1.6400000000000002e-06	-0.0023786861267312545	3.2581786666666672
1.6320000000000002e-06	-0.0013438695555393354	3.3714906666666673
1.624e-06	-0.0003671294347636153	3.176914666666667
1.616e-06	-0.0032234345502481507	3.0959653333333335
1.608e-06	-0.0028485773378339966	3.4744746666666666
1.6000000000000001e-06	0.002045682763262808	3.3139759999999994
1.5920000000000002e-06	-0.0030716438264557374	3.275096
1.584e-06	-0.003948070136054823	3.2463813333333342
1.576e-06	-0.00033281155908962206	3.3520853333333336
1.568e-06	-0.0009135760241381985	3.225808
1.56e-06	0.0007376427545499687	3.226042666666667
1.5520000000000001e-06	0.0018001777929746755	3.072213333333334
1.544e-06	-0.0018018816851142142	3.2377626666666663
1.536e-06	-0.00011106530847278269	3.2838640000000003
1.528e-06	-0.001705527400180692	3.3285679999999997
1.52e-06	-0.002180698370291611	3.3799493333333333
1.512e-06	0.0010583830807613178	3.303346666666667
1.504e-06	-0.0010244491728428604	3.370162666666667
1.496e-06	0.002815195418130185	3.4329546666666673
1.488e-06	-0.002563474857385967	3.3607039999999997
1.48e-06	0.00040370328067171075	3.2116080000000005
1.472e-06	-0.0029330524345686356	2.9646480000000004
1.4639999999999999e-06	-0.0008132620603167086	3.3633359999999994
1.456e-06	-0.0019563120122093876	3.419144
1.448e-06	-0.001867877437938336	3.3493680000000006
1.44e-06	-9.390622411801037e-05	3.3424613333333335
1.432e-06	-0.0038807543536379897	3.4237226666666674
1.4239999999999998e-06	-0.0011313624876343215	3.383056
1.4159999999999999e-06	-0.003132360020602675	3.4092080000000005
1.408e-06	0.00227798854884288	3.434973333333333
1.4e-06	-0.0001757412165589391	3.4538346666666664
1.392e-06	-0.0033475068300902145	3.406026666666667
1.3839999999999998e-06	-0.0019087949429466918	3.3984186666666667
1.3759999999999998e-06	-0.0031772373807394637	3.454533333333334
1.3679999999999999e-06	4.600527440229412e-05	3.5274053333333333
1.36e-06	-0.004728142468761369	3.488293333333334
1.352e-06	0.000853795707569641	3.500402666666667
1.344e-06	0.0023756625006010855	3.411458666666667
1.3359999999999998e-06	-0.003003008020925288	3.531834666666667
1.3280000000000002e-06	0.0023083466488925115	3.576925333333334
1.3200000000000003e-06	0.002048322642027768	3.5328399999999993
1.3120000000000003e-06	0.0006967252329046365	3.570018666666667
1.3040000000000003e-06	-0.0010666866349597578	3.557986666666666
1.2960000000000002e-06	0.001393642693242636	3.551237333333334
1.2880000000000002e-06	-0.003545494739731301	3.5971040000000003
1.2800000000000002e-06	-0.002673028202070946	3.5894933333333334
1.2720000000000003e-06	0.0011969748256373757	3.425352
1.2640000000000003e-06	0.0034791148265103807	3.774672
1.2560000000000001e-06	0.00018591680557724358	3.564272
1.2480000000000002e-06	-0.00026813538267408894	3.7058346666666666
1.2400000000000002e-06	-0.004163216962199399	3.7040506666666664
1.2320000000000002e-06	-9.431254644679888e-06	3.7943893333333336
1.2240000000000003e-06	-0.002509358330687059	3.7054453333333335
1.216e-06	-0.0013201111398397837	3.8045546666666668
1.2080000000000001e-06	0.0004050233519026744	3.7929893333333338
1.2000000000000002e-06	0.0007468824111408472	3.640565333333334
1.1920000000000002e-06	0.0003733453354664529	3.7770026666666667
1.1840000000000002e-06	-0.001607853310247024	3.824192
1.1760000000000003e-06	-0.0017160867981495006	3.871994666666667
1.168e-06	0.0008234375344095674	3.896522666666667
1.1600000000000001e-06	0.0014292805896892297	3.936728
1.1520000000000002e-06	0.0011072202525810484	3.8932613333333337
1.1440000000000002e-06	-0.0013042720435157277	3.9879466666666668
1.1360000000000002e-06	-0.0015365777849887766	3.996408
1.128e-06	0.001295968668468549	4.011309333333334
1.12e-06	0.002206712906110834	3.978709333333333
1.1120000000000001e-06	-0.004229212893469473	4.033274666666666
1.1040000000000001e-06	0.0017381416080652465	4.032341333333334
1.0960000000000002e-06	0.0020786807916203798	4.105834666666667
1.088e-06	-0.00216881896744374	4.086509333333334
1.08e-06	-0.002873655857915756	4.10196
1.072e-06	-0.0008964169305400452	4.146504
1.064e-06	-0.004782259149344383	4.167696
1.0560000000000001e-06	-0.00033941096612843393	4.2152693333333335
1.048e-06	-0.004351965436278846	4.247477333333333
1.04e-06	0.0023941413997202554	4.314376
1.032e-06	0.00045518029957940486	4.263466666666666
1.024e-06	-0.002228215583645065	4.312512
1.016e-06	-0.0013597087740980934	4.335253333333333
1.008e-06	-0.0022796923397234658	4.3958693333333345
1e-06	-0.002917213341644838	4.4017626666666665
9.92e-07	-0.004014066086128519	4.407744
9.84e-07	0.0006399688482504717	4.486746666666667
9.76e-07	0.00011596098051170596	4.487837333333333
9.679999999999999e-07	-0.002898734677718889	4.497922666666666
9.6e-07	0.0006914456719755815	4.599202666666667
9.52e-07	7.768333788160932e-05	4.624738666666667
9.44e-07	-0.003293390184087866	4.6930320000000005
9.359999999999999e-07	0.0009277113201856318	4.529741333333334
9.279999999999999e-07	0.0005317356008587346	4.604642666666667
9.2e-07	-0.0039348709200376815	4.634442666666667
9.119999999999999e-07	-0.00046744335091867644	4.691557333333334
9.039999999999999e-07	-0.001404585797362285	4.860597333333334
8.959999999999999e-07	-0.0037764806407694904	4.816437333333333
8.879999999999999e-07	0.0006888058654121825	4.646935999999999
8.799999999999999e-07	-0.0013055918878917719	4.667658666666666
8.719999999999999e-07	-0.0023707666217103653	4.737973333333334
8.639999999999999e-07	0.0011626567213421958	4.827536
8.559999999999998e-07	-0.0007908234507908665	4.781898666666667
8.479999999999999e-07	0.0002360735234862101	4.622024000000001
8.399999999999999e-07	-0.00044236483428752003	4.812944
8.319999999999998e-07	7.727538595042952e-06	4.749456
8.239999999999999e-07	-0.0036550480214470023	4.947133333333333
8.159999999999998e-07	-0.003293390177467846	4.87208
8.080000000000002e-07	0.00038654447693106	4.858346666666667
8.000000000000003e-07	-0.0025845934697809273	4.939992
7.920000000000002e-07	-0.004894452211700492	4.845621333333334
7.840000000000002e-07	0.002156556003524786	4.882869333333334
7.760000000000003e-07	-0.0001981796785496803	4.839333333333334
7.680000000000002e-07	-0.0012409158548779685	4.748605333333334
7.600000000000002e-07	-0.0007419865304982971	4.829165333333334
7.520000000000003e-07	-0.0026175916387888498	4.814650666666667
7.440000000000002e-07	-0.0025251972112854473	4.860672
7.360000000000002e-07	0.00015555855322129975	4.960405333333334
7.280000000000002e-07	-0.0005651173333139491	4.798120000000001
7.200000000000002e-07	-0.0036141304937111784	4.952874666666666
7.120000000000002e-07	-0.006135176493146773	4.983456
7.040000000000002e-07	-0.003695965671369801	4.886050666666668
6.960000000000002e-07	-0.002616271684963344	4.893194666666667
6.880000000000001e-07	-0.002514637884905835	4.840106666666667
6.800000000000002e-07	-0.001675169251181896	4.896296
6.720000000000002e-07	-0.0013016322286200992	4.813954666666667
6.640000000000001e-07	-0.005264029650458424	4.781434666666668
6.560000000000002e-07	-1.7350766743946463e-05	4.624973333333333
6.480000000000001e-07	0.0025683707136608157	4.716477333333334
6.400000000000001e-07	-0.0016830889037148119	4.807978666666666
6.320000000000002e-07	-0.0027152656223743627	4.549378666666667
6.240000000000001e-07	-0.003226074231786687	4.666416
6.160000000000001e-07	0.0004657394288512027	4.5970320000000005
6.08e-07	-0.002541036287916166	4.632733333333333
6.000000000000001e-07	-0.0028234989847231704	4.572429333333334
5.920000000000001e-07	0.0011243792362421667	4.532072000000001
5.84e-07	-0.003533615455501389	4.545653333333334
5.760000000000001e-07	-0.003897913185841255	4.485741333333334
5.680000000000001e-07	-0.002423563435150251	4.389269333333333
5.6e-07	-0.003214195088718672	4.35388
5.520000000000001e-07	-0.001478501306335539	4.660130666666667
5.44e-07	-0.0039018729326355008	4.363114666666666
5.36e-07	-0.001265994526709359	4.307933333333334
5.280000000000001e-07	-0.004312367832080056	4.286205333333333
5.2e-07	0.00030998923918591103	4.096213333333334
5.12e-07	-0.0033065893123154907	3.9115013333333337
5.04e-07	0.0019308498273872255	3.755352
4.96e-07	0.0013052081756924744	3.6341226666666673
4.88e-07	0.0018146969346374373	3.46012
4.8e-07	-0.0029224928700888955	3.327330666666667
4.72e-07	-0.0037210440410465123	3.053042666666667
4.6399999999999997e-07	-0.0017121271619841844	2.9070613333333335
4.5599999999999995e-07	-0.000479322470738182	2.5691413333333335
4.4799999999999994e-07	0.001248451655595527	2.3755040000000003
4.3999999999999997e-07	-0.0041157000547702716	2.1253653333333338
4.3199999999999995e-07	0.00035090649822212133	1.7606000000000002
4.2399999999999993e-07	-0.0020091087619108785	1.6254026666666668
4.159999999999999e-07	-0.0017596440890272399	1.3799957333333333
4.079999999999999e-07	-0.002170139008821368	1.1708349333333332
3.9999999999999993e-07	-0.001172280080730331	1.0752178666666667
3.919999999999999e-07	0.0021829543463062462	0.9094415999999999
3.839999999999999e-07	-0.001321431109666533	0.5631429333333333
3.7599999999999987e-07	0.0001674378642712294	0.6002405333333334
3.679999999999999e-07	0.0009646690755901459	0.4470376
3.599999999999999e-07	-0.002464480945160764	0.27652648
3.5199999999999987e-07	0.0005000575667029143	0.3577850666666667
3.4399999999999985e-07	0.0019678075581755494	0.16049912
3.3599999999999983e-07	0.0020285237009593595	0.2744314133333333
3.2799999999999987e-07	-0.0012963524149300647	0.25456266666666666
3.1999999999999985e-07	-0.0025225572975660455	0.19402656000000001
3.1199999999999983e-07	0.003176853402629761	0.040046927999999996
3.040000000000003e-07	0.0018146969067379143	0.028948802666666662
2.9600000000000027e-07	0.001443799700495085	0.0759032
2.8800000000000025e-07	-0.0009558134735620459	-0.04097845866666667
2.8000000000000023e-07	-0.00035657001090010277	-0.0062088613333333344
2.7200000000000027e-07	-0.00036844939763961223	0.04462607466666667
2.6400000000000025e-07	0.002519533710974381	-0.014125160000000001
2.5600000000000023e-07	0.0026092882363154355	0.14831386666666665
2.480000000000002e-07	-0.0008779380424589467	0.06232135999999999
2.400000000000002e-07	-0.004241092436834406	0.04346183760000001
2.320000000000002e-07	-0.0014006261630899325	0.031665085333333336
2.240000000000002e-07	-0.0010930851770210987	-0.10322210666666667
2.160000000000002e-07	0.0024390186343539897	0.1737703466666667
2.080000000000002e-07	-0.003260392170329908	-0.03833968
2.0000000000000018e-07	-0.001610493330066913	-0.019557912
1.9200000000000016e-07	0.0011798159027591227	-0.023438480000000005
1.8400000000000017e-07	-0.0011128837543282377	0.020877274666666668
1.7600000000000015e-07	0.0006109307055327685	0.10772352
1.6800000000000015e-07	-0.002456561597441548	-0.189136736
1.6000000000000014e-07	-0.0038517160227826233	0.08537186666666666
1.5200000000000014e-07	-0.0009135759565816682	0.007605834666666667
1.4400000000000012e-07	-0.0030333661066204417	-0.06286473866666667
1.3600000000000013e-07	0.0006241298791388321	0.03709789333333334
1.2800000000000011e-07	-0.003979748359796786	0.012495231999999995
1.200000000000001e-07	0.0017684997131837664	-0.04516941333333334
1.120000000000001e-07	-0.00011106503146150097	-0.018937005333333333
1.040000000000001e-07	-0.0017517244653005672	-0.10298917333333335
9.600000000000008e-08	-0.0005189200866747899	0.015056432
8.800000000000007e-08	-0.0017715234180120261	0.007295341333333327
8.000000000000007e-08	-0.0010600869591936846	-0.07109130666666667
7.200000000000006e-08	-0.004171136443498964	0.061157093333333336
6.400000000000006e-08	0.0005040171661291471	-0.03368299733333333
5.600000000000005e-08	0.0015493931094355416	-0.045014240000000004
4.800000000000004e-08	-0.0007195477548968638	-0.017151946666666668
4.0000000000000034e-08	-0.0018639176722457789	-0.03702027733333334
3.200000000000003e-08	0.0006690071030339094	0.03833958933333333
2.400000000000002e-08	-0.001706847554162457	-0.10135935999999998
1.6000000000000014e-08	0.00042746195912133337	-0.03492482666666666
8.000000000000007e-09	-0.0038319172893492696	-0.035700880000000004
0.0	-0.0009901312022779034	-0.06193325333333334
-8.000000000000007e-09	-0.0005439985076991263	-0.11206992000000002
-1.6000000000000014e-08	-0.0011247629525920927	0.02623242666666667
-2.400000000000002e-08	-0.0022598936239622168	-0.07838677333333334
-3.200000000000003e-08	0.0007099246599189165	-0.038494893333333335
-4.0000000000000034e-08	-0.0003209324017800712	0.10547268266666668
-4.800000000000004e-08	0.00031394889816030517	0.10368786666666667
-5.600000000000005e-08	-0.001177559731615189	0.11098346666666667
-6.400000000000006e-08	0.0003350675474021153	0.059993216
-7.200000000000006e-08	-0.0026730282194471476	0.09181338666666668
-8.000000000000007e-08	-0.0019417929354673639	-0.04726493333333333
-8.799999999999986e-08	0.0011982947556041777	0.011253599999999997
-9.599999999999987e-08	-0.005691683589508403	0.04726494133333334
-1.0399999999999987e-07	-0.0009690125357765599	0.029492000000000008
-1.1199999999999988e-07	-7.410726657226651e-05	-0.1393109976
-1.1999999999999988e-07	-0.002127901546364173	0.06464973333333333
-1.279999999999999e-07	-0.00069842917280761	-0.08405242666666667
-1.359999999999999e-07	-0.0014309843204343953	-0.0020954933333333357
-1.439999999999999e-07	-0.0031059616908588362	0.030035413333333334
-1.519999999999999e-07	9.047323245110935e-06	-0.030889066666666666
-1.5999999999999992e-07	-0.001358388826686493	-0.009701328266666667
-1.6799999999999992e-07	-7.542753985494092e-05	-0.046876853333333336
-1.7599999999999993e-07	-0.0037368831755944464	-0.019713093333333338
-1.8399999999999995e-07	-0.0019021953743905504	0.10298925333333334
-1.9199999999999995e-07	-0.000225898017130992	0.11975309333333335
-1.9999999999999996e-07	-0.0006957893332484895	0.007372640000000002
-2.0799999999999996e-07	-0.0031046417783346424	0.05052445333333333
-2.1599999999999998e-07	-1.0751205033284437e-05	0.009623706666666667
-2.2399999999999997e-07	-0.0028974144006601596	-0.05362898666666667
-2.3199999999999999e-07	-0.004276730023170161	0.06395117333333333
-2.4e-07	-0.0029040143062891593	0.10912053333333334
-2.48e-07	-0.0027654227647628997	0.05991532506666666
-2.56e-07	-0.0022321751708575645	0.07357480000000001
-2.6400000000000003e-07	0.0005686931213479402	0.18362666666666666
-2.72e-07	-0.0016448111083796832	0.05393941333333333
-2.8e-07	-0.0028868550112965134	0.15289285333333333
-2.8800000000000004e-07	0.00034298698925382484	0.08381930666666668
-2.9600000000000006e-07	-0.0029620904660836093	0.013038618666666668
-3.04e-07	-0.001858638025989235	0.17043322666666666
-3.1200000000000004e-07	-0.0012712739829973904	0.21350704
-3.2000000000000006e-07	-0.0012145174191046122	0.2600733333333334
-3.280000000000001e-07	0.0011639768619493038	0.3119168
-3.3599999999999983e-07	-0.004597470373429548	0.38557013333333334
-3.4399999999999985e-07	-0.0018427989580610607	0.5397045333333333
-3.5199999999999987e-07	-0.003959949506292255	0.6905018666666667
-3.599999999999999e-07	-0.00358905222288515	0.9064925333333334
-3.679999999999999e-07	-0.0005268395333228589	0.9242661333333334
-3.7599999999999987e-07	0.0006901257897431025	1.0686989333333332
-3.839999999999999e-07	-0.005832914891988179	1.2019554666666667
-3.919999999999999e-07	-0.0031046417358437453	1.4115056000000001
-3.9999999999999993e-07	-0.00029849358905277297	1.5901653333333334
-4.079999999999999e-07	0.00026115212257237153	1.6972693333333335
-4.159999999999999e-07	-0.0001744212100710913	1.8555946666666667
-4.2399999999999993e-07	-0.002841977835723625	2.1834986666666665
-4.3199999999999995e-07	-0.0025344366504635677	2.1568026666666666
-4.3999999999999997e-07	-0.0008304209629445884	2.3557173333333337
-4.4799999999999994e-07	-0.0017306060343110316	2.5294853333333336
-4.5599999999999995e-07	0.0005805724464336517	2.7141173333333333
-4.6399999999999997e-07	-0.0007393465740572925	2.774112
-4.72e-07	0.0019493286845428351	2.8726773333333337
-4.8e-07	0.0022819482525802855	3.070117333333333
-4.88e-07	-0.004118339843528191	3.176912
-4.96e-07	0.0022476304269315774	3.2749413333333335
-5.04e-07	-0.0005545578055504147	3.172802666666667
-5.12e-07	-0.003660327717607556	3.3789386666666665
-5.2e-07	-0.0021938975415843826	3.426048
-5.280000000000001e-07	0.0035451107759565032	3.6216266666666668
-5.36e-07	-0.0014402236439978724	3.5639626666666664
-5.44e-07	-0.003133679981559885	3.8012959999999993
-5.520000000000001e-07	0.0018014977590831318	3.7982639999999996
-5.6e-07	-0.002092263712444782	3.893962666666666
-5.680000000000001e-07	0.0014622785528872017	4.053216000000001
-5.760000000000001e-07	-0.0005268396451360158	4.129506666666667
-5.84e-07	-0.0008106221765352055	4.122525333333333
-5.920000000000001e-07	-0.0039018729613925726	4.232576
-5.999999999999999e-07	-0.0025951530192268534	4.255546666666667
-6.079999999999998e-07	-0.0023641670306685262	4.2214773333333335
-6.159999999999999e-07	-0.0005321192757101172	4.306226666666666
-6.239999999999999e-07	0.00029415012353975023	4.408826666666667
-6.319999999999999e-07	-0.0013927066990029738	4.461138666666668
-6.399999999999999e-07	-0.0028934547047954604	4.54348
-6.479999999999999e-07	-0.000986171669464279	4.430714666666668
-6.559999999999999e-07	-0.0043453658638095	4.5145333333333335
-6.639999999999999e-07	0.0003627858932993262	4.523690666666667
-6.72e-07	-0.0011498414430539355	4.608984
-6.8e-07	0.002639646362088044	4.631882666666668
-6.879999999999999e-07	-0.002731104593331591	4.641968
-6.96e-07	-0.0002470167290832494	4.6132506666666675
-7.04e-07	-0.0001889404423241866	4.696141333333333
-7.119999999999999e-07	-0.0016012538504524489	4.792845333333334
-7.2e-07	0.0017355017896921565	4.771189333333333
-7.28e-07	0.00016611780531845688	4.776856
-7.36e-07	-0.0011353223304015974	4.897072
-7.44e-07	-0.0017108072759746372	4.863544
-7.52e-07	0.0011177794413554107	4.847557333333333
-7.6e-07	-0.000716907988019974	4.831648000000001
-7.68e-07	-0.0011683204544143532	4.877669333333333
-7.760000000000001e-07	-0.0007631051700269921	4.867581333333334
-7.84e-07	-0.0007921435588093183	4.909879999999999
-7.92e-07	-0.0021833381270065615	4.8016906666666666
-8.000000000000001e-07	5.9204425074247446e-05	4.858578666666666
-8.08e-07	-0.0005875557657470753	4.873016000000001
-8.160000000000001e-07	-0.004454919097560414	5.0245093333333335
-8.240000000000001e-07	-0.002317969924272173	4.926021333333334
-8.32e-07	-0.001363668326927676	4.817837333333334
-8.400000000000001e-07	-8.466671915849638e-05	4.825360000000001
-8.479999999999999e-07	0.0006505281866599612	4.984306666666667
-8.559999999999998e-07	-0.00373292329427085	4.725245333333333
-8.639999999999999e-07	-0.0018256400308168646	4.9308320000000005
-8.719999999999999e-07	-0.0030096075808787167	4.781122666666667
-8.799999999999999e-07	-0.0012343163299111338	4.7527973333333335
-8.879999999999999e-07	-5.562851859333795e-05	4.7583866666666665
-8.959999999999999e-07	-0.0015101793926164027	4.746821333333333
-9.039999999999999e-07	-0.0009808918809857113	4.7829093333333335
-9.119999999999999e-07	-7.146760175338017e-05	4.561952
-9.2e-07	-0.005118838543079482	4.66828
-9.279999999999999e-07	-0.0010376482898504721	4.631725333333334
-9.359999999999999e-07	-0.0007987429521179462	4.703592000000001
-9.44e-07	0.000989747552179741	4.600525333333334
-9.52e-07	0.0010834617190981061	4.655936
-9.6e-07	-0.002108102800975789	4.624664
-9.679999999999999e-07	-0.0017358855901106237	4.572584000000001
-9.76e-07	-0.0014045858088932391	4.657104
-9.84e-07	-0.001180199650366124	4.486669333333333
-9.92e-07	-0.0008686986056837296	4.5027360000000005
-1e-06	-0.0001929000624158324	4.416432
-1.008e-06	-0.0019325536997184764	4.53448
-1.016e-06	-0.004720222945437072	4.397266666666667
-1.024e-06	-0.0002773749696215079	4.3869413333333345
-1.032e-06	-0.0016830888239052345	4.265016
-1.04e-06	-0.0028934547754988394	4.246154666666667
-1.048e-06	0.0007020051072800208	4.225978666666667
-1.0560000000000001e-06	-0.001382147198099363	4.310263999999999
-1.064e-06	0.0016338679383008248	4.145496
-1.072e-06	-0.00041992614311321344	4.25896
-1.08e-06	-0.002622871332170716	4.272312
-1.088e-06	0.0008749145050735458	4.098154666666668
-1.0960000000000002e-06	0.00034694693799985416	4.1639653333333335
-1.1040000000000001e-06	-0.0013359501067754702	4.068197333333334
-1.1120000000000001e-06	-0.0038939533882207306	4.067031999999999
-1.12e-06	0.00034034723105908534	3.9476693333333337
-1.128e-06	0.000816838125359393	4.0604346666666675
-1.1360000000000002e-06	-0.001819040572813949	3.919413333333334
-1.1440000000000002e-06	-0.0038767944779321355	4.045146666666667
-1.1520000000000002e-06	-0.0011076040706986096	4.042896000000001
-1.1600000000000001e-06	0.001120419458858542	3.9528640000000004
-1.1679999999999999e-06	6.976372716176407e-05	3.956125333333334
-1.1759999999999998e-06	0.0011151396790440738	3.841576
-1.184e-06	-1.5118371073774736e-06	3.8874426666666664
-1.192e-06	-0.0008093024099405294	3.926093333333333
-1.2e-06	-0.002166179413662888	3.69
-1.208e-06	-1.5119156839257796e-06	3.8485573333333334
-1.2159999999999999e-06	-0.001037648379163027	3.8071946666666667
-1.224e-06	-0.001708167430055079	3.7804960000000003
-1.232e-06	-0.0028881750160700582	3.784144
-1.24e-06	0.000537015186111207	3.7159253333333333
-1.248e-06	0.0017764192767707539	3.562874666666667
-1.256e-06	-0.0001493426631704385	3.6608186666666667
-1.264e-06	-0.0022229357795830766	3.599896
-1.272e-06	-0.0002536162941113522	3.631482666666667
-1.28e-06	-0.001985350256497329	3.598576
-1.288e-06	-0.0028657363834370224	3.481306666666667
-1.296e-06	-0.0006971090937068017	3.562410666666667
-1.304e-06	-0.0018625978324901347	3.510568
-1.3119999999999999e-06	-0.003116520990342649	3.4875946666666673
-1.3199999999999999e-06	-0.0008066624473583832	3.4794426666666665
-1.3279999999999998e-06	-0.0010838455606465287	3.531754666666667
-1.3359999999999998e-06	0.00042086242459062496	3.4584106666666665
-1.344e-06	0.00012388049439464717	3.5009440000000005
-1.352e-06	0.0008102384196570696	3.4359093333333335
-1.36e-06	0.0015916306485773315	3.3945413333333336
-1.3679999999999999e-06	0.0004934578841741188	3.487672
-1.3759999999999998e-06	0.0005211761699393128	3.3985013333333334
-1.3839999999999998e-06	-0.0023272094451256492	3.4580240000000004
-1.392e-06	-0.004330846713887769	3.329968
-1.4e-06	2.8846361128553705e-05	3.4352853333333337
-1.408e-06	-0.0007657449796864017	3.464701333333333
-1.4159999999999999e-06	-8.111525796419913e-06	3.460818666666667
-1.4239999999999998e-06	-0.0011511613239547482	3.355034666666667
-1.432e-06	-0.000327531826485544	3.506146666666667
-1.44e-06	-0.0024275233277857265	3.292168
-1.448e-06	-0.001704207611950662	3.3751360000000004
-1.456e-06	-0.00216221953361712	3.3519333333333337
-1.4639999999999999e-06	0.0003363875950631966	3.3744373333333337
-1.472e-06	-0.0006482720402327618	3.3557359999999994
-1.48e-06	-0.00014802275918787108	3.457248
-1.488e-06	-7.410743676512458e-05	3.448632
-1.496e-06	-0.0021371409415140963	3.40036
-1.504e-06	0.0008168381239170656	3.2644640000000003
-1.512e-06	-0.001461342416452175	3.399584
-1.52e-06	-0.0014191049517604825	3.3973306666666674
-1.528e-06	-0.0008686988721287883	3.308701333333334
-1.536e-06	-0.0004040871417594044	3.3326080000000005
-1.544e-06	-0.0009703325406270799	3.297602666666667
-1.5520000000000001e-06	0.0011520974400781303	3.2900773333333335
-1.56e-06	-7.806725024159591e-05	3.2769600000000003
-1.568e-06	-0.0019325536659637866	3.226202666666667
-1.576e-06	-6.61877615062441e-05	3.3145253333333335
-1.584e-06	0.0041720723084025845	3.262757333333333
-1.5920000000000002e-06	-0.0005334390999771257	3.3014106666666665
-1.6000000000000001e-06	-0.0013874268848706722	3.3808053333333334
-1.608e-06	-0.0001638619653889487	3.2973733333333337
-1.616e-06	-0.0017438050697069162	3.264930666666667
-1.624e-06	-0.0011762399038588753	3.252202666666667
-1.6320000000000002e-06	-0.002632110783861302	3.2969840000000006
-1.6400000000000002e-06	-0.0016289721607011642	3.3854560000000005
-1.6480000000000001e-06	0.0012854093876227964	3.2132373333333333
-1.656e-06	-0.0007353868163006283	3.40548
-1.6639999999999999e-06	0.00036938553575747914	3.0919306666666673
-1.6719999999999998e-06	-0.001495660288571651	3.245373333333333
-1.68e-06	-0.0030439253692589713	3.232328
-1.688e-06	0.0010438640770075093	3.151066666666667
-1.696e-06	0.0011982947161678545	3.232645333333333
-1.704e-06	0.0003957837488583988	3.245290666666667
-1.7119999999999999e-06	0.0004446207796115941	3.2421893333333336
-1.72e-06	-0.0006311132404889633	3.228762666666667
-1.728e-06	-0.0011221231395675943	3.1744346666666665
-1.736e-06	-0.003306589500133502	3.2540640000000005
-1.744e-06	-0.0006720306598327367	3.235821333333333
-1.752e-06	0.0017645400291778086	3.2545279999999996
-1.76e-06	-0.0008370206271615447	3.250181333333333
-1.768e-06	-0.0006416726073083111	3.2162640000000002
-1.776e-06	-0.0006905096306179043	3.222474666666667
-1.784e-06	-0.0018625981464467623	3.241954666666666
-1.792e-06	-0.00026021581762656406	3.1553359999999997
-1.8000000000000001e-06	-0.0027852212448584495	3.1479653333333335
-1.808e-06	0.0020364433569485564	3.2577893333333336
-1.816e-06	0.0017262623656668723	3.2044693333333334
-1.824e-06	-0.0002549362234072917	3.1426053333333335
-1.832e-06	-0.0018295997436960927	3.2288426666666665
-1.8400000000000002e-06	-0.0010138898013357385	3.304434666666667
-1.8480000000000001e-06	-0.0006865499026446405	3.134144
-1.8559999999999999e-06	-0.003933550997000451	3.118085333333334
-1.8639999999999999e-06	-5.430863870717591e-05	2.8166426666666666
-1.8719999999999998e-06	0.00023475369638270295	3.1075253333333333
-1.8799999999999998e-06	0.00025455253856776565	3.3426160000000005
-1.888e-06	-0.001610493285240108	3.2215386666666666
-1.896e-06	-0.002482959742694094	3.0992240000000004
-1.904e-06	-0.0018282799435620025	3.0822293333333337
-1.912e-06	-0.0015260184984556009	3.2552266666666667
-1.92e-06	0.0015414737270229239	3.145096
-1.928e-06	-0.0009835315886334202	3.2657040000000004
-1.9359999999999998e-06	-0.0006126343608388363	3.136085333333334
-1.944e-06	-0.0008713387552783024	3.3497573333333337
-1.952e-06	0.002944547571557722	3.1873893333333334
-1.96e-06	-0.0016474509115484148	3.1901840000000004
-1.968e-06	-0.0005888758481705185	3.177845333333333
-1.976e-06	-0.00269282717803787	3.270901333333333
-1.984e-06	-0.002746943663165679	3.204778666666667
-1.992e-06	6.580392431997789e-05	3.152701333333334
-2e-06	-0.0010072902337582895	3.23684
