Started: March 19, 2024 15:52:01
Initial Temperature (K)	0.020158
Resistor	1000000.0	Excitation Current (A)	5e-08
Current (A)	Measured Voltage (V)	Resistance (Ohms)
-1.5e-06	0.21219850731899956	16.92107
-1.49e-06	0.2180243001643577	24.678990000000002
-1.48e-06	0.21512047832865738	24.236620000000002
-1.47e-06	0.2160295724435015	24.54285
-1.46e-06	0.20382196850658882	24.640605
-1.4499999999999999e-06	0.2148878422669631	24.691815000000002
-1.44e-06	0.21442092105531466	21.179585000000003
-1.4299999999999999e-06	0.21205001608487378	26.20054
-1.42e-06	0.2132164945514497	23.883854999999997
-1.4099999999999998e-06	0.21400184624465576	23.468325
-1.4e-06	0.21084228955457504	25.94215
-1.3899999999999998e-06	0.2100255902681198	25.637140000000006
-1.38e-06	0.20643375964727245	25.56845
-1.37e-06	0.21419653449469714	25.523040000000005
-1.36e-06	0.2146453071295173	28.521885000000005
-1.35e-06	0.20759858806247372	26.327450000000002
-1.34e-06	0.21585303327195154	24.361150000000002
-1.33e-06	0.21330723943413987	28.64066
-1.32e-06	0.21272812490499046	27.194770000000005
-1.31e-06	0.21540756053760213	23.78385
-1.3e-06	0.2148911411623653	30.758200000000002
-1.29e-06	0.21399854692432102	27.028250000000003
-1.28e-06	0.20908184760968426	26.000310000000002
-1.2700000000000001e-06	0.21697991390282712	23.862905
-1.26e-06	0.2130350056926647	26.371675
-1.25e-06	0.20421299502439202	26.631300000000003
-1.24e-06	0.21742538673969763	18.81511
-1.23e-06	0.20950257210645065	25.022435
-1.22e-06	0.20837404107341656	28.63015
-1.21e-06	0.2175953262036298	24.638255
-1.2e-06	0.20878981557734386	24.17035
-1.19e-06	0.20924353808773632	25.407774999999997
-1.18e-06	0.2132082453456061	26.744245
-1.17e-06	0.20689573113495824	26.9666
-1.16e-06	0.2112234165719305	22.80471
-1.15e-06	0.20759363857477414	26.319300000000002
-1.14e-06	0.21203681679810898	28.5079
-1.13e-06	0.2098919478706447	19.85128
-1.12e-06	0.20373122429553758	32.61735
-1.11e-06	0.2098737991117392	27.809450000000002
-1.1e-06	0.20907524816281392	29.050400000000003
-1.09e-06	0.2141041404150191	25.079459999999997
-1.08e-06	0.21320824437572383	25.614970000000003
-1.0700000000000001e-06	0.20794671730697423	24.548655
-1.06e-06	0.21132240989914983	26.8584
-1.0500000000000001e-06	0.2092220890787939	27.778000000000006
-1.04e-06	0.21482679614754335	22.88501
-1.03e-06	0.21209291382485002	25.48809
-1.02e-06	0.21711025618812152	31.866500000000002
-1.01e-06	0.20978965442204967	25.3473
-1e-06	0.2152871179272735	24.91189
-9.9e-07	0.21060305472292795	29.136600000000005
-9.8e-07	0.212513637774465	26.64535
-9.7e-07	0.20753589225624114	24.53118
-9.6e-07	0.20775037900205368	18.09451
-9.499999999999999e-07	0.21056675696932137	25.26115
-9.399999999999999e-07	0.215559350692425	19.971175000000002
-9.3e-07	0.21507098124692	28.148250000000004
-9.200000000000001e-07	0.21854566737943232	26.347300000000004
-9.100000000000001e-07	0.2112448653770445	23.513635
-9.000000000000001e-07	0.20721911161376216	29.26225
-8.900000000000001e-07	0.21024667587448717	26.505585000000004
-8.8e-07	0.21444071967716377	29.379800000000003
-8.7e-07	0.21270997585954096	26.9934
-8.6e-07	0.2043680852584715	27.3647
-8.5e-07	0.21087858724614533	29.62315
-8.4e-07	0.2126456298720352	26.826900000000002
-8.3e-07	0.20710031890500777	31.310050000000004
-8.2e-07	0.2159520265059529	30.31355
-8.1e-07	0.20867927233369143	24.443860000000004
-8e-07	0.21187182716414127	29.639450000000004
-7.900000000000001e-07	0.21532011607742813	29.17495
-7.8e-07	0.21341778265456615	20.413525000000003
-7.7e-07	0.21203846654317693	26.2297
-7.6e-07	0.20886736042507675	26.97585
-7.5e-07	0.21063935241971304	29.11215
-7.4e-07	0.20745834681267541	25.952600000000004
-7.3e-07	0.20955701888045594	27.353100000000005
-7.2e-07	0.21493238981955753	20.935050000000004
-7.1e-07	0.21159464417511445	21.07013
-7e-07	0.215732590696237	23.77915
-6.9e-07	0.21132736002764013	27.503240000000005
-6.8e-07	0.21756067863578818	26.689555
-6.699999999999999e-07	0.20839713952901984	26.47305
-6.6e-07	0.20971705907059693	30.4789
-6.5e-07	0.21198401970739045	24.9247
-6.4e-07	0.2108142420856733	27.4066
-6.3e-07	0.20993319583445022	19.673125000000002
-6.2e-07	0.21013943319879855	27.95736
-6.1e-07	0.21785765970660803	16.89195
-6e-07	0.2119609214668579	26.524250000000002
-5.9e-07	0.20651955385093773	29.53125
-5.8e-07	0.21131911103978263	27.7885
-5.699999999999999e-07	0.20792856804959717	27.832700000000003
-5.599999999999999e-07	0.21190317489851843	27.539285
-5.499999999999999e-07	0.2116226924890972	30.55565
-5.4e-07	0.2108274408928354	29.6616
-5.3e-07	0.20631166709996593	26.60225
-5.2e-07	0.20940357765864506	26.0795
-5.1e-07	0.2131455482647823	27.7559
-5e-07	0.20700132503120267	29.144710000000003
-4.9e-07	0.21135705829272222	28.58245
-4.8e-07	0.21398864734005596	27.885100000000005
-4.6999999999999995e-07	0.20814470489927353	28.79195
-4.6e-07	0.20674064051784236	24.056235
-4.5e-07	0.21598337482719668	24.914209999999997
-4.3999999999999997e-07	0.21512212783331794	26.755845
-4.2999999999999996e-07	0.20880136505184338	20.446125
-4.1999999999999995e-07	0.21236844666783808	26.691850000000002
-4.0999999999999994e-07	0.210096534813996	29.4777
-3.9999999999999993e-07	0.2048614054330908	21.491600000000002
-3.899999999999999e-07	0.2013685679060217	26.178450000000005
-3.799999999999999e-07	0.2123948452460902	29.740750000000002
-3.699999999999999e-07	0.21359432144620663	26.20525
-3.599999999999999e-07	0.21512377810846237	33.852599999999995
-3.499999999999999e-07	0.21079444290930674	23.781465
-3.400000000000001e-07	0.21499343544012564	31.22745
-3.3000000000000007e-07	0.2100189905382949	29.265750000000004
-3.2000000000000006e-07	0.21391605209478246	25.254085
-3.1000000000000005e-07	0.207753678582895	26.3682
-3.0000000000000004e-07	0.21261593165900064	29.47645
-2.9000000000000003e-07	0.21206816531666053	25.582465000000006
-2.8e-07	0.20743854795143868	21.448475000000002
-2.7e-07	0.21204836650720513	21.11785
-2.6e-07	0.21724224817127963	24.95492
-2.5e-07	0.21079939280509039	20.116665000000005
-2.4e-07	0.208705670750432	26.446180000000005
-2.3e-07	0.2106459519717466	29.620850000000004
-2.1999999999999998e-07	0.2088030149487567	27.9538
-2.0999999999999997e-07	0.21019057973352084	21.25289
-1.9999999999999996e-07	0.20604438315679566	26.039900000000003
-1.8999999999999995e-07	0.21095118320227768	26.0562
-1.7999999999999994e-07	0.21077959392667028	25.141150000000003
-1.6999999999999993e-07	0.2175771773565949	25.92
-1.5999999999999992e-07	0.20692212972001386	27.2285
-1.4999999999999991e-07	0.2105453081585554	27.443900000000003
-1.399999999999999e-07	0.21541086036146534	28.43455
-1.299999999999999e-07	0.21582003532958308	28.82455
-1.1999999999999988e-07	0.21852916900976235	32.07265
-1.0999999999999987e-07	0.2088145642794588	26.52185
-9.999999999999986e-08	0.21238989531476102	26.314650000000004
-9.000000000000008e-08	0.20973685794177893	28.48815
-8.000000000000007e-08	0.21412228952918855	24.724420000000002
-7.000000000000006e-08	0.2086957711797389	22.528845
-6.000000000000005e-08	0.21280402022443917	27.668550000000003
-5.0000000000000044e-08	0.20652120378410915	22.769775
-4.0000000000000034e-08	0.21651464268136889	31.2588
-3.0000000000000024e-08	0.21818104041368078	28.110935000000005
-2.0000000000000017e-08	0.21395399985245955	23.733665000000002
-1.0000000000000008e-08	0.2164684454680677	28.915399999999998
0.0	0.21175138456883655	24.448485
1.0000000000000008e-08	0.21510397908466797	19.499645
2.0000000000000017e-08	0.20571935261744317	24.504405
3.0000000000000024e-08	0.21286011611155894	23.33672
4.0000000000000034e-08	0.20985895025657236	26.5742
5.0000000000000044e-08	0.21437637388381908	23.780285
6.000000000000005e-08	0.21591902928373546	25.788450000000005
7.000000000000006e-08	0.21309605126861947	27.999249999999996
8.000000000000007e-08	0.21462055873921526	25.464800000000004
9.000000000000008e-08	0.21512047819911198	32.728
1.0000000000000009e-07	0.21110957330392066	28.04105
1.100000000000001e-07	0.21732144309205526	26.567300000000003
1.200000000000001e-07	0.21878160363760749	23.832655
1.300000000000001e-07	0.21400844650356093	22.468265
1.4000000000000012e-07	0.21123991576005752	24.9433
1.5000000000000013e-07	0.2124509413292361	22.139975
1.6000000000000014e-07	0.21381210853909027	25.973565
1.6999999999999993e-07	0.21152039831570466	23.02243
1.7999999999999994e-07	0.21374611253450673	26.205250000000003
1.8999999999999995e-07	0.20810840737943614	22.563755
1.9999999999999996e-07	0.21522442180317816	27.929299999999998
2.0999999999999997e-07	0.21253838600771385	23.483420000000002
2.1999999999999998e-07	0.20908844713355726	22.651055
2.3e-07	0.20805561047642673	23.776800000000005
2.4e-07	0.2149505386982105	29.851350000000004
2.5e-07	0.21677367669059022	30.165650000000003
2.6e-07	0.20866937299595212	32.47545
2.7e-07	0.21551150430809213	31.6628
