Started: March 08, 2024 13:20:42
Initial Temperature (K)	0.0203004
Resistor	1000000.0	Excitation Current (A)	2.5e-08
Current (A)	Measured Current (A)	Resistance (Ohms)
-1.5e-06	5.2807688299999997e-11	3.1407575999999997
-1.494e-06	6.3590111e-11	3.2481800000000005
-1.488e-06	5.1336219500000006e-11	3.3202412000000003
-1.482e-06	6.10560094e-11	3.3503648
-1.476e-06	5.900492189999999e-11	3.3622964000000004
-1.47e-06	4.7170408999999994e-11	3.3723668000000004
-1.4639999999999999e-06	3.0054025000000006e-11	3.3441648
-1.458e-06	3.58834815e-11	3.3935540000000004
-1.452e-06	5.77604631e-11	3.431272800000001
-1.446e-06	5.1140305899999996e-11	3.3548456
-1.44e-06	2.3423347e-11	3.3479772
-1.434e-06	6.34541556e-11	3.2887216
-1.428e-06	2.6567354299999996e-11	3.4428264
-1.422e-06	4.8978749000000003e-11	3.397716
-1.4159999999999999e-06	8.63891016e-11	3.4076984
-1.4099999999999998e-06	6.810455022999999e-11	3.6231836
-1.4039999999999998e-06	4.4478957299999994e-11	3.5339800000000006
-1.398e-06	3.4165352799999996e-11	3.4435544
-1.392e-06	6.617893500000001e-11	3.2868003999999997
-1.386e-06	6.5297519e-11	3.4202711999999997
-1.38e-06	6.389230600000001e-11	3.5164296
-1.374e-06	2.51167395e-11	3.2722488000000007
-1.3679999999999999e-06	5.65913589e-11	3.384881600000001
-1.362e-06	7.769750430000001e-11	3.5034788
-1.3559999999999998e-06	7.139432e-11	3.4323207999999994
-1.35e-06	3.49209993e-11	3.4951844000000003
-1.3440000000000002e-06	1.75536425e-11	3.4960568000000003
-1.3380000000000001e-06	7.3410399e-11	3.3393912
-1.3320000000000001e-06	6.04308769e-11	3.5269660000000003
-1.326e-06	5.863697360000001e-11	3.4350268
-1.32e-06	7.5692278e-11	3.5556332000000004
-1.314e-06	5.398146599999999e-11	3.5754528
-1.308e-06	4.860057199999999e-11	3.393234000000001
-1.302e-06	5.3094754e-11	3.5746960000000008
-1.296e-06	5.3290986800000005e-11	3.6181184
-1.29e-06	4.4972633e-11	3.553421600000001
-1.2840000000000001e-06	5.5724531599999995e-11	3.6156452000000003
-1.278e-06	6.371604699999999e-11	3.6313024000000005
-1.272e-06	4.9769345699999994e-11	3.590936
-1.266e-06	6.2259767e-11	3.5322048
-1.26e-06	5.632964860000001e-11	3.363286
-1.254e-06	8.5054124e-11	3.4381700000000004
-1.248e-06	6.280394959999998e-11	3.4223376
-1.242e-06	6.871908900000001e-11	3.6616292
-1.236e-06	5.136648582999999e-11	3.5214076
-1.23e-06	6.7646091e-11	3.5964951999999997
-1.224e-06	3.1706817000000004e-11	3.605692
-1.218e-06	1.6319848099999998e-11	3.5687299999999995
-1.212e-06	4.7456391124e-11	3.516838
-1.206e-06	5.443542215e-11	3.625220400000001
-1.2e-06	4.9517969e-11	3.5509771999999997
-1.194e-06	5.805254329999999e-11	3.4895667999999995
-1.1879999999999999e-06	5.2102647999999984e-11	3.6279559999999997
-1.1819999999999999e-06	5.2056388e-11	3.5885784000000003
-1.1759999999999998e-06	2.2904223908e-11	3.5599696
-1.17e-06	5.76596677e-11	3.5840088000000003
-1.164e-06	3.74903999e-11	3.6209135999999993
-1.158e-06	4.2060618e-11	3.7208264
-1.152e-06	4.0035417999999996e-11	3.683166000000001
-1.146e-06	5.2988581e-11	3.5408188000000003
-1.14e-06	5.5654347199999986e-11	3.8286268000000008
-1.1339999999999999e-06	4.8505113000000005e-11	3.7566828
-1.128e-06	6.008811e-11	3.6756864
-1.1219999999999998e-06	5.338199999999999e-11	3.7416351999999997
-1.1160000000000002e-06	5.890943699999999e-11	3.6879384
-1.11e-06	6.63919604e-11	3.7861956
-1.1040000000000001e-06	5.96247121e-11	3.7779844000000002
-1.098e-06	5.4208089999999995e-11	3.893182800000001
-1.092e-06	7.089570699999999e-11	3.8006300000000004
-1.0859999999999999e-06	5.64553555e-11	3.8510072
-1.08e-06	6.815457200000001e-11	3.8857024000000004
-1.074e-06	3.819062699999999e-11	3.9261255999999998
-1.068e-06	6.53128115e-11	3.8397752000000005
-1.062e-06	6.24613222e-11	4.1543864
-1.0560000000000001e-06	4.53358174e-11	3.9897468000000003
-1.0500000000000001e-06	4.644851290000001e-11	3.8928896
-1.044e-06	3.552060243e-11	4.0428348
-1.038e-06	5.3276080900000005e-11	4.0542132
-1.032e-06	4.692232419999999e-11	4.2768239999999995
-1.026e-06	6.226448199999999e-11	4.225688
-1.02e-06	4.699343615199999e-11	4.355641199999999
-1.014e-06	3.92239878e-11	4.1279636
-1.008e-06	7.196373599999999e-11	4.432188
-1.002e-06	4.14409215e-11	4.350572
-9.96e-07	5.98008601e-11	4.328869599999999
-9.9e-07	5.016763976e-11	4.43424
-9.84e-07	5.8550999e-11	4.2675716
-9.78e-07	4.678142692000001e-11	4.600175999999999
-9.72e-07	6.4712959e-11	4.609192000000001
-9.66e-07	5.2188182999999994e-11	4.630212
-9.6e-07	5.579034999999999e-11	4.78612
-9.539999999999999e-07	4.5376554e-11	4.828064
-9.48e-07	8.866153e-11	4.8350480000000005
-9.419999999999999e-07	5.157839300000001e-11	4.955396
-9.359999999999999e-07	5.0515249e-11	5.026616000000001
-9.3e-07	3.3374034e-11	5.281568000000001
-9.24e-07	4.44289269e-11	5.21096
-9.18e-07	5.90100348e-11	5.362676
-9.12e-07	5.277734200000001e-11	5.372460000000001
-9.06e-07	6.2223923e-11	5.496648
-9.000000000000001e-07	2.6829306e-11	5.600568000000001
-8.94e-07	3.90525341e-11	5.55156
-8.88e-07	2.007813955e-11	5.818384
-8.82e-07	5.096353259999999e-11	5.8441719999999995
-8.76e-07	4.37031183e-11	6.025924000000001
-8.7e-07	5.819362979999999e-11	6.129912
-8.64e-07	3.5692191e-11	6.157331999999999
-8.58e-07	5.9579012e-11	6.185272
-8.52e-07	4.060422939999999e-11	6.327444000000001
-8.459999999999999e-07	3.828695398999999e-11	6.392576000000001
-8.4e-07	5.888435070000001e-11	6.685564000000001
-8.34e-07	5.38408492e-11	6.848228000000001
-8.28e-07	7.84083828e-11	6.934084
-8.219999999999999e-07	4.6600299000000004e-11	7.039788
-8.159999999999999e-07	3.20539879e-11	6.910888000000002
-8.1e-07	5.0812498e-11	7.226516000000001
-8.039999999999999e-07	6.411846600000001e-11	7.403908000000001
-7.979999999999999e-07	2.22192746e-11	7.379284
-7.92e-07	3.303675e-11	7.588512
-7.860000000000001e-07	6.5670491e-11	7.66246
-7.8e-07	4.7340755899999995e-11	7.725536000000001
-7.74e-07	6.042538e-11	7.918228000000001
-7.68e-07	6.89202963e-11	8.159583999999999
-7.62e-07	6.6008343e-11	8.350648000000001
-7.56e-07	2.2098373e-11	8.539216000000001
-7.5e-07	6.482451699999999e-11	8.701828
-7.44e-07	5.0348713274000004e-11	8.7376
-7.38e-07	3.9818545000000005e-11	8.7376
-7.319999999999999e-07	6.644682010000001e-11	8.7376
-7.26e-07	5.30342914e-11	8.7376
-7.2e-07	3.950616999999999e-11	8.7376
-7.14e-07	5.1628703629999994e-11	8.7376
-7.079999999999999e-07	5.4863213000000005e-11	8.7376
-7.019999999999999e-07	5.456122299999999e-11	8.7376
-6.96e-07	5.3402431200000005e-11	8.7376
-6.9e-07	1.0804478199999999e-10	8.166516000000001
-6.839999999999999e-07	4.17331134e-11	6.410796
-6.779999999999999e-07	4.2660082100000003e-11	5.216398
-6.72e-07	6.246117860000001e-11	3.4192524000000004
-6.660000000000001e-07	4.45044529e-11	2.791104
-6.6e-07	3.7475119999999997e-11	1.6745851999999999
-6.54e-07	4.5964965299999996e-11	1.273736
-6.48e-07	6.783241e-11	0.8173268
-6.420000000000001e-07	5.83248825e-11	0.43105908
-6.36e-07	5.6621544e-11	0.6474179200000001
-6.3e-07	2.9635458700000006e-11	0.215165816
-6.24e-07	4.27305945e-11	0.15104964
-6.18e-07	4.597083143e-11	0.17395432
-6.12e-07	3.2658494000000003e-11	0.116125116
-6.06e-07	9.412803000000002e-11	0.03777701640000001
-6e-07	4.75121359e-11	0.030850196000000007
-5.939999999999999e-07	3.85886604e-11	-0.008294519999999994
-5.879999999999999e-07	4.2513703999999996e-11	-0.11437880800000003
-5.82e-07	3.5521217100000005e-11	-0.06333048000000001
-5.76e-07	5.5317197000000007e-11	0.34729809200000006
-5.699999999999999e-07	4.8625631e-11	-0.036030639999999996
-5.639999999999999e-07	6.443112760000001e-11	0.079803172
-5.579999999999999e-07	5.90806482e-11	-0.02665924
-5.52e-07	2.94136931e-11	0.020896756000000002
-5.459999999999999e-07	5.0837800000000005e-11	0.050699335600000006
-5.4e-07	6.416381529999998e-11	-0.07063549200000001
-5.34e-07	4.4333077599999997e-11	-0.010448396000000007
-5.280000000000001e-07	3.855368920000001e-11	-0.018743055999999994
-5.22e-07	2.9262887899999994e-11	-0.03533226
-5.16e-07	5.17894805e-11	-0.09857526400000001
-5.1e-07	4.5048558219999996e-11	-0.055064840000000004
-5.04e-07	2.8488008e-11	-0.08835984
-4.98e-07	9.819943400000002e-11	-0.059139332
-4.92e-07	3.081028803e-11	0.005238583999999996
-4.86e-07	3.3817755029999995e-11	-0.013678880000000001
-4.8e-07	6.421927659e-11	0.011408735999999997
-4.74e-07	5.6757192999999995e-11	0.018801200000000004
-4.6799999999999996e-07	3.9012754299999993e-11	0.093598516
-4.62e-07	6.013331309999998e-11	-0.011670639999999993
-4.5599999999999995e-07	4.2367932999999994e-11	-0.027299508000000007
-4.5e-07	5.3795224000000007e-11	0.07616510400000001
-4.4399999999999995e-07	4.4721147000000005e-11	0.019295827999999994
-4.379999999999999e-07	6.7509783e-11	-0.06207879999999999
-4.3199999999999995e-07	3.5016576e-11	-0.08297556000000002
-4.259999999999999e-07	4.889777799999999e-11	-0.11496078004000002
-4.1999999999999995e-07	6.695536500000001e-11	0.0353030916
-4.139999999999999e-07	7.333428e-11	0.05762600399999999
-4.079999999999999e-07	5.052057899999999e-11	0.002037108000000004
-4.019999999999999e-07	8.365836150000001e-11	-0.035710664
-3.959999999999999e-07	4.56882869e-11	0.004482175599999999
-3.899999999999999e-07	6.331740680000001e-11	-0.047817796
-3.839999999999999e-07	4.14359566e-11	0.024621892
-3.779999999999999e-07	5.454127980000001e-11	-0.0027939920000000043
-3.719999999999999e-07	5.989161300000001e-11	0.024796736000000007
-3.6599999999999986e-07	3.51529548e-11	-0.0037545079999999954
-3.599999999999999e-07	3.142998e-11	-0.147586244
-3.5399999999999986e-07	4.69526518e-11	-0.09802200000000001
-3.479999999999999e-07	4.77439997e-11	-0.08926190360000001
-3.4200000000000007e-07	1.638982043e-11	-0.12831951600000002
-3.360000000000001e-07	3.8981632e-11	0.0232833
-3.3000000000000007e-07	6.6819158e-11	0.061263919999999986
-3.2400000000000004e-07	1.8551724169999998e-11	0.037311288000000005
-3.1800000000000007e-07	5.1165047099999997e-11	-0.10262066400000003
-3.1200000000000004e-07	6.456228800000001e-11	-0.0686272
-3.0600000000000007e-07	3.79341952e-11	-0.078144376
-3.0000000000000004e-07	5.5337549e-11	0.047468684000000004
-2.9400000000000007e-07	5.4576457600000004e-11	-0.014551812000000003
-2.8800000000000004e-07	3.442740663e-11	-0.099856016
-2.82e-07	5.1392285099999994e-11	0.08993136000000002
-2.7600000000000004e-07	4.46607375e-11	-0.045780692000000005
-2.7e-07	5.6052654000000003e-11	0.016909396
-2.6400000000000003e-07	7.380308377e-11	-0.05943041200000001
-2.58e-07	3.941042739999999e-11	-0.008469232
-2.52e-07	4.7335744e-11	-0.14226023999999998
-2.46e-07	5.2515381e-11	-0.10602573600000001
-2.4e-07	3.489557935e-11	-0.176136908
-2.3399999999999998e-07	9.223878200000003e-11	0.007741584
-2.2799999999999998e-07	6.026919600000002e-11	-0.09033882800000001
-2.2199999999999998e-07	4.5174020200000005e-11	0.005384208000000006
-2.1599999999999998e-07	3.18527955e-11	-0.017491511999999997
-2.0999999999999997e-07	3.10816341e-11	0.029569652000000002
-2.0399999999999995e-07	4.9265665e-11	-0.02482551199999999
-1.9799999999999995e-07	4.8772272500000006e-11	-0.030908512000000006
-1.9199999999999995e-07	6.403823949999999e-11	0.074855208
-1.8599999999999994e-07	8.4751531e-11	-0.08996060400000001
-1.7999999999999994e-07	4.234806770000001e-11	-0.139408188
-1.7399999999999994e-07	3.64230347e-11	0.006519171999999995
-1.6799999999999992e-07	3.62008313e-11	0.06405780760000002
-1.6199999999999992e-07	3.664383444e-11	-0.07473901200000001
-1.5599999999999991e-07	5.5417106499999995e-11	0.0591102
-1.4999999999999991e-07	6.8743898e-11	-0.03704931200000001
-1.439999999999999e-07	5.285254780000001e-11	-0.031781604000000005
-1.379999999999999e-07	3.6629361599999994e-11	-0.016181843999999994
-1.3199999999999988e-07	5.582052920000001e-11	-0.043539287999999995
-1.2599999999999988e-07	5.5966790000000003e-11	-0.028027159999999995
-1.1999999999999988e-07	3.6468158e-11	0.044500132
-1.1399999999999988e-07	7.137397300000001e-11	-0.10436676000000003
-1.0799999999999987e-07	6.60183928e-11	-0.104483032
-1.0199999999999987e-07	5.3916169e-11	0.120548684
-9.599999999999987e-08	4.747770332000001e-11	-0.04831268
-9.000000000000008e-08	5.872275150000001e-11	-0.10748108399999998
-8.400000000000008e-08	4.358705960000001e-11	-0.06012888000000001
-7.800000000000006e-08	4.3406371199999994e-11	0.041502332
-7.200000000000006e-08	9.2349681e-11	-0.085245636
-6.600000000000006e-08	3.7752954400000005e-11	-0.003783679999999995
-6.000000000000005e-08	7.50121716e-11	-0.04287022359999999
-5.400000000000005e-08	3.173190960000001e-11	-0.128901628
-4.800000000000004e-08	4.78602e-11	0.0004948359999999985
-4.200000000000004e-08	5.84457649e-11	0.04368480000000001
-3.600000000000003e-08	5.0500570999999994e-11	-0.07171228000000002
-3.0000000000000024e-08	7.43323589e-11	-0.03731125600000001
-2.400000000000002e-08	1.0533451899999999e-10	0.056811000000000014
-1.8000000000000016e-08	6.1856347e-11	-0.08047258800000001
-1.200000000000001e-08	6.241567099999999e-11	-0.06673551600000001
-6.000000000000005e-09	4.312832101e-11	0.024913000400000003
0.0	4.7643049e-11	0.022235424000000004
6.000000000000005e-09	4.10827335e-11	-0.11309808800000001
1.200000000000001e-08	4.83387824e-11	0.021245948000000014
1.8000000000000016e-08	5.1734301599999994e-11	0.0034342520000000057
2.400000000000002e-08	4.726532699999999e-11	-0.024796528
3.0000000000000024e-08	3.6266145129999995e-11	0.011903588000000001
3.600000000000003e-08	4.89480788e-11	-0.046013448
4.200000000000004e-08	2.6189736999999996e-11	-0.18335504
4.800000000000004e-08	4.96950255e-11	0.11530977599999999
5.400000000000005e-08	5.7251834900000005e-11	-2.910399999999369e-05
6.000000000000005e-08	3.09964342e-11	-0.072905584
6.600000000000006e-08	1.82744879e-11	-0.005820987999999983
7.200000000000006e-08	4.22116982e-11	0.15876213600000003
7.800000000000006e-08	1.71808865e-11	-0.008440436000000023
8.400000000000008e-08	4.436285799999999e-11	0.050669972400000006
9.000000000000008e-08	2.9585517999999996e-11	-0.102067744
9.600000000000008e-08	4.648440906000001e-11	-0.11627055999999998
1.0200000000000009e-07	1.78359715e-11	0.04778871604000001
1.080000000000001e-07	5.9146087e-11	-0.156928744
1.1400000000000011e-07	5.5246922e-11	-0.002124643599999998
1.200000000000001e-07	2.6895044000000004e-11	0.021827995999999995
1.2600000000000012e-07	3.1928872500000005e-11	0.025873440000000004
1.3200000000000012e-07	2.1947656600000003e-11	0.0214204004
1.3800000000000012e-07	7.406515599999999e-11	-0.07942479200000001
1.4400000000000012e-07	5.5699718500000014e-11	0.10352299999999999
1.5000000000000013e-07	6.37564606e-11	0.036845744
1.5600000000000013e-07	2.4235297760000006e-11	0.082830016
1.6200000000000015e-07	2.7933038900000004e-11	-0.09054256000000001
1.6799999999999992e-07	1.8274192000000002e-11	0.01108868799999999
1.7399999999999994e-07	6.1081252e-11	0.04711919999999999
1.7999999999999994e-07	7.3404718e-11	0.17011284000000002
1.8599999999999994e-07	5.04402744e-11	0.06554217999999999
1.9199999999999995e-07	1.9267526400000002e-11	0.026804759999999983
1.9799999999999995e-07	5.2853148e-11	-0.07936664000000002
2.0399999999999995e-07	6.172069108000001e-11	-0.07514660000000002
2.0999999999999997e-07	4.8157098000000003e-11	0.05093172760000001
2.1599999999999998e-07	5.46574823e-11	-0.023719784
2.2199999999999998e-07	3.8523963099999997e-11	0.036438232
2.2799999999999998e-07	6.3761413e-11	-0.126398504
2.3399999999999998e-07	9.251187895999998e-11	-0.08332503999999999
2.4e-07	-1.0640668e-11	0.011990880000000006
2.46e-07	7.429693150000001e-11	-0.056519931999999995
2.52e-07	5.9327361e-11	-0.028609132000000002
2.58e-07	1.4843717700000008e-11	-0.032771067999999993
2.6400000000000003e-07	4.0065739699999997e-11	-0.08702092800000001
2.7e-07	7.3470294e-11	-0.008585695999999995
2.7600000000000004e-07	5.5397713007e-11	-0.124157628
2.82e-07	8.485239e-11	-0.03667100800000002
2.8800000000000004e-07	3.0185391199999997e-11	-0.06268997600000001
2.9400000000000007e-07	3.58743718e-11	-0.024359892000000005
3.0000000000000004e-07	3.863459889e-11	0.1601014
3.0600000000000007e-07	4.0544706000000005e-11	0.0100992
3.1200000000000004e-07	7.6992586e-11	-0.059779468000000016
3.1800000000000007e-07	3.65036394e-11	-0.009022319600000004
3.2400000000000004e-07	3.62315317e-11	-0.121887492
3.3000000000000007e-07	3.45741904e-11	0.06108938800000001
3.360000000000001e-07	3.73302866e-11	-0.106666196
3.4200000000000007e-07	3.9582237999999994e-11	-0.05550139999999999
3.480000000000001e-07	6.4038772e-11	-0.159402608
3.5400000000000007e-07	6.97779374e-11	0.08108383999999999
3.600000000000001e-07	3.8367878900000006e-11	-0.06475598000000002
3.6600000000000013e-07	6.963600700000001e-11	0.030500919999999997
3.720000000000001e-07	7.41962259e-11	-0.043568279999999994
3.7800000000000013e-07	5.6556609e-11	-0.028056199999999986
3.840000000000001e-07	3.43719011e-11	0.067230192
3.9000000000000013e-07	4.0524235e-11	-0.067957932
3.960000000000001e-07	3.63118489e-11	0.06766664800000001
4.0200000000000013e-07	6.661813199999999e-11	0.09732373200000001
4.0800000000000016e-07	4.8283005510000006e-11	-0.11653232000000002
4.1400000000000013e-07	5.3871619700000005e-11	-0.16219699999999998
4.1999999999999995e-07	2.63919143e-11	0.06455268
4.259999999999999e-07	5.252038500000001e-11	0.03128679596
4.3199999999999995e-07	4.5008025000000005e-11	-0.11074060000000001
4.379999999999999e-07	6.084404199999999e-11	-0.01749152
4.4399999999999995e-07	4.5190195000000004e-11	-0.047526795999999996
4.5e-07	5.5352614000000005e-11	-0.0434231724
4.5599999999999995e-07	3.8291676069999994e-11	-0.15267938400000003
4.62e-07	6.7777148e-11	-0.01429004
4.6799999999999996e-07	4.133019060000001e-11	-0.27494536
4.74e-07	3.4236273800000004e-11	-0.027415912000000008
4.8e-07	1.5891072999999995e-11	-0.0651638804
4.86e-07	9.83860513e-11	-0.011554287600000008
4.92e-07	7.19743585e-11	-0.06833636400000001
4.98e-07	3.39082818e-11	0.08021065599999999
5.04e-07	5.19960522e-11	-0.058586336
5.100000000000002e-07	4.8388871409999995e-11	-0.12572924000000002
5.16e-07	7.8378006e-11	0.009778907999999998
5.220000000000003e-07	4.1803408500000007e-11	0.005413443600000004
5.280000000000001e-07	6.260750787e-11	-0.07002413599999999
5.340000000000002e-07	4.6479316000000003e-11	0.06472750000000002
5.4e-07	6.726785299999999e-11	-0.052969180000000005
5.460000000000003e-07	2.987302679999999e-11	-0.15818016000000004
5.520000000000001e-07	5.58207893e-11	-0.003405036
5.579999999999998e-07	1.86420814e-11	0.03163608000000001
5.64e-07	3.8649389399999994e-11	-0.048574407600000015
5.699999999999998e-07	4.166257206e-11	-0.03457552400000001
5.760000000000001e-07	4.08866769e-11	-0.08445996
5.819999999999999e-07	2.6688782109999998e-11	0.017171396000000002
5.880000000000001e-07	5.3211287e-11	-0.026950280000000004
5.939999999999998e-07	4.9931865499999997e-11	-0.08175325600000001
6.000000000000001e-07	5.2726568699999995e-11	-0.104163096
6.059999999999999e-07	6.420511199999999e-11	0.0206638
6.120000000000001e-07	8.162281779999999e-11	-0.20853004
6.179999999999998e-07	4.977469396e-11	0.104657848
6.240000000000001e-07	3.793481e-11	0.27555672
6.299999999999999e-07	5.199650869999999e-11	0.21877496000000002
6.360000000000001e-07	4.75677991e-11	0.4363558
6.42e-07	3.55663557e-11	0.304194692
6.480000000000001e-07	6.482445039999999e-11	0.5826325600000001
6.539999999999999e-07	5.8208582e-11	1.0393912000000003
6.600000000000001e-07	3.14698603e-11	1.4093608000000002
6.66e-07	5.89901947e-11	2.0401888
6.720000000000002e-07	4.662064031000001e-11	3.2361024
6.779999999999999e-07	7.301729900000001e-11	4.1613148
6.840000000000001e-07	6.250225899999998e-11	5.674292
6.9e-07	4.45549582e-11	6.917060000000001
6.960000000000002e-07	4.8459841299999996e-11	8.61152
7.019999999999999e-07	2.4371229399999998e-11	8.7376
7.080000000000001e-07	6.02097771e-11	8.7376
7.14e-07	4.1668275599999996e-11	8.7376
7.200000000000002e-07	6.51771105e-11	8.7376
7.26e-07	1.6178549259999997e-11	8.7376
7.320000000000003e-07	7.31173942e-11	8.7376
7.38e-07	8.757353499999999e-11	8.7376
7.440000000000002e-07	5.0047317400000007e-11	8.728256
7.5e-07	4.1834195e-11	8.666780000000001
7.560000000000003e-07	4.12288547e-11	8.574372
7.62e-07	2.9857355e-11	8.431276
7.680000000000002e-07	5.3865319899999994e-11	8.245360000000002
7.74e-07	3.71177599e-11	8.075220000000002
7.800000000000003e-07	6.3186879e-11	7.898588000000001
7.860000000000001e-07	2.4683119399999997e-11	7.811387999999999
7.920000000000002e-07	4.63283548e-11	7.774708000000001
7.98e-07	6.858301699999999e-11	7.529988000000001
8.040000000000003e-07	3.95465854e-11	7.328612
8.100000000000001e-07	5.0102242599999996e-11	7.355072
8.159999999999998e-07	4.4831773000000004e-11	7.000840000000001
8.22e-07	5.4228324000000005e-11	7.0962760000000005
8.279999999999998e-07	4.0201876e-11	6.921508
8.340000000000001e-07	5.979588e-11	6.733932000000001
8.399999999999999e-07	4.6625181999999996e-11	6.719816
8.460000000000001e-07	6.318192520000001e-11	6.55768
8.519999999999998e-07	5.700935000000001e-11	6.3354360000000005
8.580000000000001e-07	5.939286900000001e-11	6.273196
8.639999999999999e-07	1.0074897300000001e-10	6.08288
8.700000000000001e-07	5.913624295e-11	6.122468
8.759999999999999e-07	2.6925433000000004e-11	5.988728
8.820000000000001e-07	2.65725955e-11	5.808752
8.879999999999999e-07	8.398079775e-11	5.800544
8.940000000000001e-07	1.01081456e-10	5.753984000000001
9e-07	6.9867807e-11	5.628224
9.060000000000001e-07	4.9512903000000014e-11	5.546552000000001
9.119999999999999e-07	4.608126439999999e-11	5.3518479999999995
9.180000000000001e-07	7.025583164e-11	5.348827999999999
9.24e-07	4.7204827340000006e-11	5.30712
9.300000000000002e-07	2.6245449996999997e-11	5.216348
9.359999999999999e-07	6.19981075e-11	4.974576000000001
9.420000000000002e-07	4.7809751e-11	4.994712
9.48e-07	3.24519794e-11	5.143468
9.54e-07	5.7074614e-11	4.707284
9.6e-07	4.10076923e-11	4.890560000000001
9.660000000000002e-07	6.119669499999999e-11	4.608032
9.72e-07	5.7669595000000005e-11	4.546968000000001
9.780000000000002e-07	6.925867200000001e-11	4.367368
9.84e-07	5.7090695000000014e-11	4.447748
9.900000000000003e-07	4.0175861559999994e-11	4.469951999999999
9.96e-07	4.3204376700000006e-11	4.61606
1.0020000000000003e-06	5.2762221e-11	4.3130880000000005
1.008e-06	2.7610610000000005e-11	4.412568
1.0140000000000002e-06	6.89966128e-11	4.193676
1.02e-06	3.3424625e-11	4.149382000000001
1.0260000000000002e-06	7.4957113e-11	4.174644
1.032e-06	5.0832606399999986e-11	4.207388
1.0380000000000003e-06	5.563927670000001e-11	4.060878000000001
1.044e-06	4.36929156e-11	4.0828492
1.0500000000000003e-06	4.4499414999999993e-11	4.098803200000001
1.0560000000000001e-06	4.8766612e-11	4.0197804
1.0619999999999997e-06	6.32929996e-11	3.970391200000001
1.068e-06	2.45217559e-11	4.061106
1.0739999999999998e-06	5.3296167e-11	3.9546156000000003
1.08e-06	7.447793800000001e-11	3.937592800000001
1.0859999999999999e-06	5.0131784199999995e-11	3.7979232000000005
1.092e-06	3.4860739e-11	3.6672171999999996
1.098e-06	5.794742099999999e-11	3.9321216
1.1040000000000001e-06	8.0403665e-11	3.7636380000000003
1.11e-06	2.02192034e-11	3.9521127999999996
1.1160000000000002e-06	2.6930321999999996e-11	3.8396004000000006
1.1219999999999998e-06	4.7905569e-11	3.7952731999999996
1.128e-06	4.90591475e-11	3.6278976
1.1339999999999999e-06	5.0816723e-11	3.5811868000000002
1.14e-06	3.41810123e-11	3.6841832000000005
1.146e-06	9.007809799999999e-11	3.6073504
1.1520000000000002e-06	5.4047425e-11	3.6127632
1.158e-06	3.4160991e-11	3.6924796
1.1640000000000002e-06	8.60769148e-11	3.5982988000000007
1.17e-06	7.08001056e-11	3.648998
1.1760000000000003e-06	7.094569800000001e-11	3.756042
1.1819999999999999e-06	5.365959709999999e-11	3.5890440000000003
1.188e-06	4.167309700000001e-11	3.5848536
1.194e-06	2.6849657e-11	3.4742888
1.2000000000000002e-06	4.727014309999999e-11	3.4959412
1.206e-06	4.62478021e-11	3.6478348000000005
1.2120000000000002e-06	6.293956e-11	3.3937292
1.218e-06	4.860066462e-11	3.5211743999999996
1.2240000000000003e-06	3.59690906e-11	3.4343284000000005
1.23e-06	3.32432044e-11	3.4501028000000007
1.2360000000000001e-06	3.74853627e-11	3.236043600000001
1.242e-06	5.149762930000001e-11	3.6008896
1.2480000000000002e-06	9.2213547e-11	3.4986188
1.254e-06	5.5785539600000006e-11	3.438082
1.2600000000000002e-06	3.804055479999999e-11	3.4421872000000002
1.266e-06	3.4230638999999995e-11	3.4863952000000005
1.2720000000000003e-06	2.00628505e-11	3.4158476
1.278e-06	4.5839427400000006e-11	3.4239964
1.2840000000000003e-06	4.7426072e-11	3.492042
1.29e-06	4.81521473e-11	3.4180884
1.2960000000000002e-06	4.4227024799999994e-11	3.4388683999999996
1.302e-06	3.657881324e-11	3.4067091999999994
1.3080000000000002e-06	5.90859702e-11	3.4480076000000004
1.314e-06	5.91163269e-11	3.5714656000000007
1.3199999999999999e-06	1.87831069e-11	3.3423024000000003
1.326e-06	8.1658062e-11	3.3817676
1.332e-06	5.1643513900000005e-11	3.3819416
1.3380000000000001e-06	4.42472186e-11	3.4808072
1.344e-06	4.764849e-11	3.3858124000000003
1.35e-06	4.477142229999999e-11	3.426179200000001
1.3559999999999998e-06	5.7810722e-11	3.2688152
1.362e-06	3.93244288e-11	3.4200676000000003
1.3679999999999999e-06	4.6706428200000006e-11	3.4019356000000003
1.374e-06	7.018517570000001e-11	3.3750436
1.38e-06	8.583475400000001e-11	3.2697468
1.3860000000000002e-06	8.3400934e-11	3.3609
1.392e-06	4.9915311199999995e-11	3.4742296
1.3980000000000002e-06	4.12039432e-11	3.2217252000000003
1.4039999999999998e-06	5.62590029e-11	3.281417200000001
1.41e-06	5.29232405e-11	3.2579884
1.4159999999999999e-06	3.902231839999999e-11	3.2551360000000003
1.4220000000000001e-06	3.4956653999999996e-11	3.3030116
1.428e-06	5.6757621299999993e-11	3.3708536000000002
1.4340000000000002e-06	2.8729317399999997e-11	3.3012368000000003
1.44e-06	4.8348336999999996e-11	3.4301656
1.4460000000000002e-06	4.520456440000001e-11	3.317826
1.452e-06	5.3850103e-11	3.2439308000000002
1.4580000000000003e-06	6.2859162e-11	3.3420408000000004
1.4639999999999999e-06	2.9474632399999995e-11	3.3451832
1.4700000000000001e-06	2.5282608800000002e-11	3.4296128
1.476e-06	6.407847799999999e-11	3.3504512000000006
1.4820000000000002e-06	3.31477041e-11	3.3347644
1.488e-06	3.9012447200000007e-11	3.2615092
1.4940000000000002e-06	5.2429386999999995e-11	3.3240828000000002
1.5e-06	4.3390938000000003e-11	3.3737344
1.5e-06	4.4398360400000007e-11	3.2970172
1.4940000000000002e-06	7.230177e-11	3.2967844
1.488e-06	6.3010861e-11	3.3499268
1.4820000000000002e-06	5.64854377e-11	3.247598000000001
1.476e-06	4.0821180200000004e-11	3.2908167999999995
1.4700000000000001e-06	3.624125630000001e-11	3.3398284000000005
1.4639999999999999e-06	5.4182799999999995e-11	3.1242268
1.4580000000000003e-06	4.32948383e-11	3.2201823999999997
1.452e-06	6.171033499999999e-11	3.3161671999999998
1.4460000000000002e-06	8.2202633e-11	3.5102896
1.44e-06	5.2429519e-11	3.4632283999999998
1.4340000000000002e-06	6.149376e-11	3.2907304
1.428e-06	2.49804153e-11	3.2898276
1.4220000000000001e-06	5.629435080000002e-11	3.379730000000001
1.4159999999999999e-06	4.896335700000001e-11	3.3370052
1.41e-06	7.12989903e-11	3.3829312000000002
1.4039999999999998e-06	3.262880499999999e-11	3.2458524000000004
1.3980000000000002e-06	4.07654611e-11	3.252516
1.392e-06	2.9006195803000003e-11	3.4073780000000005
1.3860000000000002e-06	6.971687299999999e-11	3.4287992000000003
1.38e-06	4.7385922199999996e-11	3.5033336000000004
1.374e-06	4.4322974999999994e-11	3.4586300000000003
1.3679999999999999e-06	4.7462224599999995e-11	3.4312144000000004
1.362e-06	2.3927341000000005e-11	3.3576104
1.3559999999999998e-06	5.1401845e-11	3.4257432000000003
1.35e-06	6.357967699999999e-11	3.4319420000000003
1.344e-06	4.2852203400000005e-11	3.3578148
1.3380000000000001e-06	5.501443500000001e-11	3.6485327999999995
1.332e-06	6.491025100000001e-11	3.4650036
1.326e-06	5.7927344000000005e-11	3.5526932
1.3199999999999999e-06	2.59683944e-11	3.4349104000000006
1.314e-06	2.4915191000000006e-11	3.3729484
1.3080000000000002e-06	4.6746628e-11	3.5723092000000003
1.302e-06	4.38294658e-11	3.4053412
1.2960000000000002e-06	5.49134133e-11	3.3401775999999996
1.29e-06	4.6489658599999996e-11	3.3386932000000002
1.2840000000000003e-06	5.89596285e-11	3.6185556000000005
1.278e-06	4.465541597e-11	3.4842120000000003
1.2720000000000003e-06	2.8205338699999993e-11	3.4179424000000003
1.266e-06	3.858923874000001e-11	3.4554283999999997
1.2600000000000002e-06	5.01065578e-11	3.5526944
1.254e-06	4.4796413100000004e-11	3.6641328
1.2480000000000002e-06	4.89281598e-11	3.4752488
1.242e-06	6.0053287e-11	3.4603472
1.2360000000000001e-06	4.463041139e-11	3.4962032
1.23e-06	3.8090255e-11	3.5847663999999995
1.2240000000000003e-06	6.594292660000001e-11	3.5552252
1.218e-06	6.6310458e-11	3.381650799999999
1.2120000000000002e-06	4.075633e-11	3.4565048
1.206e-06	4.23171066e-11	3.6256572000000005
1.2000000000000002e-06	5.7906294999999984e-11	3.5838620000000008
1.194e-06	3.2608393300000004e-11	3.5075828000000002
1.188e-06	6.0148861e-11	3.6681772
1.1819999999999999e-06	6.1372668e-11	3.552112
1.1760000000000003e-06	4.16625043e-11	3.723882400000001
1.17e-06	4.8867236e-11	3.5666052
1.1640000000000002e-06	9.041464100000001e-11	3.7706819999999994
1.158e-06	2.35395487e-11	3.6714372000000006
1.1520000000000002e-06	5.070655429999999e-11	3.683778
1.146e-06	6.377171558e-11	3.8046160000000007
1.14e-06	8.3749301e-11	3.7877635999999995
1.1339999999999999e-06	4.81622373e-11	3.7112808
1.128e-06	3.64781944e-11	3.545854
1.1219999999999998e-06	7.30470375e-11	3.7695472000000003
1.1160000000000002e-06	7.446296389999999e-11	3.6447200000000004
1.11e-06	6.7065904e-11	3.8243208
1.1040000000000001e-06	4.9351086100000006e-11	3.6704476
1.098e-06	1.6226070000000012e-12	3.8120088
1.092e-06	2.4894864999999998e-11	3.8494664
1.0859999999999999e-06	5.02882881e-11	4.032964
1.08e-06	7.7370793971e-11	3.9017356
1.0739999999999998e-06	6.34990653e-11	3.9542132000000003
1.068e-06	3.4070367800000004e-11	3.9389604000000005
1.0619999999999997e-06	4.896374199999999e-11	4.0659736
1.0560000000000001e-06	5.5745498999999994e-11	4.01195
1.0500000000000003e-06	5.3608987999999994e-11	3.9759532
1.044e-06	9.20832425e-11	4.016371600000001
1.0380000000000003e-06	3.36770658e-11	4.0728972
1.032e-06	1.0047702050000001e-10	4.186338800000001
1.0260000000000002e-06	5.2767560799999997e-11	4.2669916
1.02e-06	5.6671913e-11	4.231192
1.0140000000000002e-06	6.7887743e-11	4.399678
1.008e-06	5.5538064600000004e-11	4.42584
1.0020000000000003e-06	3.5939103e-11	4.3709240000000005
9.96e-07	3.2553707900000005e-11	4.456656000000001
9.900000000000003e-07	6.989825549999999e-11	4.484071999999999
9.84e-07	2.8311390899999995e-11	4.563268000000001
9.780000000000002e-07	8.4635655e-11	4.529096000000001
9.72e-07	4.18287648e-11	4.640220000000001
9.660000000000002e-07	3.1671535e-11	4.705708
9.6e-07	3.0488215529999996e-11	4.715628000000001
9.54e-07	8.4913306e-11	4.748316
9.48e-07	1.8077524999999997e-11	5.006480000000001
9.420000000000002e-07	7.97884785e-11	4.9782720000000005
9.359999999999999e-07	5.7735496000000003e-11	5.07738
9.300000000000002e-07	5.6869050300000004e-11	5.139108
9.24e-07	6.8341247e-11	5.211015999999999
9.180000000000001e-07	8.757062000000001e-12	5.257828000000001
9.119999999999999e-07	6.624564e-11	5.422204000000002
9.060000000000001e-07	9.028872552000002e-12	5.4624440000000005
9e-07	2.94643714e-11	5.508956
8.940000000000001e-07	4.76230763e-11	5.607380000000001
8.879999999999999e-07	8.9467482e-11	5.887536000000001
8.820000000000001e-07	4.659590113e-11	5.936784000000001
8.759999999999999e-07	3.7501316839999996e-11	5.891148
8.700000000000001e-07	6.093024610000001e-11	6.016436000000001
8.639999999999999e-07	3.6684554700000005e-11	6.302208
8.580000000000001e-07	5.5588853e-11	6.4346000000000005
8.519999999999998e-07	2.0662314999999998e-11	6.40244
8.460000000000001e-07	5.4550854000000003e-11	6.578664000000001
8.399999999999999e-07	5.430927029999999e-11	6.5697600000000005
8.340000000000001e-07	3.390831279e-11	6.927852
8.279999999999998e-07	6.342428799999999e-11	6.8791080000000004
8.22e-07	6.73589341e-11	7.003672
8.159999999999998e-07	3.6085229900000004e-11	6.891684
8.100000000000001e-07	5.2051813899999994e-11	7.300408
8.040000000000003e-07	6.103488e-11	7.337292
7.98e-07	4.1980065899999996e-11	7.589092000000001
7.920000000000002e-07	6.251710075999999e-11	7.512608
7.860000000000001e-07	2.6743736399999995e-11	7.839100000000002
7.800000000000003e-07	6.198750117999999e-11	7.7545720000000005
7.74e-07	6.333803299999999e-11	8.032196
7.680000000000002e-07	4.5421119399999997e-11	8.236564000000001
7.62e-07	1.5724966020000002e-11	8.469252000000001
7.560000000000003e-07	5.20923912e-11	8.624204
7.5e-07	8.08821604e-11	8.658719999999999
7.440000000000002e-07	5.822899140000001e-11	8.660096
7.38e-07	5.4465013499999994e-11	8.7376
7.320000000000003e-07	6.7534867e-11	8.7376
7.26e-07	2.7801863499999997e-11	8.7376
7.200000000000002e-07	4.5733571300000003e-11	8.7376
7.14e-07	2.2118835399999997e-11	8.7376
7.080000000000001e-07	4.197472989999999e-11	8.7376
7.019999999999999e-07	2.1821084870000002e-11	8.7376
6.960000000000002e-07	4.1834226399999996e-11	8.561572
6.9e-07	2.781686741e-11	7.6115319999999995
6.840000000000001e-07	5.9110762e-11	5.44268
6.779999999999999e-07	4.42724251e-11	4.348276400000001
6.720000000000002e-07	5.564928799999999e-11	3.1056856
6.66e-07	5.1986771999999984e-11	1.9885008000000002
6.600000000000001e-07	5.521134658e-11	1.825636
6.539999999999999e-07	2.7459229600000006e-11	0.70344292
6.480000000000001e-07	5.89853079e-11	0.62297104
6.42e-07	7.269429199999999e-11	0.454226532
6.360000000000001e-07	5.2722348400000005e-11	0.28987596
6.299999999999999e-07	5.6410082e-11	0.31723315999999996
6.240000000000001e-07	1.45002932e-11	-0.0032887439999999975
6.179999999999998e-07	6.5267415e-11	-0.0304719204
6.120000000000001e-07	5.2324052e-11	-0.012136559999999996
6.059999999999999e-07	4.7612521519999995e-11	-0.011379683999999996
6.000000000000001e-07	3.769235000000001e-11	0.03809712000000001
5.939999999999998e-07	2.4234840700000003e-11	-0.14956576
5.880000000000001e-07	7.256396600000001e-11	-0.057946120000000004
5.819999999999999e-07	6.177628740000001e-11	-0.025058476000000007
5.760000000000001e-07	2.4315570000000005e-11	-0.13076428000000004
5.699999999999998e-07	2.9826998500000004e-11	0.005093216000000006
5.64e-07	3.0815335e-11	-0.05669440800000001
5.579999999999998e-07	7.0683931e-11	0.062340820000000005
5.520000000000001e-07	7.56468789e-11	0.180706876
5.460000000000003e-07	5.24650746e-11	0.0236616
5.4e-07	6.29004065e-11	0.10171856000000001
5.340000000000002e-07	7.5858632e-11	-0.03652569200000001
5.280000000000001e-07	4.47865909e-11	0.16333159196
5.220000000000003e-07	4.2549409999999993e-11	-0.11423309600000002
5.16e-07	4.071547910000001e-11	0.1887972
5.100000000000002e-07	6.138315e-11	-0.07174124800000001
5.04e-07	8.9027187e-12	-0.0535803916
4.98e-07	4.9704209e-11	0.05448280000000001
4.92e-07	4.12291422e-11	-0.12607827239999997
4.86e-07	5.390100089999999e-11	0.12479790399999999
4.8e-07	5.610792539999999e-11	-0.0004657439999999978
4.74e-07	4.59109736e-11	-0.040309160000000004
4.6799999999999996e-07	1.0343951300000003e-10	0.04208448
4.62e-07	4.1883992620999996e-11	-0.026921152000000004
4.5599999999999995e-07	9.337782599999999e-11	0.07197416000000001
4.5e-07	3.4941506e-11	0.09214296
4.4399999999999995e-07	3.110225400000001e-11	-0.08102554000000001
4.379999999999999e-07	5.5331723e-11	-0.168832296
4.3199999999999995e-07	3.2896641000000004e-11	0.10742291599999998
4.259999999999999e-07	3.4890708000000003e-11	0.103115248
4.1999999999999995e-07	4.17580837e-11	-0.12095627999999999
4.1400000000000013e-07	2.345920673e-11	-0.003259503999999994
4.0800000000000016e-07	4.890311200000001e-11	-0.209083272
4.0200000000000013e-07	5.202242799999999e-11	0.10206788400000003
3.960000000000001e-07	4.8370565999999984e-12	-0.006431951999999993
3.9000000000000013e-07	1.5800670000000002e-11	0.073720544
3.840000000000001e-07	2.5337962999999997e-11	-0.020605651999999988
3.7800000000000013e-07	2.8895474999999997e-11	-0.017404235999999997
3.720000000000001e-07	6.4855318e-11	0.014493800000000005
3.6600000000000013e-07	4.134074787e-11	-0.166794952
3.600000000000001e-07	3.3697566999999995e-11	-0.16772611999999998
3.5400000000000007e-07	5.91220859e-11	0.04144401999999999
3.480000000000001e-07	3.4266430399999996e-11	-0.098255024
3.4200000000000007e-07	1.17900326e-10	-0.06935476
3.360000000000001e-07	6.432734500000001e-11	0.06699743200000001
3.3000000000000007e-07	8.477731449999999e-11	-0.04936052400000004
3.2400000000000004e-07	7.772272309999999e-11	0.08338307600000001
3.1800000000000007e-07	2.9943737999999995e-11	-0.110129544
3.1200000000000004e-07	7.26144061e-11	0.03882471999999999
3.0600000000000007e-07	5.00573884e-11	0.118394848
3.0000000000000004e-07	5.0737449099999995e-11	-0.004394735599999996
2.9400000000000007e-07	8.82788703e-11	-0.07668900400000002
2.8800000000000004e-07	1.0549092800000001e-10	0.09915732400000002
2.82e-07	5.381838000000001e-12	0.12069433999999998
2.7600000000000004e-07	1.01777268e-11	0.04333586359999999
2.7e-07	5.881903190000001e-11	-0.06574595200000002
2.6400000000000003e-07	1.2335024000000003e-11	-0.003288844000000013
2.58e-07	5.033399270000001e-11	-0.03620532
2.52e-07	7.8353428e-11	-0.065105588
2.46e-07	4.4575249900000004e-11	-0.010157295600000001
2.4e-07	3.3788066999999996e-11	-0.082567968
2.3399999999999998e-07	4.64489517e-11	-0.018481039999999997
2.2799999999999998e-07	6.572148169000001e-11	-0.13122994000000002
2.2199999999999998e-07	1.7911540399999997e-11	-0.054046152
2.1599999999999998e-07	3.1551435000000005e-11	0.011903472000000009
2.0999999999999997e-07	1.0164611299999999e-10	0.03585618400000001
2.0399999999999995e-07	2.7056447e-11	-0.08184044800000001
1.9799999999999995e-07	5.6078429999999994e-11	0.07185759600000001
1.9199999999999995e-07	6.2026750000000015e-12	-0.005704360000000001
1.8599999999999994e-07	5.176526899e-11	-0.14607287200000002
1.7999999999999994e-07	4.9951566400000005e-11	-0.02383624439999999
1.7399999999999994e-07	7.2911853e-11	-0.03504121199999999
1.6799999999999992e-07	7.639847399999999e-11	0.046712008000000006
1.6200000000000015e-07	5.516561280000001e-11	-0.15486221200000003
1.5600000000000013e-07	5.6395159899999995e-11	0.03582694
1.5000000000000013e-07	5.738233400000001e-11	-0.017084104000000003
1.4400000000000012e-07	5.3820753e-11	0.027677784400000006
1.3800000000000012e-07	7.8614833e-11	0.12465219999999999
1.3200000000000012e-07	3.52597268e-11	-0.048865568
1.2600000000000012e-07	3.741067639999999e-11	0.034226232
1.200000000000001e-07	7.9582865e-11	-0.06856900000000002
1.1400000000000011e-07	1.3543448000000002e-11	-0.002794056000000003
1.080000000000001e-07	3.60449792e-11	-0.07133377199999999
1.0200000000000009e-07	-5.7583747000000025e-12	-0.02197353200000001
9.600000000000008e-08	4.9971269e-11	0.030966712
9.000000000000008e-08	4.4968263700000003e-11	-0.10230077600000001
8.400000000000008e-08	5.1906642000000005e-11	0.043918039999999985
7.800000000000006e-08	2.436580719e-11	0.047381084000000004
7.200000000000006e-08	4.28614669e-11	0.07325484
6.600000000000006e-08	5.5034277e-11	0.054424636000000005
6.000000000000005e-08	4.46811037e-11	-0.05107752000000001
5.400000000000005e-08	5.88233758e-11	0.08850516000000001
4.800000000000004e-08	2.2401687e-11	-0.037311367999999956
4.200000000000004e-08	9.1529087e-11	0.10491999199999999
3.600000000000003e-08	3.62814366e-11	-0.067754148
3.0000000000000024e-08	4.3154752000000004e-11	-0.03032659599999999
2.400000000000002e-08	7.085581719999999e-11	-0.043481424000000005
1.8000000000000016e-08	1.0267370700000001e-10	0.05716028000000001
1.200000000000001e-08	6.891623599999999e-11	-0.106840868
6.000000000000005e-09	4.72556259e-11	0.084838108
0.0	5.5116662099999995e-11	-0.013853472000000006
-6.000000000000005e-09	5.04748611e-11	-0.012980568000000003
-1.200000000000001e-08	3.9345323e-11	-0.000523947599999991
-1.8000000000000016e-08	5.021290799999999e-11	-0.027590596000000002
-2.400000000000002e-08	2.4043859000000003e-11	-0.050000792
-3.0000000000000024e-08	8.63542946e-11	-0.136323192
-3.600000000000003e-08	8.8501226e-11	-0.020896636000000003
-4.200000000000004e-08	4.2444340799999996e-11	0.022060843999999996
-4.800000000000004e-08	6.640188200000001e-11	-0.147178744
-5.400000000000005e-08	5.834017170000001e-11	0.17558448799999998
-6.000000000000005e-08	1.8280024500000002e-11	-0.032450951959999995
-6.600000000000006e-08	4.7754731999999995e-11	-0.056869212
-7.200000000000006e-08	7.94710833e-11	-0.11688162399999999
-7.800000000000006e-08	5.2374754000000007e-11	-0.14290049200000002
-8.400000000000008e-08	7.163147753e-11	-0.06190428
-9.000000000000008e-08	5.0258034800000006e-11	-0.026833872399999997
-9.599999999999987e-08	8.808242499999999e-11	0.09944837200000001
-1.0199999999999987e-07	4.89383726e-11	-0.08163673599999999
-1.0799999999999987e-07	6.289983710000001e-11	-0.12290628000000003
-1.1399999999999988e-07	8.269595499999978e-13	-0.047992484
-1.1999999999999988e-07	-1.87371339e-11	0.033149504
-1.2599999999999988e-07	6.5817169e-11	0.030762856000000005
-1.3199999999999988e-07	5.930778643e-11	0.15160263200000001
-1.379999999999999e-07	4.40162417e-11	-0.0583533924
-1.439999999999999e-07	6.737540171000002e-11	-0.06449441600000001
-1.4999999999999991e-07	4.342644000000001e-11	-0.066735376
-1.5599999999999991e-07	2.05266538e-11	-0.012485612000000004
-1.6199999999999992e-07	4.02226545e-11	-0.07767860000000001
-1.6799999999999992e-07	6.724869709999999e-11	-0.022730128000000006
-1.7399999999999994e-07	8.2781999e-11	-0.05660723199999999
-1.7999999999999994e-07	7.520843620000001e-11	-0.024476400000000002
-1.8599999999999994e-07	3.6040584999999994e-11	0.056083384
-1.9199999999999995e-07	3.88717064e-11	-0.15759820000000002
-1.9799999999999995e-07	5.6596890000000005e-11	-0.005151384000000005
-2.0399999999999995e-07	3.765785999e-11	-0.12433228
-2.0999999999999997e-07	4.84805208e-11	0.06853985600000001
-2.1599999999999998e-07	4.04486076e-11	-0.047410363999999997
-2.2199999999999998e-07	7.610332000000024e-13	0.0013388635999999955
-2.2799999999999998e-07	8.72059548e-11	0.17008375200000003
-2.3399999999999998e-07	1.06080011e-10	-0.025262280000000005
-2.4e-07	3.2805703599999996e-11	0.10995498399999999
-2.46e-07	6.57268264e-11	-0.01961614799999999
-2.52e-07	2.7449783000000004e-11	0.012136379999999993
-2.58e-07	5.774007179999999e-11	-0.09845884
-2.6400000000000003e-07	5.531179400000001e-11	0.014784915999999999
-2.7e-07	7.446949150000001e-11	-0.063213856
-2.7600000000000004e-07	5.0973985e-11	-0.08853452000000002
-2.82e-07	3.0543183399999995e-11	-0.076805452
-2.8800000000000004e-07	3.70488212e-11	-0.045169304000000014
-2.9400000000000007e-07	5.8360429e-11	-0.18053189600000003
-3.0000000000000004e-07	9.824779999999997e-13	0.01318408
-3.0600000000000007e-07	3.5178935999999995e-11	-0.056520024
-3.1200000000000004e-07	4.73167221e-11	-0.11525165200000002
-3.1800000000000007e-07	3.3330151000000006e-11	-0.08175304800000001
-3.2400000000000004e-07	5.66124185e-11	0.07887164000000002
-3.3000000000000007e-07	1.94231088e-11	-0.14275549599999998
-3.360000000000001e-07	2.2940466900000002e-11	-0.08865074
-3.4200000000000007e-07	1.77302625e-11	-0.064931
-3.479999999999999e-07	5.6497017999999996e-11	-0.013737096000000004
-3.5399999999999986e-07	8.3377305e-11	-0.12433231999999998
-3.599999999999999e-07	6.3328934e-11	0.09860432800000003
-3.6599999999999986e-07	7.149407000000001e-12	-0.11382557600000001
-3.719999999999999e-07	-8.775702999999992e-12	-0.086002328
-3.779999999999999e-07	2.3650911600000003e-11	0.03151945199999999
-3.839999999999999e-07	7.05687e-11	-0.01309670399999999
-3.899999999999999e-07	4.15931297e-11	-0.057975344000000005
-3.959999999999999e-07	3.427690823000001e-11	-0.16298263200000002
-4.019999999999999e-07	9.25609536e-12	-0.09607216360000001
-4.079999999999999e-07	9.034490700000004e-12	0.10221324800000002
-4.139999999999999e-07	2.6623474970000004e-11	-0.18812795999999998
-4.1999999999999995e-07	2.92434797e-11	-0.085711312
-4.259999999999999e-07	4.29939769e-11	-0.06007070800000001
-4.3199999999999995e-07	1.0742517600000002e-11	0.22194716000000003
-4.379999999999999e-07	4.448410799999999e-11	0.002357464000000001
-4.4399999999999995e-07	7.59751113e-11	0.06388321595999999
-4.5e-07	3.98189201e-11	0.004278327999999993
-4.5599999999999995e-07	2.7711343400000004e-11	0.13478070400000003
-4.62e-07	5.82292935e-11	-0.075233804
-4.6799999999999996e-07	5.9236845e-11	-0.044645528399999995
-4.74e-07	2.52473446e-11	-0.095519296
-4.8e-07	7.469481919999999e-11	-0.05349321999999999
-4.86e-07	4.7855783e-11	-0.04118222
-4.92e-07	4.48827348e-11	-0.21976424
-4.98e-07	7.3147698e-11	-0.078959124
-5.04e-07	2.3055949999999997e-11	0.28620844
-5.1e-07	6.149429740000002e-11	0.004423920000000003
-5.16e-07	3.7918893e-11	0.100699952
-5.22e-07	8.099779189999999e-11	0.07211995200000001
-5.280000000000001e-07	3.88313399e-11	0.013940800000000003
-5.34e-07	5.8813927e-11	-0.06004150400000001
-5.4e-07	4.38641183e-11	-0.07252703600000002
-5.459999999999999e-07	3.907329879999999e-11	-0.036845560000000006
-5.52e-07	8.132591020000002e-11	-0.0056752799999999996
-5.579999999999999e-07	1.0292670000000002e-10	0.07572859600000001
-5.639999999999999e-07	5.26820305e-11	-0.036845744
-5.699999999999999e-07	4.1436004090000005e-11	-0.09429728
-5.76e-07	5.4556221200000006e-11	-0.17025832000000002
-5.82e-07	4.49123737e-11	-0.01615265600000001
-5.879999999999999e-07	5.277251840000001e-11	0.106695228
-5.939999999999999e-07	7.594476e-11	0.095693788
-6e-07	7.36982815e-11	-0.045984199999999996
-6.06e-07	6.2074324e-11	0.128901592
-6.12e-07	6.145400679999999e-11	0.04339416
-6.18e-07	3.10326452e-11	0.15797635604
-6.24e-07	4.634877910000001e-11	0.06952947999999996
-6.3e-07	1.11763657e-10	0.5251232400000001
-6.36e-07	5.4128634000000004e-11	0.66563696
-6.420000000000001e-07	1.6934868e-11	0.7126116000000001
-6.48e-07	3.85536899e-11	1.05336148
-6.54e-07	6.2184295e-11	1.097018
-6.6e-07	3.2971304500000004e-11	2.2158608
-6.660000000000001e-07	6.3761096e-11	3.1639796000000002
-6.72e-07	6.401319889999999e-11	3.7052
-6.779999999999999e-07	6.0340217e-11	5.3895040000000005
-6.839999999999999e-07	7.73657109e-11	6.59278
-6.9e-07	7.578844139999999e-11	8.441780000000001
-6.96e-07	5.931239429999999e-11	8.7376
-7.019999999999999e-07	4.79157217e-11	8.7376
-7.079999999999999e-07	3.4085082599999994e-11	8.7376
-7.14e-07	1.4354851299999997e-11	8.7376
-7.2e-07	5.7014992e-11	8.7376
-7.26e-07	8.013717909e-11	8.7376
-7.319999999999999e-07	3.1797574e-11	8.7376
-7.38e-07	6.390253240000001e-11	8.721592000000001
-7.44e-07	9.035978500000001e-11	8.719844
-7.5e-07	6.263296399999999e-11	8.512728
-7.56e-07	3.70276699e-11	8.271524
-7.62e-07	3.9527258699999996e-11	8.209936
-7.68e-07	3.786340671999999e-11	7.946460000000002
-7.74e-07	4.85553708e-11	7.808364000000002
-7.8e-07	5.6541750799999995e-11	7.801288000000001
-7.860000000000001e-07	6.315716230000001e-11	7.685660000000001
-7.92e-07	5.59874828e-11	7.489760000000001
-7.979999999999999e-07	7.306279970999998e-11	7.394852000000002
-8.039999999999999e-07	2.5545401e-11	7.260300000000001
-8.1e-07	6.173634400000001e-11	7.270700000000001
-8.159999999999999e-07	1.17597916e-10	7.024420000000001
-8.219999999999999e-07	5.587679800000001e-11	6.875616000000001
-8.28e-07	3.75360039e-11	6.906932
-8.34e-07	6.1176768e-11	6.857159999999999
-8.4e-07	4.02767667e-11	6.646192000000001
-8.459999999999999e-07	8.212739799999998e-12	6.701863999999999
-8.52e-07	3.9385688000000004e-11	6.5547960000000005
-8.58e-07	3.792510079999999e-11	6.190340000000001
-8.64e-07	4.9080586999999996e-11	6.241296
-8.7e-07	4.74874026e-11	5.966936
