Started: March 07, 2024 22:41:38
Initial Temperature (K)	0.0200432
Resistor	1000000.0	Excitation Current (A)	5e-08
Current (A)	Measured Current (A)	Resistance (Ohms)
-1.5e-06	-1.3463678e-06	2.8282128
-1.4925e-06	-1.3452746e-06	3.319484
-1.4850000000000002e-06	-1.3363712e-06	3.263604
-1.4775e-06	-1.3307319999999998e-06	3.205632
-1.47e-06	-1.3213753999999999e-06	3.2733879999999997
-1.4625e-06	-1.3161317999999997e-06	3.2886360000000003
-1.455e-06	-1.3085438e-06	3.2603480000000005
-1.4475e-06	-1.3021214e-06	3.3374120000000005
-1.44e-06	-1.2935252e-06	3.3413760000000003
-1.4325e-06	-1.2881886000000002e-06	3.276068
-1.4250000000000001e-06	-1.2808726e-06	3.3569720000000003
-1.4175e-06	-1.2745826e-06	3.2381079999999995
-1.4099999999999998e-06	-1.2704442e-06	3.38782
-1.4025000000000001e-06	-1.2592832e-06	3.404236
-1.395e-06	-1.2575977999999999e-06	3.306096
-1.3875e-06	-1.2481768e-06	3.272688
-1.38e-06	-1.2397908e-06	3.490264
-1.3725e-06	-1.2357318e-06	3.18514
-1.365e-06	-1.2252748e-06	3.3712920000000004
-1.3575e-06	-1.2240964e-06	3.309704000000001
-1.35e-06	-1.2136102e-06	3.3236720000000006
-1.3425e-06	-1.2085608e-06	3.403068
-1.335e-06	-1.2025018e-06	3.3037680000000003
-1.3275000000000002e-06	-1.1955156e-06	3.4015559999999994
-1.32e-06	-1.1832122000000002e-06	3.3871200000000004
-1.3125e-06	-1.1833788000000001e-06	3.433108
-1.305e-06	-1.1712114000000002e-06	3.3631400000000005
-1.2975e-06	-1.1669092000000001e-06	3.4102920000000005
-1.29e-06	-1.1556953999999998e-06	3.4792120000000004
-1.2825e-06	-1.1536214e-06	3.4541839999999993
-1.2749999999999999e-06	-1.1465513999999998e-06	3.4761800000000003
-1.2675000000000001e-06	-1.1405020000000002e-06	3.4265800000000004
-1.26e-06	-1.1341204e-06	3.3731560000000003
-1.2524999999999999e-06	-1.127523e-06	3.510056
-1.2450000000000002e-06	-1.1220746e-06	3.47106
-1.2375e-06	-1.1150696e-06	3.4877080000000005
-1.23e-06	-1.1050921999999999e-06	3.4891080000000003
-1.2225000000000002e-06	-1.1019928e-06	3.443352
-1.215e-06	-1.0934393999999998e-06	3.5633760000000003
-1.2075e-06	-1.0854088e-06	3.507844
-1.2e-06	-1.0800238e-06	3.4872439999999996
-1.1924999999999998e-06	-1.0760598e-06	3.5558080000000003
-1.185e-06	-1.0663528e-06	3.543356
-1.1775e-06	-1.05965e-06	3.56582
-1.17e-06	-1.0523084e-06	3.543468
-1.1625e-06	-1.0449296000000002e-06	3.5317080000000005
-1.155e-06	-1.0356044000000002e-06	3.6166920000000005
-1.1475e-06	-1.0309804e-06	3.605988
-1.14e-06	-1.0270726e-06	3.493524
-1.1325e-06	-1.0193965999999999e-06	3.617272
-1.125e-06	-1.0140334000000002e-06	3.6257759999999997
-1.1174999999999999e-06	-1.0046486000000002e-06	3.6651200000000004
-1.11e-06	-1.19546634e-06	3.435664
-1.1025e-06	-1.1919640400000002e-06	3.310868
-1.0949999999999999e-06	-1.2277463000000001e-06	2.9611600000000005
-1.0875e-06	-1.0487540799999999e-06	3.2313560000000003
-1.08e-06	-1.02207166e-06	3.0376440000000002
-1.0725000000000001e-06	-1.02758132e-06	3.153244
-1.065e-06	-1.2607804000000001e-06	3.43322
-1.0575e-06	-1.3255918000000002e-06	3.499812
-1.0500000000000001e-06	-1.1340600400000002e-06	3.547428
-1.0425e-06	-9.1038156e-07	3.231828
-1.035e-06	-9.059184199999999e-07	3.2753640000000006
-1.0275000000000001e-06	-1.222621e-06	3.277456
-1.02e-06	-9.000854600000001e-07	3.463496
-1.0125e-06	-1.1358641599999998e-06	3.747316
-1.005e-06	-9.885056e-07	3.3122640000000003
-9.975e-07	-9.5224822e-07	3.448944
-9.9e-07	-8.7756752e-07	3.5122720000000003
-9.825000000000001e-07	-8.6624174e-07	3.522164
-9.75e-07	-1.05860222e-06	3.541024
-9.675e-07	-8.590795e-07	3.738232
-9.6e-07	-9.535586400000001e-07	3.6140120000000002
-9.525e-07	-9.9795508e-07	3.5155280000000007
-9.450000000000001e-07	-9.721988e-07	3.45208
-9.375e-07	-9.011138800000001e-07	3.6109920000000004
-9.300000000000001e-07	-8.2431592e-07	3.7219320000000002
-9.225e-07	-8.7144268e-07	3.8671040000000003
-9.15e-07	-8.203501799999999e-07	4.0119240000000005
-9.075e-07	-8.086857000000001e-07	3.99446
-9.000000000000001e-07	-9.168983799999999e-07	3.9797920000000007
-8.925e-07	-9.337762e-07	3.551272
-8.85e-07	-9.5234994e-07	4.054652
-8.775000000000001e-07	-1.1027048e-06	3.865356
-8.7e-07	-7.8408274e-07	4.317280000000001
-8.625e-07	-8.270927600000001e-07	4.43812
-8.55e-07	-9.1775392e-07	3.5802560000000008
-8.475e-07	-8.519334200000002e-07	4.463500000000001
-8.400000000000001e-07	-7.623805e-07	4.584804
-8.325e-07	-7.866204e-07	4.928012
-8.25e-07	-8.251296e-07	4.519964000000001
-8.175e-07	-7.3935756e-07	5.218116
-8.100000000000001e-07	-7.3015834e-07	5.493323999999999
-8.024999999999999e-07	-7.6134768e-07	2.9236772800000006
-7.95e-07	-7.117812399999999e-07	-0.07834798
-7.875e-07	-7.076999e-07	-0.03632172
-7.8e-07	-7.014675e-07	0.005587947600000002
-7.725000000000001e-07	-6.9741232e-07	0.021304132
-7.65e-07	-6.8853092e-07	-0.0458678
-7.575000000000001e-07	-6.8181964e-07	-0.05064094
-7.5e-07	-6.746049799999999e-07	-0.018859295600000006
-7.425000000000001e-07	-6.722636200000001e-07	-0.034226336
-7.35e-07	-6.669216000000001e-07	-0.076834548
-7.275e-07	-6.582012e-07	-0.03771904
-7.2e-07	-6.5263576e-07	-0.12735904
-7.125000000000001e-07	-6.4233192e-07	0.055996088
-7.05e-07	-6.3562298e-07	0.009662492000000005
-6.975e-07	-6.295308e-07	-0.004889424
-6.900000000000001e-07	-6.2021104e-07	-0.014784839999999999
-6.825e-07	-6.1523226e-07	-0.08544936760000002
-6.75e-07	-6.069806200000001e-07	0.02782336
-6.675e-07	-6.048824199999999e-07	0.0029104400000000016
-6.6e-07	-5.9244368e-07	-0.017229519999999998
-6.525000000000001e-07	-5.8722388e-07	-0.0599543
-6.45e-07	-5.8414642e-07	-0.06670635999999999
-6.375e-07	-5.7709686e-07	-0.12130524000000001
-6.3e-07	-5.7015374e-07	0.024796688
-6.225000000000001e-07	-5.6084004e-07	0.01653108
-6.15e-07	-5.562240999999999e-07	0.060769132000000003
-6.075e-07	-5.4545818e-07	-0.037020268
-6.000000000000001e-07	-5.4163108e-07	-0.051688743599999996
-5.925e-07	-5.361082199999999e-07	0.0010477440000000004
-5.850000000000001e-07	-5.289745400000001e-07	-0.023050360000000006
-5.775e-07	-5.256225800000001e-07	0.033877104000000005
-5.7e-07	-5.145234000000001e-07	-0.02840564
-5.625e-07	-5.1283048e-07	0.0372532
-5.550000000000001e-07	-5.029231400000001e-07	0.013387828
-5.474999999999999e-07	-4.946815000000001e-07	-0.011292280000000002
-5.4e-07	-4.881662e-07	-0.13003676
-5.325000000000001e-07	-4.8216462e-07	-0.009546080000000002
-5.250000000000001e-07	-4.7515016e-07	-0.11036228000000001
-5.175e-07	-4.6824744e-07	0.03189795199999999
-5.1e-07	-4.6404571999999996e-07	-0.050408116
-5.025000000000001e-07	-4.5515856e-07	-0.058091623599999996
-4.950000000000001e-07	-4.4891867999999995e-07	-0.0894074
-4.875000000000001e-07	-4.4140520000000004e-07	-0.045402248
-4.8e-07	-4.3546376e-07	-0.018742984400000003
-4.7250000000000013e-07	-4.2668462000000004e-07	0.001047759999999992
-4.650000000000001e-07	-4.2093676e-07	-0.042142559999999996
-4.575e-07	-4.1321626e-07	0.022351864
-4.5e-07	-4.0704019999999996e-07	0.0002328123999999987
-4.425000000000001e-07	-3.9903725999999997e-07	-0.0109430756
-4.3500000000000007e-07	-3.937778e-07	-0.05553035199999999
-4.275e-07	-3.8836064e-07	-0.0755540636
-4.1999999999999995e-07	-3.8153449999999997e-07	0.006752156000000002
-4.125000000000001e-07	-3.7093358e-07	-0.047614104000000004
-4.0500000000000004e-07	-3.6509056e-07	-0.03352784
-3.9749999999999995e-07	-3.5785504e-07	-0.023283176
-3.9000000000000013e-07	-3.5552372e-07	0.012456528000000001
-3.8250000000000004e-07	-3.5218192e-07	-0.017113216000000004
-3.75e-07	-3.3874364000000005e-07	-0.09953566
-3.674999999999999e-07	-3.3323424e-07	-0.013620667999999999
-3.600000000000001e-07	-3.2303875999999996e-07	-0.07485556
-3.525e-07	-3.1963602e-07	0.0048893763999999975
-3.45e-07	-3.1387330000000005e-07	-0.01350426
-3.3750000000000016e-07	-3.0614302e-07	-0.035273992000000004
-3.3000000000000007e-07	-3.0091932e-07	0.014784792399999996
-3.225e-07	-2.916094e-07	0.02817268
-3.1499999999999995e-07	-2.8852332e-07	-0.12817404
-3.075000000000001e-07	-2.7837077999999994e-07	0.010477448000000004
-3.0000000000000004e-07	-2.7343082e-07	-0.07730022
-2.925e-07	-2.6349148e-07	-0.04936028
-2.8500000000000013e-07	-2.6149022e-07	-0.020139920000000006
-2.775000000000001e-07	-2.5379268e-07	-0.00023280360000000054
-2.7e-07	-2.4132256e-07	-0.030384628000000004
-2.625e-07	-2.3825682000000002e-07	0.08672996000000002
-2.550000000000001e-07	-2.3366676000000003e-07	0.013504312400000001
-2.4750000000000007e-07	-2.2266704000000003e-07	-0.063679484
-2.4e-07	-2.2127878e-07	-0.044470920000000004
-2.3250000000000016e-07	-2.1215760000000004e-07	-0.028754692
-2.250000000000001e-07	-2.0635520000000003e-07	-0.0885926
-2.1750000000000004e-07	-1.9605106e-07	-0.10989668
-2.0999999999999997e-07	-1.9310496000000002e-07	-0.065891432
-2.0250000000000013e-07	-1.8234529999999999e-07	-0.052154400000000004
-1.9500000000000007e-07	-1.7928923999999998e-07	-0.029918895600000002
-1.875e-07	-1.6999436000000002e-07	0.016531079999999997
-1.8000000000000016e-07	-1.6499486e-07	-0.100467
-1.725000000000001e-07	-1.6318693999999998e-07	0.018859376400000002
-1.6500000000000003e-07	-1.4992862000000002e-07	-0.15809288
-1.5749999999999997e-07	-1.3979662e-07	-0.0026775879999999994
-1.5000000000000013e-07	-1.3759113999999998e-07	0.08021066839999999
-1.4250000000000007e-07	-1.2864768e-07	0.0008149075999999998
-1.35e-07	-1.2438662e-07	-0.010011731999999999
-1.2749999999999994e-07	-1.1800149999999999e-07	-0.025727980000000004
-1.200000000000001e-07	-1.1548298000000001e-07	-0.10221326
-1.1250000000000005e-07	-1.04488554e-07	-0.020023595999999998
-1.0499999999999999e-07	-9.754059199999999e-08	-0.014668448000000004
-9.750000000000014e-08	-9.091701799999999e-08	0.006402840000000002
-9.000000000000008e-08	-8.280205400000001e-08	-0.038999320000000004
-8.250000000000002e-08	-7.767945199999999e-08	0.012689399999999998
-7.499999999999996e-08	-7.3385814e-08	-0.020140032
-6.750000000000012e-08	-6.5358872e-08	-0.057975120000000005
-6.000000000000005e-08	-5.6831815999999997e-08	-0.13934996000000002
-5.2499999999999994e-08	-4.9587756e-08	-0.03946503999999999
-4.500000000000015e-08	-4.5828308e-08	-0.055763240000000006
-3.750000000000009e-08	-3.565863e-08	-0.03923224
-3.0000000000000024e-08	-2.9696890000000002e-08	-0.075088316
-2.2499999999999963e-08	-2.3951576e-08	-0.0013970000000000065
-1.5000000000000124e-08	-1.6742818e-08	0.027707080000000002
-7.500000000000062e-09	-8.9458312e-09	-0.046449976000000004
0.0	-6.708461199999999e-09	-0.10314468000000002
7.49999999999984e-09	1.22319602e-09	-0.033062208
1.4999999999999903e-08	1.0246744e-08	-0.013271351999999997
2.2499999999999963e-08	1.6743972000000002e-08	0.010477396000000003
3.0000000000000024e-08	2.3043472e-08	-0.052037924
3.7499999999999866e-08	2.8856762e-08	-0.025844340000000004
4.4999999999999926e-08	3.6227524e-08	-0.013969883999999998
5.2499999999999994e-08	4.1890372e-08	0.0058208283999999985
6.000000000000005e-08	5.0859884e-08	-0.06321392
6.74999999999999e-08	5.3454431999999996e-08	-0.08265539999999998
7.499999999999996e-08	6.466581399999999e-08	-0.02922036
8.250000000000002e-08	6.9819234e-08	0.007217832000000002
8.999999999999985e-08	7.77255e-08	-0.030035292
9.749999999999991e-08	8.5278992e-08	-0.055297536
1.0499999999999999e-07	9.3196218e-08	-0.00977892
1.1250000000000005e-07	9.5364026e-08	-0.039465068000000006
1.1999999999999988e-07	1.0604108e-07	-0.029103972000000006
1.2749999999999994e-07	1.0932178000000001e-07	-0.024098052000000002
1.35e-07	1.1497509999999999e-07	-0.033760624
1.4249999999999985e-07	1.236412e-07	-0.034109856
1.4999999999999991e-07	1.2961068e-07	-0.07380772
1.5749999999999997e-07	1.3684737999999998e-07	0.004074524000000002
1.6500000000000003e-07	1.4682664e-07	-0.08498344
1.7249999999999988e-07	1.5064407999999998e-07	0.0041909723999999995
1.7999999999999994e-07	1.5870526e-07	-0.0554139724
1.875e-07	1.6307817999999996e-07	-0.078813668
1.9499999999999983e-07	1.731738e-07	-0.057393152
2.0249999999999991e-07	1.7652672000000002e-07	-0.05657816
2.0999999999999997e-07	1.8602386e-07	-0.08323744000000001
2.1750000000000004e-07	1.9225786e-07	-0.08731200000000001
2.2499999999999986e-07	1.9642731999999999e-07	0.0008149480000000014
2.3249999999999992e-07	2.045045e-07	-0.071363
2.4e-07	2.1495450000000002e-07	-0.05518124
2.4749999999999985e-07	2.1451694e-07	-0.060187059999999994
2.549999999999999e-07	2.2735156000000003e-07	0.023283240000000004
2.625e-07	2.3175121999999997e-07	-0.006170039999999999
2.7e-07	2.3816168000000002e-07	-0.04214264000000001
2.774999999999999e-07	2.4494260000000003e-07	-0.05925575999999999
2.849999999999999e-07	2.5363826e-07	0.002561107999999998
2.925e-07	2.5922474e-07	-0.01862652
2.9999999999999983e-07	2.6935548000000004e-07	0.029918896
3.0749999999999986e-07	2.755544e-07	-0.13306336000000002
3.1499999999999995e-07	2.8015542000000005e-07	-0.063446776
3.225e-07	2.8643348000000003e-07	-0.02782348
3.2999999999999986e-07	2.9017748e-07	-0.0053551200000000005
3.374999999999999e-07	3.0249786000000003e-07	-0.015599712000000005
3.45e-07	3.0952926e-07	0.10128196
3.525e-07	3.1428918e-07	-0.022002639999999997
3.599999999999999e-07	3.1931473999999995e-07	-0.15169000000000002
3.674999999999999e-07	3.2530499999999996e-07	-0.037718728
3.75e-07	3.3145524e-07	-0.03934866
3.8249999999999983e-07	3.365883e-07	-0.038184420000000004
3.899999999999999e-07	3.4748444000000005e-07	-0.015832599999999995
3.9749999999999995e-07	3.5199149999999995e-07	-0.037835196
4.0500000000000004e-07	3.5939656e-07	-0.038067992
4.1249999999999986e-07	3.6820522e-07	-0.059139244
4.1999999999999995e-07	3.7353382e-07	0.0012805763999999996
4.275e-07	3.813327e-07	-0.03469201200000001
4.349999999999998e-07	3.8822564000000004e-07	-0.09313276000000001
4.424999999999999e-07	3.9533607999999996e-07	0.022351908
4.5e-07	3.9766984e-07	-0.043772423600000006
4.575e-07	4.0762416e-07	0.0005821400000000004
4.6499999999999984e-07	4.1500894e-07	0.06461084
4.724999999999999e-07	4.2061703999999997e-07	-0.04004710399999999
4.8e-07	4.2802287999999996e-07	0.039930696
4.874999999999998e-07	4.3603294000000004e-07	-0.001862559999999997
4.949999999999999e-07	4.416927e-07	0.023399624
5.025e-07	4.4929162e-07	-0.015134016
5.099999999999998e-07	4.5334426e-07	-0.062398951999999994
5.175e-07	4.5996496000000004e-07	-0.032363664
5.25e-07	4.6160146e-07	-0.008498384000000003
5.324999999999998e-07	4.7242163999999996e-07	0.031665108
5.4e-07	4.8301634e-07	-0.05040804000000001
5.474999999999998e-07	4.874721399999999e-07	-0.0036088800000000005
5.549999999999998e-07	4.9682584e-07	-0.0009312399999999957
5.625e-07	5.009342400000001e-07	0.0010477480000000011
5.699999999999998e-07	5.101641399999999e-07	0.037951572
5.775000000000001e-07	5.1326056e-07	-0.0490111
5.85e-07	5.230379600000001e-07	-0.017462379999999996
5.924999999999998e-07	5.2598592e-07	-0.01711316
6.000000000000001e-07	5.3388794e-07	0.051572259999999995
6.074999999999999e-07	5.3846144e-07	-0.12840676
6.149999999999997e-07	5.484494199999999e-07	-0.008731200000000005
6.225000000000001e-07	5.5585228e-07	0.055181136000000006
6.299999999999999e-07	5.640828e-07	-0.039581420000000006
6.374999999999997e-07	5.7020964e-07	0.050757340000000005
6.45e-07	5.7672204e-07	0.07008244
6.524999999999999e-07	5.8271242e-07	-0.1253801
6.600000000000001e-07	5.8628976e-07	0.034226240000000005
6.675e-07	5.9490722e-07	0.023166844000000002
6.749999999999998e-07	5.9898514e-07	0.00954614
6.825000000000001e-07	6.0951562e-07	-0.03492476
6.9e-07	6.184498399999999e-07	-0.0866135
6.974999999999998e-07	6.226599999999999e-07	-0.079744944
7.05e-07	6.2693412e-07	-0.13283068
7.125e-07	6.3738e-07	-0.09697442
7.199999999999998e-07	6.416160599999999e-07	-0.00826556
7.275e-07	6.5177536e-07	-0.04936036
7.349999999999998e-07	6.5728616e-07	-0.07392411600000001
7.424999999999997e-07	6.6297062e-07	-0.021769796
7.5e-07	6.690453000000001e-07	-0.005587959999999999
7.574999999999998e-07	6.7592606e-07	-0.026659272
7.650000000000001e-07	6.8277628e-07	-0.03376068
7.725e-07	6.9115574e-07	-0.06426163200000001
7.799999999999998e-07	6.9375494e-07	-0.014668391999999999
7.875000000000001e-07	6.9948036e-07	-0.02584436
7.949999999999999e-07	7.2852174e-07	-0.09487908
8.024999999999997e-07	7.145244800000001e-07	-0.04842903999999999
8.100000000000001e-07	7.240074e-07	-0.03865016
8.174999999999999e-07	7.292740600000001e-07	-0.013853576000000001
8.249999999999997e-07	7.3680014e-07	0.015599704
8.325e-07	7.427027600000001e-07	0.01094306
8.399999999999999e-07	7.466048400000001e-07	0.0019790080000000017
8.474999999999997e-07	7.670860799999999e-07	-0.07229436
8.55e-07	7.6106998e-07	-0.037136736000000004
8.624999999999998e-07	7.663489e-07	-0.07648503999999999
8.700000000000001e-07	7.854954400000001e-07	-0.049127488000000004
8.775e-07	7.814944600000001e-07	-0.030850264
8.849999999999998e-07	7.849100399999999e-07	-0.10000140000000002
8.925e-07	7.914745200000001e-07	-0.010826692
9e-07	7.981774000000001e-07	-0.0275906
9.074999999999998e-07	8.265856600000001e-07	-0.013969912400000003
9.15e-07	8.147496599999999e-07	-0.106171332
9.224999999999998e-07	8.3169186e-07	0.8443640800000001
9.299999999999997e-07	8.2015848e-07	-0.06961684
9.375e-07	8.396594000000001e-07	0.8835946
9.449999999999998e-07	8.517482e-07	-0.059605
9.525000000000001e-07	8.485879000000001e-07	-0.06624064800000001
9.6e-07	8.726656000000001e-07	1.23028352
9.674999999999998e-07	8.9606948e-07	1.9332024600000004
9.750000000000002e-07	8.8108144e-07	0.9130504
9.825e-07	8.7035844e-07	-0.07345848000000002
9.899999999999998e-07	8.9319702e-07	0.311179788
9.975e-07	8.6963814e-07	-0.0041910236000000075
1.005e-06	9.186031400000001e-07	0.7806848000000001
1.0124999999999998e-06	9.164027399999999e-07	3.5823480000000005
1.02e-06	9.1533352e-07	2.5598692
1.0275e-06	9.5151058e-07	1.69338468
1.0349999999999996e-06	8.9988918e-07	3.3504519999999998
1.0425e-06	9.3814316e-07	3.3303120000000006
1.05e-06	9.7817526e-07	3.3605760000000005
1.0575e-06	9.439615600000001e-07	3.1492839999999998
1.065e-06	1.0176993e-06	3.7133160000000003
1.0724999999999997e-06	9.2722818e-07	3.2205280000000003
1.08e-06	1.0334826000000001e-06	3.304468
1.0875e-06	9.901034600000001e-07	3.1889840000000005
1.0949999999999997e-06	9.7256986e-07	2.9052800000000003
1.1025e-06	1.01082718e-06	2.869892
1.11e-06	9.552936e-07	2.847652
1.1174999999999997e-06	1.0222069400000001e-06	3.160108
1.125e-06	1.0015202200000001e-06	3.0428800000000003
1.1324999999999997e-06	9.5922272e-07	2.627628
1.1399999999999997e-06	1.0395878e-06	3.3301920000000003
1.1475e-06	1.0243232e-06	3.5261240000000007
1.1549999999999997e-06	1.0331054e-06	3.5424239999999996
1.1625e-06	1.0364278e-06	3.584096
1.17e-06	1.0441416e-06	3.578396
1.1774999999999997e-06	1.051449e-06	3.5116880000000004
1.185e-06	1.0597294000000001e-06	3.5056360000000004
1.1924999999999998e-06	1.0688158000000002e-06	3.5371840000000008
1.1999999999999997e-06	1.0715108e-06	3.526008
1.2075e-06	1.0793039999999999e-06	3.526468
1.2149999999999998e-06	1.0837236e-06	3.499812
1.2224999999999997e-06	1.0917088e-06	3.429148
1.23e-06	1.1011288e-06	3.4610440000000002
1.2374999999999998e-06	1.1049922e-06	3.4743160000000004
1.2450000000000002e-06	1.114031e-06	3.4374160000000002
1.2524999999999999e-06	1.1150222e-06	3.44358
1.2599999999999998e-06	1.1228311999999998e-06	3.4686079999999997
1.2675000000000001e-06	1.133376e-06	3.4314720000000003
1.2749999999999999e-06	1.137831e-06	3.4244960000000004
1.2824999999999998e-06	1.146012e-06	3.4318280000000003
1.29e-06	1.1516734e-06	3.432408
1.2974999999999999e-06	1.1593782e-06	3.3881680000000003
1.3049999999999998e-06	1.1638687999999999e-06	3.47048
1.3125e-06	1.1729844e-06	3.375484
1.3199999999999999e-06	1.1796491999999999e-06	3.399232
1.3274999999999998e-06	1.1894698000000001e-06	3.3679120000000005
1.335e-06	1.193374e-06	3.36174
1.3424999999999999e-06	1.1976765999999998e-06	3.4591839999999996
1.35e-06	1.2043392e-06	3.2912
1.3575e-06	1.2084198e-06	3.4264680000000007
1.3649999999999998e-06	1.2183038e-06	3.466516
1.3725e-06	1.2254192e-06	3.293876
1.38e-06	1.2374510000000001e-06	3.316924
1.3874999999999996e-06	1.2390846e-06	3.326472
1.395e-06	1.2497514e-06	3.401204
1.4025e-06	1.2549741999999999e-06	3.309588
1.4099999999999996e-06	1.261715e-06	3.313548
1.4175e-06	1.263918e-06	3.342304
1.425e-06	1.2721832e-06	3.313084000000001
1.4325e-06	1.2792806000000001e-06	3.2701279999999997
1.44e-06	1.289098e-06	3.3512640000000005
1.4474999999999997e-06	1.293944e-06	3.2834000000000003
1.455e-06	1.3019716e-06	3.2617400000000005
1.4625e-06	1.3092748e-06	3.2476600000000007
1.4699999999999997e-06	1.3159174e-06	3.343468
1.4775e-06	1.31735e-06	3.3024880000000003
1.485e-06	1.3280294000000002e-06	3.2679160000000005
1.4924999999999997e-06	1.3345504e-06	3.266516
1.5e-06	1.3425322e-06	3.2916600000000003
1.5e-06	1.3398669999999998e-06	3.343348
1.4924999999999997e-06	1.3354864e-06	3.259064
1.485e-06	1.327558e-06	3.287124
1.4775e-06	1.3215842e-06	3.2840959999999995
1.4699999999999997e-06	1.3124979999999999e-06	3.301908
1.4625e-06	1.3082648000000002e-06	3.2356640000000008
1.455e-06	1.3026228000000002e-06	3.2964320000000003
1.4474999999999997e-06	1.2962272e-06	3.233572
1.44e-06	1.2887776e-06	3.3708280000000004
1.4325e-06	1.2826656000000002e-06	3.334740000000001
1.425e-06	1.2725214e-06	3.3052800000000007
1.4175e-06	1.2676086e-06	3.302604
1.4099999999999996e-06	1.2612634e-06	3.404468
1.4025e-06	1.2520023999999999e-06	3.223328
1.395e-06	1.2461786000000001e-06	3.390496
1.3874999999999996e-06	1.2418406e-06	3.3552240000000007
1.38e-06	1.236088e-06	3.3080800000000004
1.3725e-06	1.229084e-06	3.3880520000000005
1.3649999999999998e-06	1.2236778e-06	3.31646
1.3575e-06	1.2180852000000001e-06	3.3244920000000002
1.35e-06	1.2038190000000001e-06	3.3586000000000005
1.3424999999999999e-06	1.2006178e-06	3.4029520000000004
1.335e-06	1.1923658e-06	3.3878200000000005
1.3274999999999998e-06	1.1868574e-06	3.358372
1.3199999999999999e-06	1.1807349999999999e-06	3.396088
1.3125e-06	1.1720714000000002e-06	3.4800240000000002
1.3049999999999998e-06	1.1676866e-06	3.474552
1.2974999999999999e-06	1.1604291999999998e-06	3.366048
1.29e-06	1.1507122e-06	3.4281000000000006
1.2824999999999998e-06	1.1445486e-06	3.4495200000000006
1.2749999999999999e-06	1.1380626e-06	3.406796
1.2675000000000001e-06	1.1332166e-06	3.384796
1.2599999999999998e-06	1.1259094e-06	3.460696
1.2524999999999999e-06	1.1191209999999997e-06	3.4086559999999997
1.2450000000000002e-06	1.1128994000000001e-06	3.468848
1.2374999999999998e-06	1.1083744e-06	3.484908
1.23e-06	1.0967548e-06	3.448008
1.2224999999999997e-06	1.0933686000000002e-06	3.48014
1.2149999999999998e-06	1.0875884e-06	3.483048
1.2075e-06	1.079675e-06	3.512156
1.1999999999999997e-06	1.0748176000000002e-06	3.456508000000001
1.1924999999999998e-06	1.0631314000000002e-06	3.5198400000000007
1.185e-06	1.0638114000000001e-06	3.531944
1.1774999999999997e-06	1.0525194e-06	3.565468
1.17e-06	1.043786e-06	3.53508
1.1625e-06	1.0388130000000003e-06	3.6598840000000004
1.1549999999999997e-06	1.0315788e-06	3.569428
1.1475e-06	1.0225606e-06	3.585612
1.1399999999999997e-06	1.0208454e-06	3.6290280000000004
1.1324999999999997e-06	1.0103012e-06	3.52682
1.125e-06	1.0161435999999999e-06	3.482584
1.1174999999999997e-06	1.0512240799999999e-06	3.756508
1.11e-06	1.0948106e-06	3.45918
1.1025e-06	9.832169399999998e-07	2.7683720000000003
1.0949999999999997e-06	9.6712514e-07	3.384444
1.0875e-06	9.6923328e-07	3.005048
1.08e-06	9.518283e-07	2.9566159999999995
1.0724999999999997e-06	9.6656806e-07	3.08584
1.065e-06	9.5907518e-07	1.4029302000000001
1.0575e-06	9.5130786e-07	2.9954952
1.05e-06	9.125446999999999e-07	-0.10384296
1.0425e-06	9.041246e-07	-0.0396979
1.0349999999999996e-06	9.5524778e-07	1.8570642800000001
1.0275e-06	8.947813e-07	3.3664
1.02e-06	9.477745200000001e-07	2.5982892
1.0124999999999998e-06	9.640783e-07	3.2282136
1.005e-06	9.137010400000001e-07	3.2499840000000004
9.975e-07	8.7196838e-07	-0.036321719999999995
9.899999999999998e-07	8.981518800000001e-07	0.32980602800000003
9.825e-07	8.732518400000001e-07	1.31782604
9.750000000000002e-07	8.756145e-07	0.015366960000000002
9.674999999999998e-07	9.0012124e-07	1.506770796
9.6e-07	8.637626399999999e-07	3.781188
9.525000000000001e-07	8.564774e-07	1.26730292
9.449999999999998e-07	8.377212000000001e-07	3.9353159999999994
9.375e-07	8.503148599999999e-07	3.521228
9.299999999999997e-07	8.1846496e-07	-0.021187712000000004
9.224999999999998e-07	8.1409726e-07	-0.043190280000000005
9.15e-07	8.173680199999999e-07	-0.04004711200000001
9.074999999999998e-07	8.222098e-07	-0.054948399999999994
9e-07	8.025230400000001e-07	-0.067521128
8.925e-07	8.062585e-07	-0.023166832399999997
8.849999999999998e-07	7.8228548e-07	-0.15972268
8.775e-07	7.7965394e-07	-0.074156936
8.700000000000001e-07	7.8254806e-07	0.05622888
8.624999999999998e-07	8.097538000000001e-07	-0.049593244
8.55e-07	7.6253428e-07	-0.1264273836
8.474999999999997e-07	7.5091196e-07	-0.0012805520000000008
8.399999999999999e-07	7.469314000000001e-07	-0.040163592000000005
8.325e-07	7.4962114e-07	-0.05657818800000001
8.249999999999997e-07	7.4418104e-07	-0.08824326
8.174999999999999e-07	7.2938744e-07	0.083237472
8.100000000000001e-07	7.2434524e-07	-0.033760639999999995
8.024999999999997e-07	7.1391592e-07	-0.018510064
7.949999999999999e-07	7.065391200000001e-07	-0.08207324
7.875000000000001e-07	7.047852999999999e-07	0.01362064
7.799999999999998e-07	6.9760722e-07	-0.049127576
7.725e-07	6.909486400000001e-07	-0.020372792
7.650000000000001e-07	6.7577912e-07	0.0018627319999999989
7.574999999999998e-07	6.762031e-07	-0.0712466076
7.5e-07	6.6813244e-07	-0.05960492400000002
7.424999999999997e-07	6.6051758e-07	-0.027124976000000012
7.349999999999998e-07	6.5445704e-07	-0.05168872000000001
7.275e-07	6.4663356e-07	0.047032040000000004
7.199999999999998e-07	6.3987928e-07	0.041560492000000004
7.125e-07	6.381343999999999e-07	-0.066008
7.05e-07	6.2879024e-07	-0.039348648
6.974999999999998e-07	6.197294e-07	0.034924776399999996
6.9e-07	6.158799400000001e-07	0.04493660000000001
6.825000000000001e-07	6.109347400000001e-07	0.03189798
6.749999999999998e-07	6.00925e-07	-0.012456539999999999
6.675e-07	5.9464684e-07	-0.04202616
6.600000000000001e-07	5.857240399999999e-07	0.015250439999999999
6.524999999999999e-07	5.8236518e-07	0.042259000000000005
6.45e-07	5.756167600000001e-07	-0.023399640000000003
6.374999999999997e-07	5.674937800000001e-07	-0.055996080000000004
6.299999999999999e-07	5.6267398e-07	-0.03527405200000001
6.225000000000001e-07	5.4776058e-07	-0.04423812
6.149999999999997e-07	5.4787716e-07	-0.055996048
6.074999999999999e-07	5.413116000000001e-07	-0.054366276000000005
6.000000000000001e-07	5.334749600000001e-07	-0.07846442360000001
5.924999999999998e-07	5.2427704e-07	0.005820856400000001
5.85e-07	5.214740799999999e-07	0.0020955040000000006
5.775000000000001e-07	5.1426808e-07	0.05937215999999999
5.699999999999998e-07	5.087417e-07	-0.039697864000000006
5.625e-07	4.984959599999999e-07	-0.024447320000000005
5.549999999999998e-07	4.937743999999999e-07	0.0008149240000000002
5.474999999999998e-07	4.8955486e-07	-0.10838316
5.4e-07	4.7698922e-07	0.010361007999999998
5.324999999999998e-07	4.732211e-07	-0.072992892
5.25e-07	4.6816331999999995e-07	-0.041560516
5.175e-07	4.6287500000000005e-07	-0.03969784
5.099999999999998e-07	4.5461052e-07	-0.05809172000000001
5.025e-07	4.4698182e-07	-0.016996744
4.949999999999999e-07	4.3668110000000004e-07	-0.022933960000000003
4.874999999999998e-07	4.344502e-07	-0.0027939600000000007
4.8e-07	4.252919e-07	-0.031665184
4.724999999999999e-07	4.2062773999999993e-07	-0.00570436
4.6499999999999984e-07	4.1179588e-07	-0.03690388
4.575e-07	4.0600619999999995e-07	-0.05995426
4.5e-07	3.9938372e-07	0.0077999
4.424999999999999e-07	3.9186117999999996e-07	-0.10221328
4.349999999999998e-07	3.862700600000001e-07	0.050990139999999996
4.275e-07	3.7850988e-07	0.005238680000000001
4.1999999999999995e-07	3.7368232e-07	-0.03317856000000001
4.1249999999999986e-07	3.6696871999999997e-07	-0.02281756
4.0500000000000004e-07	3.5502134e-07	-0.01583252000000001
3.9749999999999995e-07	3.5282326e-07	-0.07159576000000001
3.899999999999999e-07	3.5026338e-07	-0.09138656
3.8249999999999983e-07	3.4203348e-07	0.04121128
3.75e-07	3.3105956e-07	-0.006286492000000002
3.674999999999999e-07	3.2576844000000004e-07	-0.03806798000000001
3.599999999999999e-07	3.1851885999999996e-07	-0.06577496000000001
3.525e-07	3.0922128e-07	-0.01816096
3.45e-07	3.075878e-07	-0.04086208
3.374999999999999e-07	3.0263888000000003e-07	-0.059372100000000004
3.2999999999999986e-07	2.9157884e-07	-0.036671016
3.225e-07	2.881646e-07	-0.06728844
3.1499999999999995e-07	2.7816038e-07	-0.030151723999999998
3.0749999999999986e-07	2.7492537999999996e-07	0.008498423999999996
2.9999999999999983e-07	2.6346442e-07	-0.1296874
2.925e-07	2.584345e-07	-0.06228248000000001
2.849999999999999e-07	2.5257029999999997e-07	0.017229560000000005
2.774999999999999e-07	2.447316e-07	-0.014319144
2.7e-07	2.412329400000001e-07	-0.035041275999999996
2.625e-07	2.2920916e-07	-0.034808375999999995
2.549999999999999e-07	2.2573462000000003e-07	-0.050990263599999995
2.4749999999999985e-07	2.1849780000000002e-07	-0.036554592000000004
2.4e-07	2.1172548e-07	-0.0266592636
2.3249999999999992e-07	2.084521e-07	0.0011641559999999989
2.2499999999999986e-07	2.0182154e-07	-0.13771988
2.1750000000000004e-07	1.8797294e-07	-0.07648524000000001
2.0999999999999997e-07	1.8606426e-07	0.015366824000000001
2.0249999999999991e-07	1.801084e-07	-0.039697888
1.9499999999999983e-07	1.7181662e-07	-0.0010477640000000014
1.875e-07	1.6579408e-07	-0.002910399999999999
1.7999999999999994e-07	1.5941944e-07	-0.027474168
1.7249999999999988e-07	1.5157027999999998e-07	0.04633376
1.6500000000000003e-07	1.472054e-07	-0.08835972
1.5749999999999997e-07	1.3790612e-07	0.053667768000000005
1.4999999999999991e-07	1.3183091999999999e-07	0.02258464
1.4249999999999985e-07	1.2407382e-07	-0.042491764
1.35e-07	1.1670482e-07	-0.05168877599999999
1.2749999999999994e-07	1.1184992e-07	0.029336856
1.1999999999999988e-07	1.0588832e-07	-0.098604144
1.1250000000000005e-07	9.869416e-08	0.037951588
1.0499999999999999e-07	9.1385016e-08	0.005471560400000001
9.749999999999991e-08	8.473677e-08	0.011292356
8.999999999999985e-08	7.505768000000001e-08	-0.031897976
8.250000000000002e-08	6.780936200000001e-08	0.023283164000000002
7.499999999999996e-08	6.707569e-08	-0.030151675999999995
6.74999999999999e-08	6.094702e-08	-0.04505294000000001
6.000000000000005e-08	4.8314168e-08	0.0019790599999999986
5.2499999999999994e-08	4.6160414000000004e-08	0.007101359999999999
4.4999999999999926e-08	3.8071086000000005e-08	-0.004656667999999999
3.7499999999999866e-08	3.2848514e-08	-0.07404059999999998
3.0000000000000024e-08	2.0620784e-08	0.027474168
2.2499999999999963e-08	2.1740049999999998e-08	-0.051455852
1.4999999999999903e-08	1.1918885399999999e-08	-0.07380772000000001
7.49999999999984e-09	6.1076892e-09	-0.0030267924000000014
0.0	-2.67218948e-09	0.02060564
-7.500000000000062e-09	-1.0009946000000001e-08	-0.022119072400000002
-1.5000000000000124e-08	-1.5742144e-08	-0.07159579600000002
-2.2499999999999963e-08	-2.2616288e-08	0.044936527600000005
-3.0000000000000024e-08	-2.9194548000000003e-08	-0.05750956
-3.750000000000009e-08	-4.4348736e-08	0.019325016
-4.500000000000015e-08	-4.725362e-08	-0.068568976
-5.2499999999999994e-08	-5.1118872e-08	0.02188624
-6.000000000000005e-08	-5.6637804e-08	-0.10302796
-6.750000000000012e-08	-6.5433492e-08	-0.054249900000000004
-7.499999999999996e-08	-6.948641599999999e-08	0.015599748
-8.250000000000002e-08	-8.0369994e-08	0.0027939239999999975
-9.000000000000008e-08	-8.7270062e-08	-0.043306748000000006
-9.750000000000014e-08	-9.1123784e-08	-0.06414518
-1.0499999999999999e-07	-9.9780934e-08	0.01897584
-1.1250000000000005e-07	-1.0655126e-07	-0.007799904000000005
-1.200000000000001e-07	-1.1209994000000001e-07	-0.09546112
-1.2749999999999994e-07	-1.1910736e-07	-0.06624064
-1.35e-07	-1.251452e-07	-0.007217720000000001
-1.4250000000000007e-07	-1.3185774000000002e-07	-0.005122319999999998
-1.5000000000000013e-07	-1.3613302e-07	-0.06158391999999999
-1.5749999999999997e-07	-1.4420145999999998e-07	-0.0848672
-1.6500000000000003e-07	-1.4932096e-07	-0.020605620000000005
-1.725000000000001e-07	-1.5987098e-07	-0.019092183999999998
-1.8000000000000016e-07	-1.6140064e-07	-0.06088555600000001
-1.875e-07	-1.7305800000000001e-07	0.01641472
-1.9500000000000007e-07	-1.7641444000000002e-07	0.010477436000000003
-2.0250000000000013e-07	-1.8094606e-07	-0.081374792
-2.0999999999999997e-07	-1.9147268e-07	-0.0038417200000000007
-2.1750000000000004e-07	-1.9229269999999998e-07	0.0031431879999999995
-2.250000000000001e-07	-2.0441444000000003e-07	-0.0129221956
-2.3250000000000016e-07	-2.09469e-07	-0.04214254
-2.4e-07	-2.1881568e-07	-0.015483356000000004
-2.4750000000000007e-07	-2.2481928e-07	-0.019907092
-2.550000000000001e-07	-2.2980254e-07	-0.10908172000000001
-2.625e-07	-2.4132002e-07	-0.0927835436
-2.7e-07	-2.4565731999999996e-07	-0.061351275999999996
-2.775000000000001e-07	-2.5378736e-07	-0.03317856400000001
-2.8500000000000013e-07	-2.6355234e-07	-0.061700384
-2.925e-07	-2.6653536e-07	0.03550692000000001
-3.0000000000000004e-07	-2.744462e-07	0.05750948
-3.075000000000001e-07	-2.8050788e-07	-0.007683500000000001
-3.1499999999999995e-07	-2.8450186e-07	0.013038600000000001
-3.225e-07	-2.9519658e-07	0.027939883999999998
-3.3000000000000007e-07	-2.9883346e-07	-0.12922162800000003
-3.3750000000000016e-07	-3.0819808e-07	-0.11955916
-3.45e-07	-3.1515826e-07	0.0013969519999999951
-3.525e-07	-3.1829228000000004e-07	0.009313316000000006
-3.600000000000001e-07	-3.2820502e-07	0.037602368000000004
-3.674999999999999e-07	-3.3498750000000005e-07	0.07788228000000001
-3.75e-07	-3.403247e-07	-0.024912999999999998
-3.8250000000000004e-07	-3.4955912000000005e-07	0.023516032
-3.9000000000000013e-07	-3.529023e-07	-0.052619976
-3.9749999999999995e-07	-3.6236402e-07	-0.07601975999999999
-4.0500000000000004e-07	-3.6536578e-07	-0.0091968
-4.125000000000001e-07	-3.7720042e-07	-0.017928024
-4.1999999999999995e-07	-3.8507932e-07	-0.05646173560000001
-4.275e-07	-3.9146322000000007e-07	-0.021420528000000005
-4.3500000000000007e-07	-3.8853584e-07	0.084285232
-4.425000000000001e-07	-4.0354704e-07	-0.1110608
-4.5e-07	-4.0795046e-07	0.007916276
-4.575e-07	-4.1013514e-07	0.004773063999999999
-4.650000000000001e-07	-4.2032222e-07	-0.013155040000000002
-4.7250000000000013e-07	-4.289489e-07	-0.09255072
-4.8e-07	-4.322380999999999e-07	-0.06204962000000001
-4.875000000000001e-07	-4.4272699999999996e-07	-0.10768488000000001
-4.950000000000001e-07	-4.4850315999999995e-07	-0.088359732
-5.025000000000001e-07	-4.5407774e-07	-0.12514730400000001
-5.1e-07	-4.5919654000000003e-07	-0.026892059999999995
-5.175e-07	-4.6683584e-07	-0.01606532
-5.250000000000001e-07	-4.7463646000000004e-07	-0.015366904000000004
-5.325000000000001e-07	-4.8016726e-07	0.07392426
-5.4e-07	-4.8723714e-07	-0.022584700000000003
-5.474999999999999e-07	-4.9462258e-07	-0.020256368
-5.550000000000001e-07	-5.0077124e-07	0.001397000000000001
-5.625e-07	-5.0577008e-07	-0.005704407600000004
-5.7e-07	-5.1826388e-07	-0.040163592
-5.775e-07	-5.220999999999999e-07	-0.027124899999999997
-5.850000000000001e-07	-5.270479199999999e-07	-0.04877832
-5.925e-07	-5.3644582e-07	0.040163479999999994
-6.000000000000001e-07	-5.4187396e-07	-0.06612424
-6.075e-07	-5.4830268e-07	-0.031548707999999995
-6.15e-07	-5.563154199999999e-07	-0.034575391999999996
-6.225000000000001e-07	-5.6366244e-07	-0.02561154
-6.3e-07	-5.698608e-07	0.017345964
-6.375e-07	-5.8036752e-07	-0.036671036000000004
-6.45e-07	-5.821034000000001e-07	0.0012805959999999978
-6.525000000000001e-07	-5.869841e-07	-0.06228254800000001
-6.6e-07	-5.9802726e-07	-0.052154396000000006
-6.675e-07	-6.033438199999999e-07	-0.004773119999999997
-6.75e-07	-6.09646e-07	-0.0314323112
-6.825e-07	-6.185603000000001e-07	-0.013271452
-6.900000000000001e-07	-6.196060400000001e-07	-0.013620752
-6.975e-07	-6.2830236e-07	-0.018859364
-7.05e-07	-6.3757016e-07	-0.01199084
-7.125000000000001e-07	-6.4376908e-07	-0.012223688
-7.2e-07	-6.497828999999999e-07	0.081491324
-7.275e-07	-6.5724276e-07	0.042142588
-7.35e-07	-6.6146222e-07	-0.0677540876
-7.425000000000001e-07	-6.725285000000001e-07	-0.11106081599999999
-7.5e-07	-6.7821378e-07	-0.033294960000000005
-7.575000000000001e-07	-6.8264736e-07	-0.07858073600000001
-7.65e-07	-6.8893684e-07	0.009196859999999998
-7.725000000000001e-07	-6.9659276e-07	-0.005238760000000004
-7.8e-07	-7.037888799999999e-07	0.04563508
-7.875e-07	-7.129518400000001e-07	-0.05157223200000001
-7.95e-07	-7.1336856e-07	-0.061700467999999994
-8.024999999999999e-07	-7.235397000000001e-07	0.008382015599999997
-8.100000000000001e-07	-7.311374200000001e-07	-0.007101371600000001
-8.175e-07	-7.3727944e-07	-0.011176000000000014
-8.25e-07	-7.736846399999999e-07	-0.06670630400000001
-8.325e-07	-7.4523004e-07	-0.070315184
-8.400000000000001e-07	-7.5207836e-07	0.016065428
-8.475e-07	-8.713448600000001e-07	0.40524364800000007
-8.55e-07	-8.9147526e-07	4.26524
-8.625e-07	-8.3426868e-07	4.184452
-8.7e-07	-7.797448200000001e-07	4.35884
-8.775000000000001e-07	-8.9948994e-07	4.248016
-8.85e-07	-9.601869e-07	3.9554640000000005
-8.925e-07	-7.945292e-07	4.0953919999999995
-9.000000000000001e-07	-8.9749466e-07	4.05162
-9.075e-07	-8.165147599999999e-07	3.9913200000000004
-9.15e-07	-9.678337999999999e-07	3.649288
-9.225e-07	-8.209303600000001e-07	3.879328
-9.300000000000001e-07	-1.05890706e-06	3.933808
-9.375e-07	-9.8634186e-07	3.586076
-9.450000000000001e-07	-9.0766544e-07	3.7237920000000004
-9.525e-07	-8.4704014e-07	3.70226
-9.6e-07	-8.495044199999999e-07	3.621932
-9.675e-07	-8.997971599999999e-07	3.5609279999999996
-9.75e-07	-1.04069824e-06	3.5183240000000007
-9.825000000000001e-07	-1.21836562e-06	3.3723400000000003
-9.9e-07	-1.12905386e-06	3.514596
-9.975e-07	-1.06654568e-06	3.5804840000000007
-1.005e-06	-1.0669385e-06	3.2752440000000007
-1.0125e-06	-8.869536199999998e-07	3.398064
-1.02e-06	-1.2601036e-06	3.4428840000000003
-1.0275000000000001e-06	-9.7180648e-07	3.4719840000000004
-1.035e-06	-1.1088179799999999e-06	3.504124
-1.0425e-06	-1.0024405e-06	3.2995759999999996
-1.0500000000000001e-06	-9.1423484e-07	3.1501040000000002
-1.0575e-06	-1.0153365e-06	3.372336
-1.065e-06	-1.2341446e-06	3.4755960000000004
-1.0725000000000001e-06	-1.14155768e-06	3.325188
-1.08e-06	-1.1272842599999999e-06	2.8377600000000003
-1.0875e-06	-1.15738778e-06	3.113308
-1.0949999999999999e-06	-1.1357210600000001e-06	2.886888
-1.1025e-06	-1.2736218e-06	3.4976
-1.11e-06	-1.0910518e-06	3.032868
-1.1174999999999999e-06	-1.0075046e-06	3.6109880000000003
-1.125e-06	-1.0143544000000002e-06	3.5967919999999998
-1.1325e-06	-1.0194004e-06	3.6120360000000007
-1.14e-06	-1.02586e-06	3.5655840000000003
-1.1475e-06	-1.034615e-06	3.58992
-1.155e-06	-1.041401e-06	3.493524
-1.1625e-06	-1.043098e-06	3.573268
-1.17e-06	-1.0551727999999999e-06	3.4877000000000002
-1.1775e-06	-1.0619816e-06	3.541716
-1.185e-06	-1.0674434e-06	3.5655880000000004
-1.1924999999999998e-06	-1.0708602e-06	3.4886360000000005
-1.2e-06	-1.0811607999999998e-06	3.41134
-1.2075e-06	-1.0835898e-06	3.4490520000000005
-1.215e-06	-1.0946110000000002e-06	3.5017920000000005
-1.2225000000000002e-06	-1.0982626e-06	3.5499880000000004
-1.23e-06	-1.1088477999999998e-06	3.5515
-1.2375e-06	-1.1127524e-06	3.5530120000000003
-1.2450000000000002e-06	-1.1234198e-06	3.4241440000000005
-1.2524999999999999e-06	-1.1280342e-06	3.476176
-1.26e-06	-1.1395880000000002e-06	3.399696
-1.2675000000000001e-06	-1.1405922e-06	3.5023760000000004
-1.2749999999999999e-06	-1.1480319999999999e-06	3.3919000000000006
-1.2825e-06	-1.1543852e-06	3.370356
-1.29e-06	-1.1605052e-06	3.364772
-1.2975e-06	-1.166799e-06	3.440788
-1.305e-06	-1.174519e-06	3.314832
-1.3125e-06	-1.1782433999999999e-06	3.441256
-1.32e-06	-1.1871403999999998e-06	3.3874679999999997
-1.3275000000000002e-06	-1.1955262e-06	3.4203
-1.335e-06	-1.197017e-06	3.3196
-1.3425e-06	-1.2089982000000002e-06	3.390032
-1.35e-06	-1.2155772e-06	3.31704
-1.3575e-06	-1.2207104e-06	3.3806000000000003
-1.365e-06	-1.2301491999999998e-06	3.258252
-1.3725e-06	-1.2324428e-06	3.4058640000000002
-1.38e-06	-1.2386624e-06	3.3234400000000006
-1.3875e-06	-1.2472166e-06	3.3650040000000003
-1.395e-06	-1.250919e-06	3.3142480000000005
-1.4025000000000001e-06	-1.2634476e-06	3.3633720000000005
-1.4099999999999998e-06	-1.2665268e-06	3.3457920000000003
-1.4175e-06	-1.2794316e-06	3.3189
-1.4250000000000001e-06	-1.2791481999999999e-06	3.351152
-1.4325e-06	-1.2898416e-06	3.327632
-1.44e-06	-1.2935624000000002e-06	3.336596
-1.4475e-06	-1.3044652e-06	3.2758279999999997
-1.455e-06	-1.3103704e-06	3.3304240000000007
-1.4625e-06	-1.3140568e-06	3.3112160000000004
-1.47e-06	-1.3217478e-06	3.3008559999999996
-1.4775e-06	-1.3302984000000001e-06	3.308892
-1.4850000000000002e-06	-1.3348548e-06	3.356736
-1.4925e-06	-1.3430538e-06	3.3396239999999997
-1.5e-06	-1.3442857999999997e-06	3.2459120000000006
