Started: March 10, 2024 20:00:53
Initial Temperature (K)	0.020037
Resistor	1000000.0	Excitation Current (A)	5e-08
Current (A)	Measured Current (A)	Resistance (Ohms)
-1.5e-06	4.689659333333334e-11	2.892936666666667
-1.495e-06	4.482249333333333e-11	3.3201800000000006
-1.49e-06	4.5191968333333333e-11	3.338033333333333
-1.4850000000000002e-06	4.419270833333333e-11	3.3069900000000003
-1.48e-06	4.507440833333334e-11	3.2514966666666663
-1.475e-06	4.4419426666666665e-11	3.2945733333333336
-1.47e-06	4.526754333333333e-11	3.3434633333333337
-1.4650000000000002e-06	4.5233955e-11	3.318243333333333
-1.46e-06	4.3537726666666665e-11	3.3492866666666665
-1.455e-06	4.4142321666666665e-11	3.3589866666666666
-1.4499999999999999e-06	4.5368309999999995e-11	3.3651966666666664
-1.4450000000000001e-06	4.4007965e-11	3.3877
-1.44e-06	4.5536251666666666e-11	3.3663600000000002
-1.435e-06	4.5242351666666664e-11	3.315140000000001
-1.4299999999999999e-06	4.396598333333333e-11	3.3069866666666665
-1.4250000000000001e-06	4.4814096666666665e-11	3.4331033333333334
-1.42e-06	4.5015628333333333e-11	3.393136666666667
-1.415e-06	4.4713328333333335e-11	3.32212
-1.4099999999999998e-06	4.403315666666667e-11	3.3659733333333333
-1.405e-06	4.4839286666666666e-11	3.3706300000000002
-1.4e-06	4.397438e-11	3.334536666666667
-1.395e-06	4.585535e-11	3.386146666666667
-1.3899999999999998e-06	4.5494266666666664e-11	3.371016666666667
-1.385e-06	4.441943e-11	3.4540633333333335
-1.38e-06	4.5099596666666665e-11	3.376063333333334
-1.375e-06	4.485607833333333e-11	3.4560033333333338
-1.37e-06	4.446141166666667e-11	3.3756733333333333
-1.365e-06	4.5133185e-11	3.43427
-1.36e-06	4.345375333333334e-11	3.4540566666666668
-1.355e-06	4.450339833333333e-11	3.4288400000000006
-1.35e-06	4.4721725e-11	3.3686900000000004
-1.345e-06	4.344535666666667e-11	3.46997
-1.34e-06	4.5242351666666664e-11	3.44281
-1.335e-06	4.5762978333333326e-11	3.396243333333334
-1.33e-06	4.5091201666666665e-11	3.3993466666666667
-1.325e-06	4.503242333333334e-11	3.497913333333333
-1.32e-06	4.551946166666667e-11	3.40245
-1.315e-06	4.528434333333334e-11	3.4532833333333337
-1.31e-06	4.513318833333333e-11	3.4269
-1.305e-06	4.467974e-11	3.4827766666666666
-1.3e-06	4.565381166666666e-11	3.4668666666666668
-1.2949999999999999e-06	4.5343116666666665e-11	3.476953333333334
-1.29e-06	4.530113166666666e-11	3.527786666666667
-1.285e-06	4.3949185e-11	3.4474666666666667
-1.28e-06	4.512479e-11	3.4940266666666666
-1.2749999999999999e-06	4.5863743333333327e-11	3.546416666666667
-1.2700000000000001e-06	4.4612563333333335e-11	3.58173
-1.265e-06	4.4755316666666667e-11	3.4754066666666668
-1.26e-06	4.6266806666666664e-11	3.5107133333333334
-1.2549999999999998e-06	4.483089e-11	3.5526266666666664
-1.25e-06	4.5242355000000006e-11	3.509553333333333
-1.2450000000000002e-06	4.512478833333333e-11	3.57358
-1.24e-06	4.465455e-11	3.6554633333333335
-1.2349999999999998e-06	4.439424e-11	3.53594
-1.23e-06	4.632558666666666e-11	3.4951966666666667
-1.2250000000000001e-06	4.500722833333333e-11	3.5603866666666675
-1.22e-06	4.613245166666666e-11	3.5902700000000003
-1.2149999999999998e-06	4.4318661666666665e-11	3.5821166666666673
-1.21e-06	4.417591166666667e-11	3.56776
-1.2050000000000001e-06	4.4822495e-11	3.6418733333333333
-1.2e-06	4.5133185e-11	3.6329533333333335
-1.195e-06	4.467973833333333e-11	3.6411033333333336
-1.19e-06	4.611566e-11	3.6612833333333334
-1.185e-06	4.487287833333333e-11	3.6283000000000007
-1.18e-06	4.3772845e-11	3.7039633333333337
-1.175e-06	4.4872873333333334e-11	3.7268600000000003
-1.17e-06	4.498203833333333e-11	3.747426666666667
-1.165e-06	4.449500666666666e-11	3.749366666666667
-1.16e-06	4.5914126666666664e-11	3.7780833333333335
-1.155e-06	4.530113166666666e-11	3.7260866666666668
-1.15e-06	4.4469811666666664e-11	3.774203333333334
-1.145e-06	4.471333333333334e-11	3.7613966666666667
-1.14e-06	4.439423833333333e-11	3.807183333333334
-1.135e-06	4.420950333333333e-11	3.8425
-1.13e-06	4.5292734999999995e-11	3.8444366666666667
-1.125e-06	4.4713328333333335e-11	3.83319
-1.12e-06	4.4142321666666665e-11	3.8642300000000005
-1.115e-06	4.450339833333333e-11	3.8595699999999997
-1.11e-06	4.503242e-11	3.9352433333333336
-1.105e-06	4.523395333333333e-11	3.9321400000000004
-1.1e-06	4.338657333333334e-11	3.96435
-1.0949999999999999e-06	4.4570573333333336e-11	4.007029999999999
-1.09e-06	4.476371e-11	3.9884066666666667
-1.085e-06	4.438583666666667e-11	4.0310966666666666
-1.08e-06	4.515837833333333e-11	4.076883333333334
-1.0749999999999999e-06	4.332779666666667e-11	4.081146666666667
-1.0700000000000001e-06	4.534311833333333e-11	4.1347
-1.065e-06	4.500722833333333e-11	4.062913333333334
-1.06e-06	4.5024021666666665e-11	4.1797200000000005
-1.0549999999999999e-06	4.452858833333333e-11	4.09745
-1.0500000000000001e-06	4.556144333333333e-11	4.227833333333334
-1.045e-06	4.593931166666667e-11	4.3004
-1.04e-06	4.552785333333333e-11	4.209983333333334
-1.0349999999999998e-06	4.4629353333333334e-11	4.331056666666666
-1.03e-06	4.490646e-11	4.350456666666666
-1.025e-06	4.4847681666666665e-11	4.30506
-1.02e-06	4.467973666666667e-11	4.4245833333333335
-1.015e-06	4.475531333333333e-11	4.43544
-1.01e-06	4.5259145e-11	4.48938
-1.005e-06	4.5385104999999996e-11	4.524693333333333
-1e-06	4.515837833333333e-11	4.60774
-9.95e-07	4.508280333333333e-11	4.583290000000001
-9.9e-07	4.435225e-11	4.745500000000001
-9.849999999999999e-07	4.458737e-11	4.672156666666667
-9.8e-07	4.455378166666667e-11	4.730366666666668
-9.75e-07	4.5191965e-11	4.891033333333334
-9.7e-07	4.4167510000000005e-11	4.850286666666666
-9.649999999999999e-07	4.4369045e-11	4.877840000000001
-9.6e-07	4.526754e-11	4.940316666666667
-9.55e-07	4.397437666666667e-11	4.937596666666667
-9.499999999999999e-07	4.4721723333333335e-11	5.02452
-9.45e-07	4.47973e-11	5.125026666666667
-9.399999999999999e-07	4.4973638333333334e-11	5.103686666666667
-9.349999999999999e-07	4.4629355e-11	5.240670000000001
-9.3e-07	4.433545333333334e-11	5.278696666666668
-9.249999999999999e-07	4.593091666666666e-11	5.34156
-9.200000000000001e-07	4.5771369999999997e-11	5.333410000000001
-9.15e-07	4.533471833333333e-11	5.4110233333333335
-9.100000000000001e-07	4.543548166666667e-11	5.3931700000000005
-9.05e-07	4.5301128333333333e-11	5.56857
-9.000000000000001e-07	4.3991170000000005e-11	5.597283333333334
-8.95e-07	4.463774833333334e-11	5.708266666666667
-8.900000000000001e-07	4.5452276666666665e-11	5.652
-8.85e-07	4.5066008333333335e-11	5.729613333333333
-8.8e-07	4.5301126666666666e-11	5.911999999999999
-8.75e-07	4.571258833333333e-11	5.908893333333332
-8.7e-07	4.5275935000000003e-11	5.915873333333333
-8.65e-07	4.4545380000000006e-11	5.89492
-8.6e-07	4.486447333333334e-11	6.037333333333333
-8.55e-07	4.5947711666666664e-11	6.136283333333334
-8.5e-07	4.4982035e-11	6.1774200000000015
-8.45e-07	4.5250746666666664e-11	6.246106666666667
-8.4e-07	4.491486e-11	6.281423333333334
-8.349999999999999e-07	4.5091201666666665e-11	6.282196666666667
-8.3e-07	4.4637753333333336e-11	6.41801
-8.249999999999999e-07	4.4721723333333335e-11	6.552666666666666
-8.2e-07	4.530952166666667e-11	6.560816666666667
-8.149999999999999e-07	4.478050333333333e-11	6.520843333333334
-8.1e-07	4.4201098333333334e-11	6.481653333333334
-8.049999999999999e-07	4.462095833333333e-11	6.738543333333333
-8e-07	4.3277411666666663e-11	6.849913333333334
-7.95e-07	4.352093166666667e-11	6.915886666666666
-7.900000000000001e-07	4.330260333333334e-11	6.906183333333334
-7.85e-07	4.6208025e-11	6.96672
-7.8e-07	4.404995166666667e-11	6.925973333333334
-7.75e-07	4.389880166666667e-11	7.137460000000001
-7.7e-07	4.558663166666667e-11	7.111466666666666
-7.65e-07	4.472172166666667e-11	7.099433333333334
-7.6e-07	4.4746913333333336e-11	7.2030400000000006
-7.55e-07	4.4746913333333336e-11	7.010566666666667
-7.5e-07	4.384842e-11	7.129313333333333
-7.45e-07	4.485608333333333e-11	7.015616666666667
-7.4e-07	4.4646151666666664e-11	7.158030000000001
-7.35e-07	4.645154166666667e-11	7.038119999999999
-7.3e-07	4.501562166666667e-11	7.6209733333333345
-7.249999999999999e-07	4.523394666666667e-11	7.740106666666667
-7.2e-07	4.5191966666666666e-11	7.525510000000001
-7.149999999999999e-07	4.392399166666667e-11	7.406763333333333
-7.1e-07	4.5628615000000003e-11	7.655896666666667
-7.049999999999999e-07	4.6291995e-11	8.832080000000001
-7e-07	4.526754e-11	8.340803333333335
-6.949999999999999e-07	4.4713325e-11	8.637276666666667
-6.9e-07	4.4444616666666666e-11	8.710616666666667
-6.849999999999999e-07	4.5704191666666664e-11	9.021456666666667
-6.8e-07	4.556983666666667e-11	9.256616666666668
-6.749999999999999e-07	4.517517333333333e-11	8.739723333333334
-6.699999999999999e-07	4.5401895e-11	8.684233333333333
-6.65e-07	4.463775e-11	8.22012
-6.6e-07	4.6124051666666664e-11	7.638433333333334
-6.55e-07	4.4772106666666666e-11	7.59769
-6.5e-07	4.4016365e-11	7.046656666666667
-6.45e-07	4.483088666666667e-11	5.50105
-6.4e-07	4.557823833333333e-11	4.22512
-6.350000000000001e-07	4.513318833333333e-11	4.338433333333334
-6.3e-07	4.455378166666667e-11	3.90769
-6.25e-07	4.5116393333333334e-11	2.651956666666667
-6.2e-07	4.4746916666666664e-11	2.211513666666667
-6.15e-07	4.490646166666667e-11	1.7609856666666666
-6.1e-07	4.524234166666667e-11	1.3232626666666667
-6.05e-07	4.5376705e-11	1.4540363333333335
-6e-07	4.4385835e-11	1.3220966666666667
-5.95e-07	4.4604165e-11	1.162996
-5.9e-07	4.44866e-11	0.6371840000000001
-5.85e-07	4.5074403333333335e-11	0.43966466666666676
-5.8e-07	4.4520190000000005e-11	0.35739733333333334
-5.75e-07	4.483089e-11	0.3546803333333333
-5.699999999999999e-07	4.5477466666666666e-11	0.2021755666666667
-5.65e-07	4.5015625e-11	0.15211696666666666
-5.599999999999999e-07	4.5477468333333333e-11	0.10361026
-5.55e-07	4.467973666666667e-11	0.09972980666666668
-5.499999999999999e-07	4.5645411666666666e-11	0.03259642666666667
-5.45e-07	4.305908000000001e-11	0.11990836666666667
-5.4e-07	4.4024751666666663e-11	0.05626773333333333
-5.350000000000001e-07	4.496523833333334e-11	0.0042685333333333355
-5.3e-07	4.4268275000000005e-11	0.07722250666666668
-5.250000000000001e-07	4.473012166666667e-11	0.04889471666666667
-5.2e-07	4.5653806666666666e-11	-0.02793983333333333
-5.15e-07	4.33026e-11	0.09313266666666668
-5.1e-07	4.3949183333333334e-11	0.13465476666666668
-5.05e-07	4.4931655e-11	0.030656233333333335
-5e-07	4.457897333333333e-11	0.08808806666666667
-4.949999999999999e-07	4.5141584999999996e-11	0.10787876666666668
-4.9e-07	4.482249e-11	0.07761045
-4.849999999999999e-07	4.541868666666667e-11	0.2064443166666667
-4.8e-07	4.4184301666666665e-11	0.05976027333333333
-4.750000000000001e-07	4.4822488333333335e-11	0.09701326666666667
-4.6999999999999995e-07	4.467973666666667e-11	0.14086326666666668
-4.650000000000001e-07	4.4175905000000004e-11	-0.03298459
-4.6e-07	4.5133185e-11	-0.013193746666666667
-4.550000000000001e-07	4.528433166666667e-11	0.03958143333333334
-4.5e-07	4.6157635000000004e-11	0.014357983333333338
-4.450000000000001e-07	4.404994666666666e-11	0.03996953333333333
-4.3999999999999997e-07	4.4797298333333334e-11	-0.030656193333333335
-4.3500000000000007e-07	4.550266333333334e-11	-0.08071508666666667
-4.2999999999999996e-07	4.488966666666667e-11	0.0015522266666666666
-4.2500000000000006e-07	4.470493e-11	0.05277517
-4.1999999999999995e-07	4.4898063333333335e-11	0.06092430000000001
-4.1500000000000005e-07	4.443621666666667e-11	-0.027163766666666672
-4.0999999999999994e-07	4.4914858333333336e-11	-0.024835369999999996
-4.0500000000000004e-07	4.452858666666667e-11	0.07023746666666668
-3.9999999999999993e-07	4.467973833333333e-11	0.03647703333333333
-3.9500000000000003e-07	4.538510166666667e-11	-0.0353128
-3.899999999999999e-07	4.500723e-11	0.008537146666666669
-3.85e-07	4.609046666666667e-11	0.04540219333333334
-3.799999999999999e-07	4.510799333333333e-11	0.03259653333333334
-3.75e-07	4.5720985e-11	0.03220854666666667
-3.699999999999999e-07	4.454537999999999e-11	-0.045790300000000006
-3.65e-07	4.540189666666666e-11	-0.012029666666666668
-3.599999999999999e-07	4.536830333333334e-11	-0.019402653333333336
-3.55e-07	4.488966666666667e-11	0.032208393333333335
-3.499999999999999e-07	4.5368305e-11	0.029880100000000003
-3.45e-07	4.5284335e-11	0.022119016666666668
-3.400000000000001e-07	4.4419423333333337e-11	0.007373
-3.3499999999999997e-07	4.557823666666666e-11	-0.07217795
-3.3000000000000007e-07	4.4360645e-11	-0.005820813333333332
-3.2499999999999996e-07	4.550266166666666e-11	-0.10050573333333335
-3.2000000000000006e-07	4.520875666666667e-11	0.03298457333333333
-3.1499999999999995e-07	4.513318333333333e-11	-0.01901458333333333
-3.1000000000000005e-07	4.5998094999999995e-11	0.032984523333333335
-3.0499999999999994e-07	4.4369045e-11	-0.03220844666666667
-3.0000000000000004e-07	4.4864478333333334e-11	-0.039193366666666674
-2.9499999999999993e-07	4.544388e-11	0.0042685866666666685
-2.9000000000000003e-07	4.418430666666667e-11	-0.0003881033333333316
-2.849999999999999e-07	4.5620224999999994e-11	-0.061700416666666674
-2.8e-07	4.553625e-11	0.03492478333333333
-2.749999999999999e-07	4.592252000000001e-11	0.057043800000000006
-2.7e-07	4.482249e-11	-0.024447333333333335
-2.649999999999999e-07	4.514998e-11	-0.019014576666666668
-2.6e-07	4.5804960000000006e-11	-0.04346197000000001
-2.549999999999999e-07	4.671185166666666e-11	0.028715923333333334
-2.5e-07	4.583854833333333e-11	-0.029492083333333335
-2.449999999999999e-07	4.4041553333333336e-11	0.058596133333333335
-2.4e-07	4.413392166666667e-11	-0.004268576666666665
-2.3499999999999987e-07	4.4889665e-11	0.003492479999999998
-2.3e-07	4.5477468333333333e-11	-0.0543274
-2.2499999999999986e-07	4.441102666666667e-11	0.024059316666666667
-2.1999999999999998e-07	4.5149976666666667e-11	0.026775696666666668
-2.1500000000000009e-07	4.4578968333333335e-11	-0.06402881666666667
-2.0999999999999997e-07	4.5637015e-11	0.0034924600000000006
-2.0500000000000008e-07	4.5846946666666664e-11	0.03764115666666667
-1.9999999999999996e-07	4.551945166666667e-11	-0.03570091000000001
-1.9500000000000007e-07	4.5015619999999995e-11	-0.012029666666666666
-1.8999999999999995e-07	4.4982033333333334e-11	0.043849966666666663
-1.8500000000000006e-07	4.452858833333333e-11	0.01202963333333333
-1.7999999999999994e-07	4.4024758333333334e-11	-0.000776169999999997
-1.7500000000000005e-07	4.614084333333333e-11	0.025999653333333327
-1.6999999999999993e-07	4.552784666666666e-11	-0.003880553333333335
-1.6500000000000003e-07	4.473851666666667e-11	-0.09701343333333333
-1.5999999999999992e-07	4.3747653333333333e-11	-0.0042685833333333326
-1.5500000000000002e-07	4.476371e-11	-0.06829744
-1.4999999999999991e-07	4.4914855e-11	0.022119053333333336
-1.4500000000000001e-07	4.551106e-11	-0.034536793333333336
-1.399999999999999e-07	4.520875666666667e-11	0.04501418333333334
-1.35e-07	4.4914858333333336e-11	-0.024447350000000003
-1.299999999999999e-07	4.581335666666667e-11	-0.06907344666666666
-1.25e-07	4.4604165e-11	-0.022507096666666667
-1.1999999999999988e-07	4.6317186666666666e-11	-0.0046566166666666695
-1.15e-07	4.4310265e-11	-0.019790833333333337
-1.0999999999999987e-07	4.473012166666667e-11	-0.010477366666666668
-1.0499999999999999e-07	4.560342833333333e-11	-0.014357950000000001
-9.999999999999986e-08	4.470492833333333e-11	-0.04734243333333334
-9.499999999999998e-08	4.4906458333333334e-11	-0.04617833333333333
-9.000000000000008e-08	4.5401893333333334e-11	0.0034925333333333344
-8.499999999999997e-08	4.466294166666667e-11	0.026775683333333338
-8.000000000000007e-08	4.5141583333333335e-11	0.009701373333333336
-7.499999999999996e-08	4.456217666666667e-11	-0.011253533333333334
-7.000000000000006e-08	4.410872833333334e-11	-0.00349253333333333
-6.499999999999995e-08	4.520876166666667e-11	0.012805766666666664
-6.000000000000005e-08	4.5351511666666664e-11	-0.034536700000000004
-5.4999999999999937e-08	4.5788165e-11	-0.04307392666666667
-5.0000000000000044e-08	4.4578968333333335e-11	-0.030268146666666666
-4.4999999999999926e-08	4.387361e-11	-0.06674509333333334
-4.0000000000000034e-08	4.4629355e-11	0.09817746666666667
-3.499999999999992e-08	4.491485666666667e-11	0.020178773333333334
-3.0000000000000024e-08	4.512479e-11	-0.039193349999999995
-2.499999999999991e-08	4.3915596666666666e-11	0.031820400000000006
-2.0000000000000017e-08	4.5998093333333334e-11	-0.09817744666666667
-1.4999999999999903e-08	4.531792166666667e-11	-0.022119053333333333
-1.0000000000000008e-08	4.6065271666666666e-11	0.07411815000000001
-4.999999999999893e-09	4.440263166666666e-11	-0.06480486666666667
0.0	4.629199666666667e-11	-0.01629826666666667
5.000000000000115e-09	4.6023286666666664e-11	-0.03376068000000001
1.0000000000000008e-08	4.565381166666666e-11	0.06713321666666666
1.5000000000000124e-08	4.526754e-11	0.012805746666666668
2.0000000000000017e-08	4.535151333333333e-11	-0.0015521666666666624
2.5000000000000135e-08	4.470493166666667e-11	-0.0042685533333333345
3.0000000000000024e-08	4.4973645e-11	0.05665571666666667
3.500000000000014e-08	4.494845333333333e-11	0.009701240000000005
4.0000000000000034e-08	4.492326e-11	-0.04074557333333334
4.4999999999999926e-08	4.56874e-11	0.022895139999999998
5.0000000000000044e-08	4.4444616666666666e-11	-0.03686506666666667
5.4999999999999937e-08	4.525914166666667e-11	-0.015910159999999996
6.000000000000005e-08	4.5620224999999994e-11	-0.06131246666666667
6.499999999999995e-08	4.473852e-11	-0.0442381
7.000000000000006e-08	4.503242166666667e-11	-0.052775300000000004
7.499999999999996e-08	4.5418689999999997e-11	-0.003104416666666667
8.000000000000007e-08	4.5351515e-11	-0.011641610000000002
8.499999999999997e-08	4.4461413333333336e-11	-0.0554917
9.000000000000008e-08	4.4369046666666663e-11	-0.08304343333333333
9.499999999999998e-08	4.368047666666667e-11	-0.035312826666666665
1.0000000000000009e-07	4.502402333333333e-11	0.037253166666666664
1.0499999999999999e-07	4.4620958333333334e-11	-0.014746016666666672
1.100000000000001e-07	4.50912e-11	0.006208860000000001
1.15e-07	4.529272833333334e-11	-0.028715896666666667
1.200000000000001e-07	4.4620958333333334e-11	-0.08149116666666667
1.25e-07	4.389040166666667e-11	-0.034536746666666666
1.300000000000001e-07	4.485608e-11	0.01319382
1.35e-07	4.570419333333333e-11	0.01707432
1.4000000000000012e-07	4.5267541666666665e-11	-6.333333333006601e-08
1.4500000000000001e-07	4.470493333333333e-11	-0.019790650000000003
1.5000000000000013e-07	4.505761e-11	0.06441673666666667
1.5500000000000002e-07	4.4133925e-11	-0.04579024
1.6000000000000014e-07	4.588053666666666e-11	-0.030268173333333332
1.6500000000000003e-07	4.4419426666666665e-11	-0.032984450000000005
1.6999999999999993e-07	4.334459e-11	-0.03608894666666667
1.7500000000000005e-07	4.4091938333333334e-11	0.005432729999999999
1.7999999999999994e-07	4.5309525e-11	-0.041133656666666664
1.8500000000000006e-07	4.53851e-11	-0.07450620000000001
1.8999999999999995e-07	4.467974166666667e-11	-0.016298300000000005
1.9500000000000007e-07	4.556144e-11	-0.009313256666666669
1.9999999999999996e-07	4.541029e-11	-0.05432746666666668
2.0500000000000008e-07	4.683781166666667e-11	-0.09080443333333332
2.0999999999999997e-07	4.431025833333334e-11	-0.060536250000000014
2.1500000000000009e-07	4.576297166666667e-11	0.044626106666666665
2.1999999999999998e-07	4.532632e-11	0.05005887333333334
2.250000000000001e-07	4.42011e-11	0.008537200000000003
2.3e-07	4.5376701666666665e-11	-0.06364072333333333
2.350000000000001e-07	4.4570575000000003e-11	0.03764113333333333
2.4e-07	4.519196333333334e-11	0.003104403333333333
2.450000000000001e-07	4.5687395e-11	0.007761000000000003
2.5e-07	4.50912e-11	0.01823848666666666
2.550000000000001e-07	4.5553041666666665e-11	-0.07295397333333332
2.6e-07	4.513318666666667e-11	-0.0007760366666666648
2.650000000000001e-07	4.4923255000000003e-11	-0.03414864666666667
2.7e-07	4.503241833333333e-11	0.014745983333333332
2.750000000000001e-07	4.6300391666666664e-11	-0.0252235
2.8e-07	4.4814089999999994e-11	0.009313283333333332
2.8500000000000013e-07	4.528433666666667e-11	0.030656233333333328
2.9000000000000003e-07	4.478890166666667e-11	-0.01746235333333333
2.9499999999999993e-07	4.461256166666667e-11	0.015910133333333323
3.0000000000000004e-07	4.5611826666666666e-11	0.05820803
3.0499999999999994e-07	4.5242351666666664e-11	-0.027163710000000004
3.1000000000000005e-07	4.453698666666667e-11	0.07450628333333333
3.1499999999999995e-07	4.4637756666666665e-11	-0.016298303333333337
3.2000000000000006e-07	4.478050333333333e-11	0.017850443333333337
3.2499999999999996e-07	4.497364e-11	0.034536653333333334
3.3000000000000007e-07	4.4209495e-11	0.01746241
3.3499999999999997e-07	4.4654545e-11	-0.05083501666666667
3.400000000000001e-07	4.543548333333333e-11	-0.07489424
3.45e-07	4.5074403333333335e-11	-0.015134133333333322
3.500000000000001e-07	4.6636275e-11	-0.02483540666666666
3.55e-07	4.5511055e-11	0.09080428333333335
3.600000000000001e-07	4.536830166666667e-11	0.044238083333333345
3.65e-07	4.3823225000000004e-11	0.10787866666666668
3.700000000000001e-07	4.4478203333333334e-11	-0.011641566666666667
3.75e-07	4.5519455e-11	-0.001164066666666667
3.800000000000001e-07	4.5217156666666667e-11	0.14008711666666668
3.85e-07	4.4889668333333335e-11	-0.048894700000000006
3.9000000000000013e-07	4.415911166666667e-11	-0.006596916666666665
3.9500000000000003e-07	4.528433166666667e-11	-0.0741182
4.0000000000000014e-07	4.4830885e-11	-0.060148166666666676
4.0500000000000004e-07	4.594771333333333e-11	0.04268584
4.1000000000000015e-07	4.389880166666667e-11	0.036865
4.1500000000000005e-07	4.404995166666667e-11	-0.015522173333333342
4.1999999999999995e-07	4.467973833333333e-11	0.005432840000000004
4.2500000000000006e-07	4.543548666666667e-11	0.02095493333333334
4.2999999999999996e-07	4.535990833333333e-11	-0.037253133333333334
4.3500000000000007e-07	4.523395e-11	0.0519992
4.3999999999999997e-07	4.5771368333333335e-11	0.02599953333333334
4.450000000000001e-07	4.4075138333333336e-11	0.20256395333333332
4.5e-07	4.4982033333333334e-11	0.12922170000000002
4.550000000000001e-07	4.4335455e-11	0.07683460000000002
4.6e-07	4.5007225e-11	0.2859954666666667
4.650000000000001e-07	4.5317923333333335e-11	0.17229546666666665
4.6999999999999995e-07	4.6375964999999996e-11	-0.04501416666666668
4.750000000000001e-07	4.396597666666667e-11	0.13814713333333337
4.8e-07	4.551106e-11	0.2693089666666667
4.850000000000001e-07	4.436064666666667e-11	0.4229776333333333
4.9e-07	4.5595029999999997e-11	-0.0690733
4.950000000000001e-07	4.600649333333333e-11	0.12184886666666667
5e-07	4.473012e-11	0.10555046000000001
5.049999999999999e-07	4.538509833333333e-11	0.06558106666666666
5.100000000000002e-07	4.4730118333333334e-11	0.17190779999999997
5.150000000000002e-07	4.3999561666666675e-11	0.18083286666666668
5.2e-07	4.399956666666667e-11	0.13931106666666668
5.25e-07	4.540189666666666e-11	0.23787673333333334
5.300000000000002e-07	4.537670666666666e-11	-0.01474603333333332
5.350000000000002e-07	4.440263166666667e-11	0.03259653333333334
5.4e-07	4.4814093333333336e-11	0.15987776666666667
5.45e-07	4.390719833333334e-11	0.3461439333333334
5.499999999999998e-07	4.5301126666666666e-11	0.5056337333333334
5.550000000000002e-07	4.4604169999999997e-11	0.2382647
5.6e-07	4.525075e-11	0.4187093333333334
5.65e-07	4.3772843333333334e-11	0.3119949333333334
5.699999999999998e-07	4.412552666666667e-11	0.34963610000000006
5.750000000000002e-07	4.4251485e-11	0.6228256666666668
5.800000000000001e-07	4.5191965e-11	0.5863483333333334
5.85e-07	4.347894666666667e-11	0.3915456666666666
5.899999999999999e-07	4.4142320000000004e-11	1.1342786666666667
5.950000000000002e-07	4.4746916666666664e-11	0.6984963333333334
6.000000000000001e-07	4.653551e-11	1.7788363333333332
6.05e-07	4.508280333333333e-11	1.4749903333333334
6.099999999999999e-07	4.4318661666666665e-11	1.5494950000000003
6.150000000000003e-07	4.441103e-11	1.4912886666666667
6.200000000000001e-07	4.474691166666667e-11	1.4730506666666667
6.25e-07	4.378963666666667e-11	1.900295
6.299999999999999e-07	4.5074405e-11	2.4222300000000003
6.350000000000003e-07	4.643474833333333e-11	2.9018633333333335
6.400000000000001e-07	4.432705666666667e-11	3.7303533333333334
6.45e-07	4.5217156666666667e-11	4.354336666666668
6.499999999999999e-07	4.580496e-11	5.728056666666667
6.550000000000003e-07	4.605687833333333e-11	5.977573333333333
6.600000000000001e-07	4.5872135e-11	6.749410000000001
6.65e-07	4.5343115e-11	7.7424333333333335
6.699999999999999e-07	4.601489e-11	8.671426666666669
6.750000000000003e-07	4.5746181666666663e-11	8.977983333333333
6.800000000000002e-07	4.459576833333333e-11	9.729283333333335
6.85e-07	4.4872873333333334e-11	9.637693333333333
6.9e-07	4.4713329999999996e-11	10.120443333333334
6.949999999999998e-07	4.4772106666666666e-11	9.686206666666667
7.000000000000002e-07	4.547747e-11	9.335393333333334
7.05e-07	4.619123e-11	9.202676666666667
7.1e-07	4.5082806666666666e-11	8.919393333333334
7.149999999999998e-07	4.5846946666666664e-11	8.978760000000001
7.200000000000002e-07	4.53851e-11	8.606626666666665
7.25e-07	4.572099166666666e-11	8.302
7.3e-07	4.5939316666666665e-11	8.22284
7.349999999999998e-07	4.566220833333333e-11	7.9178266666666675
7.400000000000002e-07	4.5275936666666665e-11	7.771923333333334
7.450000000000001e-07	4.595610833333333e-11	7.265906666666666
7.5e-07	4.618283166666666e-11	7.307426666666668
7.549999999999999e-07	4.446980666666667e-11	7.121936666666667
7.600000000000002e-07	4.5670604999999996e-11	7.038506666666668
7.650000000000001e-07	4.5653808333333333e-11	7.12116
7.7e-07	4.4721723333333335e-11	6.931793333333334
7.749999999999999e-07	4.4385838333333336e-11	6.858450000000001
7.800000000000003e-07	4.5746179999999996e-11	6.709436666666668
7.850000000000001e-07	4.436904166666667e-11	6.889496666666667
7.900000000000001e-07	4.5897326666666666e-11	6.877466666666668
7.949999999999999e-07	4.4495000000000004e-11	6.761826666666667
8.000000000000003e-07	4.525914333333333e-11	6.8506866666666655
8.050000000000001e-07	4.4595766666666665e-11	6.8052866666666665
8.100000000000001e-07	4.355451333333333e-11	6.62329
8.149999999999999e-07	4.4604165e-11	6.642696666666667
8.199999999999999e-07	4.499883333333333e-11	6.542576666666666
8.250000000000001e-07	4.514998e-11	6.539080000000001
8.300000000000001e-07	4.583015166666666e-11	6.465353333333334
8.349999999999999e-07	4.546067833333333e-11	6.139393333333334
8.399999999999999e-07	4.523395e-11	6.284133333333333
8.450000000000002e-07	4.556144166666667e-11	6.21778
8.500000000000001e-07	4.622482166666667e-11	6.246106666666667
8.55e-07	4.5662213333333326e-11	6.158403333333333
8.599999999999999e-07	4.5872136666666665e-11	6.02104
8.650000000000002e-07	4.5695796666666665e-11	5.9872733333333334
8.700000000000001e-07	4.473852e-11	6.035783333333334
8.75e-07	4.5720988333333333e-11	5.89686
8.799999999999999e-07	4.4923256666666665e-11	5.828566666666667
8.850000000000002e-07	4.5880535000000006e-11	5.759876666666667
8.900000000000002e-07	4.399956666666667e-11	5.818856666666666
8.95e-07	4.429346666666667e-11	5.72651
9e-07	4.547747166666666e-11	5.57866
9.050000000000002e-07	4.5662205e-11	5.55887
9.100000000000002e-07	4.478890166666667e-11	5.467676666666667
9.15e-07	4.5099596666666665e-11	5.43353
9.2e-07	4.4335456666666667e-11	5.330306666666667
9.250000000000002e-07	4.5040816666666667e-11	5.268606666666667
9.300000000000002e-07	4.441103e-11	5.19992
9.35e-07	4.352932666666667e-11	5.268993333333334
9.399999999999999e-07	4.5762975e-11	5.168103333333334
9.449999999999998e-07	4.5141584999999996e-11	5.012876666666667
9.500000000000002e-07	4.5066008333333335e-11	5.06178
9.550000000000002e-07	4.4889671666666664e-11	4.950793333333333
9.6e-07	4.5653808333333333e-11	5.05518
9.649999999999999e-07	4.4948446666666666e-11	4.87201
9.700000000000002e-07	4.4721726666666663e-11	4.857656666666666
9.750000000000002e-07	4.3932393333333336e-11	4.832423333333334
9.8e-07	4.4234691666666666e-11	4.726876666666667
9.849999999999999e-07	4.4234694999999995e-11	4.789740000000001
9.900000000000003e-07	4.4159118333333334e-11	4.651976666666667
9.95e-07	4.435225166666667e-11	4.62287
1e-06	4.5947715000000006e-11	4.627916666666667
1.005e-06	4.577137333333333e-11	4.571256666666667
1.0100000000000003e-06	4.601488833333333e-11	4.569706666666667
1.015e-06	4.4688138333333334e-11	4.44437
1.02e-06	4.435224833333333e-11	4.48938
1.025e-06	4.5217159999999996e-11	4.391983333333333
1.0300000000000003e-06	4.480570166666667e-11	4.292253333333334
1.035e-06	4.5116393333333334e-11	4.336486666666667
1.04e-06	4.5695800000000006e-11	4.4160433333333335
1.045e-06	4.585534166666666e-11	4.275956666666667
1.0500000000000003e-06	4.4411031666666666e-11	4.146346666666667
1.055e-06	4.494845166666666e-11	4.309713333333334
1.06e-06	4.462096333333333e-11	4.149836666666666
1.065e-06	4.5015628333333333e-11	4.2367566666666665
1.07e-06	4.553625666666667e-11	4.114133333333334
1.075e-06	4.4847685e-11	4.111416666666667
1.08e-06	4.398277333333334e-11	4.080766666666667
1.085e-06	4.439424e-11	4.047393333333333
1.09e-06	4.489807e-11	3.97832
1.095e-06	4.4646151666666664e-11	3.9806500000000002
1.1e-06	4.532632166666666e-11	3.9511533333333335
1.105e-06	4.565381666666666e-11	3.9961666666666673
1.11e-06	4.5317926666666664e-11	3.9115733333333336
1.1150000000000001e-06	4.484768333333333e-11	3.896053333333333
1.12e-06	4.623321833333333e-11	3.8840233333333334
1.125e-06	4.5603434999999995e-11	3.86384
1.13e-06	4.4646156666666673e-11	3.8227100000000003
1.1350000000000001e-06	4.520876833333334e-11	3.8347366666666667
1.14e-06	4.5082809999999995e-11	3.7680000000000002
1.145e-06	4.486448333333333e-11	3.835903333333334
1.15e-06	4.5460681666666663e-11	3.7982633333333333
1.1550000000000002e-06	4.4117131666666664e-11	3.75558
1.1600000000000001e-06	4.515838e-11	3.815726666666667
1.165e-06	4.4965246666666664e-11	3.82426
1.17e-06	4.520876333333333e-11	3.7334566666666666
1.1750000000000002e-06	4.5082806666666666e-11	3.7613966666666667
1.1800000000000001e-06	4.500723333333333e-11	3.6989199999999998
1.185e-06	4.467974166666667e-11	3.6915500000000008
1.19e-06	4.470493333333333e-11	3.6217000000000006
1.1949999999999998e-06	4.558663333333333e-11	3.66555
1.2000000000000002e-06	4.5351515e-11	3.6290700000000005
1.2050000000000001e-06	4.5082806666666666e-11	3.5770700000000004
1.21e-06	4.4469815e-11	3.596476666666667
1.2149999999999998e-06	4.436904833333333e-11	3.7004733333333335
1.2200000000000002e-06	4.489807e-11	3.705906666666667
1.2250000000000001e-06	4.442782666666667e-11	3.6430433333333334
1.23e-06	4.4377446666666666e-11	3.6255800000000007
1.2349999999999998e-06	4.588054333333333e-11	3.54331
1.2400000000000002e-06	4.5762978333333326e-11	3.5716433333333337
1.2450000000000002e-06	4.477211166666666e-11	3.579013333333334
1.25e-06	4.519197166666666e-11	3.6108333333333333
1.2549999999999998e-06	4.575458166666667e-11	3.5095500000000004
1.2600000000000002e-06	4.4940060000000004e-11	3.535163333333333
1.2650000000000002e-06	4.536831166666666e-11	3.54176
1.2700000000000001e-06	4.56874e-11	3.5444766666666667
1.2749999999999999e-06	4.5410296666666665e-11	3.456386666666667
1.2800000000000002e-06	4.495684833333333e-11	3.5537900000000007
1.2850000000000002e-06	4.514998333333333e-11	3.4851033333333334
1.29e-06	4.588054166666667e-11	3.5048966666666668
1.2949999999999999e-06	4.480570166666667e-11	3.512653333333334
1.3000000000000003e-06	4.408354166666667e-11	3.4951966666666667
1.3050000000000002e-06	4.545228166666666e-11	3.52585
1.31e-06	4.544388333333333e-11	3.5107166666666667
1.315e-06	4.545228166666666e-11	3.4160300000000006
1.3199999999999999e-06	4.4956851666666664e-11	3.477733333333333
1.3250000000000002e-06	4.452019666666666e-11	3.47114
1.33e-06	4.523395333333333e-11	3.4078800000000005
1.335e-06	4.516677833333333e-11	3.389256666666667
1.3399999999999999e-06	4.446141666666667e-11	3.415643333333333
1.3450000000000003e-06	4.441942833333333e-11	3.4428066666666663
1.35e-06	4.54019e-11	3.4377633333333333
1.355e-06	4.500723e-11	3.4354366666666665
1.36e-06	4.483089e-11	3.4397066666666665
1.3650000000000003e-06	4.4461415e-11	3.3706300000000002
1.37e-06	4.557824e-11	3.4040033333333337
1.375e-06	4.5410295e-11	3.42418
1.38e-06	4.5334721666666665e-11	3.379163333333333
1.3850000000000003e-06	4.573778833333334e-11	3.40012
1.39e-06	4.5922525000000005e-11	3.3543333333333334
1.395e-06	4.6073675000000004e-11	3.31863
1.4e-06	4.532632166666666e-11	3.3007799999999996
1.4050000000000003e-06	4.4772115e-11	3.436206666666667
1.41e-06	4.608207333333333e-11	3.31475
1.415e-06	4.5637021666666663e-11	3.3880933333333334
1.42e-06	4.5637019999999996e-11	3.3531666666666666
1.4250000000000003e-06	4.514158999999999e-11	3.3729533333333337
1.43e-06	4.529273666666667e-11	3.335316666666667
1.435e-06	4.4856084999999996e-11	3.3104833333333334
1.44e-06	4.549426999999999e-11	3.4055533333333337
1.445e-06	4.504921833333333e-11	3.29651
1.45e-06	4.375606166666666e-11	3.315136666666667
1.455e-06	4.466295166666666e-11	3.313586666666667
1.46e-06	4.311787333333333e-11	3.29884
1.465e-06	4.4049959999999995e-11	3.2945700000000007
1.4700000000000001e-06	4.4629364999999994e-11	3.3450166666666674
1.475e-06	4.488967666666667e-11	3.324453333333333
1.48e-06	4.605688166666667e-11	3.3648100000000003
1.485e-06	4.571259666666667e-11	3.3027233333333332
1.4900000000000001e-06	4.632558833333333e-11	3.3349266666666666
1.495e-06	4.427668e-11	3.2871966666666665
1.5e-06	4.5452283333333335e-11	3.32251
1.5e-06	4.484769e-11	3.3376400000000004
1.495e-06	4.5015636666666665e-11	3.37257
1.4900000000000001e-06	4.511639833333333e-11	3.2794366666666668
1.485e-06	4.601489666666667e-11	3.30932
1.48e-06	4.417591333333333e-11	3.357436666666667
1.475e-06	4.4948455000000004e-11	3.338806666666667
1.4700000000000001e-06	4.572099499999999e-11	3.359373333333334
1.465e-06	4.490646833333333e-11	3.308543333333333
1.46e-06	4.522556166666667e-11	3.3779999999999997
1.455e-06	4.415912499999999e-11	3.3543300000000005
1.45e-06	4.481410166666667e-11	3.3271700000000006
1.445e-06	4.5385106666666664e-11	3.395073333333334
1.44e-06	4.5922526666666666e-11	3.3508366666666665
1.435e-06	4.5292740000000004e-11	3.41099
1.43e-06	4.555304833333333e-11	3.3489000000000004
1.4250000000000003e-06	4.434386e-11	3.3407466666666665
1.42e-06	4.559503666666666e-11	3.3407500000000003
1.415e-06	4.5418698333333335e-11	3.325226666666667
1.41e-06	4.420110833333333e-11	3.32096
1.4050000000000003e-06	4.5687404999999994e-11	3.3888700000000007
1.4e-06	4.465455666666667e-11	3.3271699999999993
1.395e-06	4.620803e-11	3.4393133333333332
1.39e-06	4.518357833333334e-11	3.372183333333334
1.3850000000000003e-06	4.5611833333333336e-11	3.331823333333334
1.38e-06	4.512479666666667e-11	3.3302766666666668
1.375e-06	4.4713335000000006e-11	3.426123333333333
1.37e-06	4.6199635e-11	3.35317
1.3650000000000003e-06	4.5838558333333335e-11	3.4354366666666674
1.36e-06	4.5645421666666666e-11	3.450953333333333
1.355e-06	4.671186166666667e-11	3.4203000000000006
1.35e-06	4.4301874999999995e-11	3.421463333333333
1.3450000000000003e-06	4.404156166666666e-11	3.468026666666667
1.3399999999999999e-06	4.4763720000000004e-11	3.5014000000000003
1.335e-06	4.576298166666667e-11	3.469583333333333
1.33e-06	4.502402666666666e-11	3.4354366666666665
1.3250000000000002e-06	4.545228666666666e-11	3.4885966666666675
1.3199999999999999e-06	4.455378833333334e-11	3.44824
1.315e-06	4.566221166666667e-11	3.4296133333333336
1.31e-06	4.4805705e-11	3.4447466666666666
1.3050000000000002e-06	4.5804964999999996e-11	3.4420333333333333
1.3000000000000003e-06	4.569580333333333e-11	3.47463
1.2949999999999999e-06	4.5872143333333335e-11	3.4513466666666672
1.29e-06	4.5519465e-11	3.450956666666667
1.2850000000000002e-06	4.550267166666667e-11	3.4641466666666663
1.2800000000000002e-06	4.5049224999999994e-11	3.445133333333333
1.2749999999999999e-06	4.6350785e-11	3.400123333333333
1.2700000000000001e-06	4.520037333333333e-11	3.5208033333333333
1.2650000000000002e-06	4.562862833333333e-11	3.5580566666666673
1.2600000000000002e-06	4.523396166666667e-11	3.476953333333333
1.2549999999999998e-06	4.6174443333333333e-11	3.5239100000000003
1.25e-06	4.628360833333333e-11	3.5196400000000003
1.2450000000000002e-06	4.5443890000000003e-11	3.5029533333333336
1.2400000000000002e-06	4.4511805000000005e-11	3.54564
1.2349999999999998e-06	4.257206166666666e-11	3.5254600000000003
1.23e-06	4.4285079999999993e-11	3.5786233333333333
1.2250000000000001e-06	4.4688145000000005e-11	3.616656666666666
1.2200000000000002e-06	4.541869833333333e-11	3.5002400000000002
1.2149999999999998e-06	4.5040826666666666e-11	3.60618
1.21e-06	4.381484e-11	3.679906666666666
1.2050000000000001e-06	4.542709666666667e-11	3.6430433333333334
1.2000000000000002e-06	4.4746924999999996e-11	3.6220833333333338
1.1949999999999998e-06	4.576298166666666e-11	3.6376066666666667
1.19e-06	4.5569846666666666e-11	3.6876700000000002
1.185e-06	4.344536666666667e-11	3.7388933333333334
1.1800000000000001e-06	4.572939333333333e-11	3.6457566666666668
1.1750000000000002e-06	4.5091211666666664e-11	3.64964
1.17e-06	4.48309e-11	3.7815766666666675
1.165e-06	4.590573833333333e-11	3.7237566666666666
1.1600000000000001e-06	4.436065666666666e-11	3.6717600000000004
1.1550000000000002e-06	4.521717e-11	3.750143333333334
1.15e-06	4.4091948333333333e-11	3.7326866666666674
1.145e-06	4.577137999999999e-11	3.81495
1.14e-06	4.615765e-11	3.8168900000000003
1.1350000000000001e-06	4.4797308333333333e-11	3.9333066666666667
1.13e-06	4.588054e-11	3.785066666666667
1.125e-06	4.5116400000000004e-11	3.8813066666666667
1.12e-06	4.424309666666667e-11	3.8211600000000003
1.1150000000000001e-06	4.394080166666667e-11	3.9364066666666666
1.11e-06	4.517518333333333e-11	3.93525
1.105e-06	4.580497e-11	3.8859600000000007
1.1e-06	4.489807666666667e-11	3.9884033333333337
1.095e-06	4.509960666666667e-11	3.9208866666666666
1.09e-06	4.523396166666667e-11	4.000826666666668
1.085e-06	4.615765166666667e-11	4.02411
1.08e-06	4.560344e-11	4.054766666666667
1.075e-06	4.5762983333333335e-11	4.006646666666668
1.07e-06	4.4931666666666666e-11	4.1153
1.065e-06	4.5376715e-11	4.083866666666666
1.06e-06	4.588054333333333e-11	4.138193333333334
1.055e-06	4.4940060000000004e-11	4.164583333333334
1.0500000000000003e-06	4.513319666666667e-11	4.234430000000001
1.045e-06	4.535991666666666e-11	4.233653333333334
1.04e-06	4.4738524999999994e-11	4.143236666666668
1.035e-06	4.5334724999999994e-11	4.317086666666667
1.0300000000000003e-06	4.553625833333334e-11	4.326016666666667
1.025e-06	4.4679746666666664e-11	4.324456666666666
1.02e-06	4.568740833333332e-11	4.413709999999999
1.015e-06	4.4637765e-11	4.4393199999999995
1.0100000000000003e-06	4.5939323333333335e-11	4.48395
1.005e-06	4.51248e-11	4.585613333333334
1e-06	4.5922528333333334e-11	4.561946666666667
9.95e-07	4.583015833333333e-11	4.624813333333333
9.900000000000003e-07	4.565381666666666e-11	4.644993333333334
9.849999999999999e-07	4.6720261666666664e-11	4.676810000000001
9.8e-07	4.567061833333333e-11	4.730753333333333
9.750000000000002e-07	4.621643333333333e-11	4.711736666666667
9.700000000000002e-07	4.4763730000000004e-11	4.8526066666666665
9.649999999999999e-07	4.5460688333333334e-11	4.83631
9.6e-07	4.4780515e-11	4.902673333333333
9.550000000000002e-07	4.421790666666667e-11	4.944193333333334
9.500000000000002e-07	4.529274833333333e-11	4.9989066666666675
9.449999999999998e-07	4.486449e-11	5.08351
9.399999999999999e-07	4.593092833333333e-11	5.25075
9.35e-07	4.5930930000000004e-11	5.20962
9.300000000000002e-07	4.502403333333333e-11	5.28025
9.250000000000002e-07	4.431867333333333e-11	5.289560000000001
9.2e-07	4.523396166666667e-11	5.412186666666666
9.15e-07	4.582176666666666e-11	5.40054
9.100000000000002e-07	4.5956116666666657e-11	5.5382966666666675
9.050000000000002e-07	4.6140855e-11	5.547613333333334
9e-07	4.572939666666667e-11	5.714476666666667
8.95e-07	4.4982051666666665e-11	5.672176666666666
8.900000000000002e-07	4.593093e-11	5.658206666666666
8.850000000000002e-07	4.6275215e-11	5.7400866666666674
8.799999999999999e-07	4.499044833333333e-11	5.868923333333334
8.75e-07	4.4780519999999996e-11	5.97447
8.700000000000001e-07	4.579657333333333e-11	5.997366666666667
8.650000000000002e-07	4.5133201666666664e-11	6.04665
8.599999999999999e-07	4.539351e-11	6.139006666666667
8.55e-07	4.577978333333333e-11	6.17548
8.500000000000001e-07	4.599810833333333e-11	6.253866666666667
8.450000000000002e-07	4.462097333333333e-11	6.379593333333333
8.399999999999999e-07	4.340338833333333e-11	6.365240000000001
8.349999999999999e-07	4.635078666666666e-11	6.490190000000001
8.300000000000001e-07	4.477212333333333e-11	6.569353333333333
8.250000000000001e-07	4.4217911666666667e-11	6.584876666666666
8.199999999999999e-07	4.5553059999999996e-11	6.58449
8.149999999999999e-07	4.6040091666666665e-11	6.693530000000002
8.100000000000001e-07	4.593093e-11	6.7692000000000005
8.050000000000001e-07	4.575459e-11	6.916273333333333
8.000000000000003e-07	4.473013166666667e-11	6.871643333333334
7.949999999999999e-07	4.4612573333333334e-11	6.8188666666666675
7.900000000000001e-07	4.4528603333333335e-11	6.965546666666667
7.850000000000001e-07	4.4956859999999996e-11	7.086236666666668
7.800000000000003e-07	4.4956858333333335e-11	7.11806
7.749999999999999e-07	4.5351525e-11	7.2271
7.7e-07	4.377285666666667e-11	7.253486666666667
7.650000000000001e-07	4.5200375e-11	7.3136399999999995
7.600000000000002e-07	4.526755166666666e-11	7.34003
7.549999999999999e-07	4.572939666666667e-11	7.475840000000001
7.5e-07	4.463776166666667e-11	7.552286666666666
7.450000000000001e-07	4.501563833333333e-11	7.64115
7.400000000000002e-07	4.4503411666666667e-11	7.81965
7.349999999999998e-07	4.4864488333333334e-11	8.089346666666666
7.3e-07	4.423470666666666e-11	8.152213333333334
7.25e-07	4.565382166666667e-11	8.499126666666667
7.200000000000002e-07	4.379804833333334e-11	8.886016666666668
7.149999999999998e-07	4.4495015e-11	8.509996666666668
7.1e-07	4.501564e-11	9.011750000000001
7.05e-07	4.5351525e-11	9.497216666666667
7.000000000000002e-07	4.5284348333333334e-11	9.567456666666667
6.949999999999998e-07	4.5032431666666667e-11	9.986180000000001
6.9e-07	4.479731e-11	10.132853333333333
6.85e-07	4.492327e-11	9.784386666666668
6.800000000000002e-07	4.684622166666666e-11	9.577146666666666
6.750000000000003e-07	4.5527866666666666e-11	9.109533333333333
6.699999999999999e-07	4.5385113333333334e-11	8.224003333333334
6.65e-07	4.6065288333333336e-11	7.849143333333334
6.600000000000001e-07	4.409195333333333e-11	7.147936666666666
6.550000000000003e-07	4.406676166666667e-11	6.219716666666666
6.499999999999999e-07	4.492326833333333e-11	5.3567
6.45e-07	4.567061666666666e-11	4.473866666666667
6.400000000000001e-07	4.5469085e-11	3.763723333333333
6.350000000000003e-07	4.570420333333333e-11	2.89061
6.299999999999999e-07	4.5410304999999997e-11	2.4858733333333336
6.25e-07	4.519197833333333e-11	1.9006813333333332
6.200000000000001e-07	4.6292004999999997e-11	1.7481793333333335
6.150000000000003e-07	4.5309541666666664e-11	1.2010256666666668
6.099999999999999e-07	4.574619166666666e-11	1.0783989999999999
6.05e-07	4.544389666666666e-11	0.8700146666666667
6.000000000000001e-07	4.538511666666666e-11	0.7163466666666668
5.950000000000002e-07	4.5586646666666664e-11	0.4187096666666667
5.899999999999999e-07	4.575458833333333e-11	0.5273643333333333
5.85e-07	4.5359924999999994e-11	0.22545896666666668
5.800000000000001e-07	4.5250758333333324e-11	0.2906518666666667
5.750000000000002e-07	4.296673166666667e-11	0.13969936666666669
5.699999999999998e-07	4.531793833333333e-11	0.21148940000000002
5.65e-07	4.5888941666666666e-11	0.12417720000000003
5.6e-07	4.608208e-11	0.20295146666666666
5.550000000000002e-07	4.549428e-11	0.10904276666666667
5.499999999999998e-07	4.5233964999999996e-11	0.2790105333333333
5.45e-07	4.515839333333333e-11	0.06208853333333333
5.4e-07	4.3882025e-11	0.06907347
5.350000000000002e-07	4.5771385e-11	0.07605840000000001
5.300000000000002e-07	4.684622333333333e-11	-0.0007761666666666646
5.25e-07	4.6409565e-11	-0.054715490000000006
5.2e-07	4.579657333333333e-11	0.04074536666666667
5.150000000000002e-07	4.524235666666666e-11	-0.027163800000000005
5.100000000000002e-07	4.503243166666666e-11	0.09235650000000001
5.049999999999999e-07	4.386522833333333e-11	0.07799866666666667
5e-07	4.371407833333333e-11	-0.05277521000000001
4.950000000000001e-07	4.5762983333333335e-11	-0.005820766666666668
4.9e-07	4.705614833333333e-11	0.05005888333333334
4.850000000000001e-07	4.562023333333333e-11	-0.046566376666666666
4.8e-07	4.5922535e-11	0.15017676000000002
4.750000000000001e-07	4.4721735e-11	0.03376067666666666
4.6999999999999995e-07	4.5637025e-11	0.014746033333333337
4.650000000000001e-07	4.3965995e-11	-0.02017883333333334
4.6e-07	4.4175924999999996e-11	0.027551886666666664
4.550000000000001e-07	4.5519466666666664e-11	-0.03453672
4.5e-07	4.4385851666666664e-11	0.0003880533333333336
4.450000000000001e-07	4.5880545e-11	-0.05587963333333334
4.3999999999999997e-07	4.577978e-11	0.011253599999999994
4.3500000000000007e-07	4.559504e-11	-0.00194020333333333
4.2999999999999996e-07	4.596452166666667e-11	0.048894696666666675
4.2500000000000006e-07	4.5292745e-11	0.030268083333333334
4.1999999999999995e-07	4.5233964999999996e-11	0.0015522433333333325
4.1500000000000005e-07	4.5536264999999994e-11	-0.04773059999999999
4.1000000000000015e-07	4.5888943333333333e-11	0.0019402000000000006
4.0500000000000004e-07	4.641796666666666e-11	-0.00931325666666667
4.0000000000000014e-07	4.4427838333333335e-11	-0.07955090333333334
3.9500000000000003e-07	4.4940065e-11	-0.0434619
3.9000000000000013e-07	4.5435496666666665e-11	-0.03919336666666667
3.85e-07	4.599810666666666e-11	0.018626573333333334
3.800000000000001e-07	4.553626500000001e-11	-0.0884762
3.75e-07	4.4402646666666666e-11	-0.038029230000000004
3.700000000000001e-07	4.5712604999999995e-11	-0.029880070000000005
3.65e-07	4.5309539999999996e-11	-0.009701383333333332
3.600000000000001e-07	4.4906476666666665e-11	0.010477396666666665
3.55e-07	4.477212333333333e-11	-0.04268587666666667
3.500000000000001e-07	4.525915833333333e-11	0.0011641999999999996
3.45e-07	4.472173666666667e-11	-0.07761069999999999
3.400000000000001e-07	4.4604178333333335e-11	-0.0003880533333333348
3.3499999999999997e-07	4.575458833333333e-11	0.0337606
3.3000000000000007e-07	4.5460689999999995e-11	-0.006208816666666665
3.2499999999999996e-07	4.6208036666666665e-11	-0.033372540000000006
3.2000000000000006e-07	4.574619166666666e-11	0.011641593333333337
3.1499999999999995e-07	4.6485144999999995e-11	0.019014576666666668
3.1000000000000005e-07	4.4604178333333335e-11	-0.11680410000000001
3.0499999999999994e-07	4.4822506666666666e-11	-0.03919334
3.0000000000000004e-07	4.585535833333334e-11	0.07178993333333335
2.9499999999999993e-07	4.5771385e-11	-0.07722266666666668
2.9000000000000003e-07	4.48309e-11	-0.024447336666666666
2.8500000000000013e-07	4.530114333333333e-11	-0.05432753333333334
2.8e-07	4.5410310000000006e-11	-0.02289511333333333
2.750000000000001e-07	4.600650833333334e-11	0.012029640000000003
2.7e-07	4.509121666666666e-11	-0.0861479
2.650000000000001e-07	4.377286e-11	-0.10283410000000003
2.6e-07	4.5250760000000005e-11	-0.009701333333333331
2.550000000000001e-07	4.473853333333333e-11	-0.012805770000000003
2.5e-07	4.3848436666666665e-11	-0.031432336666666665
2.450000000000001e-07	4.539351333333333e-11	0.015134016666666666
2.4e-07	4.431867833333333e-11	0.01940266666666667
2.350000000000001e-07	4.505762833333333e-11	0.024835399999999997
2.3e-07	4.544389666666666e-11	-0.052775266666666674
2.250000000000001e-07	4.5427101666666666e-11	0.06402873333333334
2.1999999999999998e-07	4.415913e-11	-0.036865129999999996
2.1500000000000009e-07	4.5712603333333333e-11	0.032984566666666666
2.0999999999999997e-07	4.4948464999999997e-11	0.04152169333333334
2.0500000000000008e-07	4.5527865e-11	-0.07993898333333332
1.9999999999999996e-07	4.4133936666666665e-11	-0.05122315
1.9500000000000007e-07	4.4511808333333334e-11	-0.025999513333333335
1.8999999999999995e-07	4.516678833333333e-11	-0.03453676
1.8500000000000006e-07	4.573779666666666e-11	-0.12728143333333336
1.7999999999999994e-07	4.420951333333333e-11	-0.015134093333333334
1.7500000000000005e-07	4.4268289999999995e-11	-0.06558101666666666
1.6999999999999993e-07	4.446982833333333e-11	0.006984989999999999
1.6500000000000003e-07	4.581337166666666e-11	0.005044666666666665
1.6000000000000014e-07	4.4755326666666666e-11	-0.052387183333333344
1.5500000000000002e-07	4.448662333333333e-11	-0.05859600000000001
1.5000000000000013e-07	4.478891666666666e-11	-0.006208866666666671
1.4500000000000001e-07	4.556145500000001e-11	0.05083493333333333
1.4000000000000012e-07	4.602330166666666e-11	-0.02250709999999999
1.35e-07	4.496525833333333e-11	-0.03764114000000001
1.300000000000001e-07	4.498205e-11	0.04113361666666667
1.25e-07	4.6795836666666663e-11	-0.03259643
1.200000000000001e-07	4.6426363333333336e-11	-0.038805366666666674
1.15e-07	4.431028e-11	-0.00116412
1.100000000000001e-07	4.465456333333333e-11	-0.003492499999999999
1.0499999999999999e-07	4.506602333333333e-11	-0.08459557000000001
1.0000000000000009e-07	4.507442e-11	-0.0562677
9.499999999999998e-08	4.458738666666666e-11	-0.035312833333333335
9.000000000000008e-08	4.4948464999999997e-11	0.05471556666666668
8.499999999999997e-08	4.556985333333333e-11	0.0031044300000000005
8.000000000000007e-08	4.4427838333333335e-11	-0.07877465000000002
7.499999999999996e-08	4.4469826666666666e-11	0.025223499999999996
7.000000000000006e-08	4.363011e-11	0.014746033333333337
6.499999999999995e-08	4.4402648333333334e-11	0.02134295
6.000000000000005e-08	4.593093e-11	0.012417743333333337
5.4999999999999937e-08	4.5469088333333336e-11	0.03104433
5.0000000000000044e-08	4.5007244999999994e-11	-0.023671206666666667
4.4999999999999926e-08	4.4956859999999996e-11	-0.012029733333333336
4.0000000000000034e-08	4.5133199999999996e-11	0.010477500000000002
3.500000000000014e-08	4.556145666666666e-11	-0.043461966666666664
3.0000000000000024e-08	4.511640666666666e-11	-0.06519292666666666
2.5000000000000135e-08	4.5309539999999996e-11	-0.014357970000000003
2.0000000000000017e-08	4.566222333333333e-11	-0.01940268666666667
1.5000000000000124e-08	4.556145833333333e-11	-0.060148226666666665
1.0000000000000008e-08	4.5082816666666665e-11	-0.024059266666666666
5.000000000000115e-09	4.5032433333333334e-11	0.011253520000000003
0.0	4.5284349999999995e-11	-0.06364070000000001
-4.999999999999893e-09	4.5930931666666665e-11	-0.03414862
-1.0000000000000008e-08	4.3999584999999996e-11	-0.05781991333333334
-1.4999999999999903e-08	4.4041571666666667e-11	0.05587973333333334
-2.0000000000000017e-08	4.484769833333334e-11	0.039581453333333336
-2.499999999999991e-08	4.460417666666667e-11	0.03376062333333334
-3.0000000000000024e-08	4.482250333333333e-11	0.004656763333333332
-3.499999999999992e-08	4.383164333333333e-11	-0.07256598333333333
-4.0000000000000034e-08	4.4814105e-11	0.022118966666666667
-4.4999999999999926e-08	4.409195333333333e-11	-0.03414868333333334
-5.0000000000000044e-08	4.489808e-11	-0.034924833333333336
-5.4999999999999937e-08	4.532633333333333e-11	-0.09235666666666666
-6.000000000000005e-08	4.4360661666666663e-11	-0.019402700000000005
-6.499999999999995e-08	4.4402648333333334e-11	-0.033372626666666676
-7.000000000000006e-08	4.6149255e-11	-0.03764116666666667
-7.499999999999996e-08	4.465456e-11	-0.0465664
-8.000000000000007e-08	4.5007244999999994e-11	-0.08032699333333333
-8.499999999999997e-08	4.4704946666666664e-11	-0.07411813333333335
-9.000000000000008e-08	4.504083166666666e-11	-0.05122306666666667
-9.499999999999998e-08	4.452021e-11	-0.005820766666666669
-9.999999999999986e-08	4.654392833333333e-11	0.026387599999999997
-1.0499999999999999e-07	4.5158391666666665e-11	0.01979064999999999
-1.0999999999999987e-07	4.660270666666667e-11	-0.043849970000000016
-1.15e-07	4.471334833333333e-11	-0.062088466666666675
-1.1999999999999988e-07	4.420952e-11	-0.12146063333333333
-1.25e-07	4.473853833333333e-11	0.03958146666666667
-1.299999999999999e-07	4.4427841666666663e-11	-0.06596909333333334
-1.35e-07	4.464616833333333e-11	-0.0205668
-1.399999999999999e-07	4.520037833333333e-11	-0.022895200000000004
-1.4500000000000001e-07	4.5301144999999997e-11	-0.02211906666666667
-1.4999999999999991e-07	4.45454e-11	0.003104399999999998
-1.5500000000000002e-07	4.4436235e-11	-0.045014099999999994
-1.5999999999999992e-07	4.4620976666666665e-11	-0.06713313333333333
-1.6500000000000003e-07	4.4469826666666666e-11	-0.0166863
-1.6999999999999993e-07	4.664468666666667e-11	-0.007373066666666668
-1.7500000000000005e-07	4.516679e-11	-0.05626766666666668
-1.7999999999999994e-07	4.550267333333333e-11	0.03492480666666666
-1.8500000000000006e-07	4.4234705e-11	-0.00737299333333333
-1.8999999999999995e-07	4.3974393333333334e-11	-0.06402876666666667
-1.9500000000000007e-07	4.454539833333333e-11	0.022507040000000006
-1.9999999999999996e-07	4.5410306666666664e-11	0.02832787
-2.0500000000000008e-07	4.4226308333333334e-11	-0.027939793333333334
-2.0999999999999997e-07	4.494846e-11	-0.09274473333333333
-2.1500000000000009e-07	4.5007241666666666e-11	-0.04734243333333333
-2.1999999999999998e-07	4.5284345e-11	-0.04074555666666666
-2.2499999999999986e-07	4.3353001666666665e-11	-0.02211898333333333
-2.3e-07	4.5855355e-11	-0.025611500000000006
-2.3499999999999987e-07	4.593932833333333e-11	-0.0430739
-2.4e-07	4.4083555e-11	-0.04385000666666666
-2.449999999999999e-07	4.6132464999999995e-11	-0.03104428666666666
-2.5e-07	4.501564166666666e-11	-0.0058208
-2.549999999999999e-07	4.5091215e-11	0.017462353333333337
-2.6e-07	4.6031695e-11	-0.02173096666666667
-2.649999999999999e-07	4.5267558333333335e-11	-0.018626573333333334
-2.7e-07	4.406676166666667e-11	-0.014746030000000002
-2.749999999999999e-07	4.5233966666666664e-11	-0.02056680333333333
-2.8e-07	4.443623833333333e-11	-0.07178983333333334
-2.849999999999999e-07	4.421791333333333e-11	-0.03531285
-2.9000000000000003e-07	4.505762833333334e-11	0.020178803333333332
-2.9499999999999993e-07	4.5762986666666664e-11	-0.03143236666666666
-3.0000000000000004e-07	4.554466e-11	-0.05510347333333334
-3.0499999999999994e-07	4.404157333333333e-11	0.056655793333333336
-3.1000000000000005e-07	4.483929833333333e-11	-0.018238526666666668
-3.1499999999999995e-07	4.4159133333333336e-11	-0.01474602
-3.2000000000000006e-07	4.5032434999999995e-11	-0.03298446666666666
-3.2499999999999996e-07	4.488128833333333e-11	-0.034924793333333336
-3.3000000000000007e-07	4.5108008333333334e-11	-0.297637
-3.3499999999999997e-07	4.42599e-11	-0.0054327466666666685
-3.400000000000001e-07	4.555305666666667e-11	0.013193783333333329
-3.45e-07	4.578817833333333e-11	-0.02793976666666667
-3.499999999999999e-07	4.5905735e-11	-0.08459559999999999
-3.55e-07	4.526755333333333e-11	-0.1028342
-3.599999999999999e-07	4.367209833333333e-11	-0.05161101666666667
-3.65e-07	4.4931668333333334e-11	-0.019402633333333336
-3.699999999999999e-07	4.448661833333333e-11	-0.10749080000000001
-3.75e-07	4.439424666666667e-11	0.031432256666666665
-3.799999999999999e-07	4.530114333333333e-11	-0.019402686666666665
-3.85e-07	4.477212166666667e-11	0.04540226666666667
-3.899999999999999e-07	4.554466166666666e-11	0.03065617666666667
-3.9500000000000003e-07	4.399958166666667e-11	0.025223466666666666
-3.9999999999999993e-07	4.4780521666666664e-11	0.06635693666666667
-4.0500000000000004e-07	4.4520211666666665e-11	-0.06713316666666667
-4.0999999999999994e-07	4.498205333333333e-11	-0.007761036666666665
-4.1500000000000005e-07	4.504923e-11	0.07489426666666668
-4.1999999999999995e-07	4.556985166666666e-11	-0.07605836666666667
-4.2500000000000006e-07	4.555305833333333e-11	0.04734249999999999
-4.2999999999999996e-07	4.359652333333333e-11	-0.05820793333333334
-4.3500000000000007e-07	4.586375666666667e-11	0.004268566666666668
-4.3999999999999997e-07	4.5855356666666665e-11	-0.07140176666666667
-4.450000000000001e-07	4.539351333333333e-11	-0.05665583
-4.5e-07	4.576298999999999e-11	-0.006596966666666669
-4.550000000000001e-07	4.580497333333333e-11	-0.011641633333333333
-4.6e-07	4.492327e-11	-0.031044273333333334
-4.650000000000001e-07	4.469655e-11	0.055879710000000006
-4.6999999999999995e-07	4.540191e-11	-0.01707432
-4.750000000000001e-07	4.4058365e-11	0.0783868
-4.8e-07	4.5435496666666665e-11	0.06441685333333334
-4.849999999999999e-07	4.6300405e-11	-0.03104431666666667
-4.9e-07	4.383164666666666e-11	0.03337263000000001
-4.949999999999999e-07	4.6031695e-11	-0.06674518666666669
-5e-07	4.504083666666667e-11	-0.01823843333333333
-5.05e-07	4.520877833333334e-11	-0.029880000000000007
-5.1e-07	4.509961666666667e-11	0.02095489
-5.15e-07	4.447822833333333e-11	0.10089383333333334
-5.2e-07	4.5250768333333336e-11	0.026387683333333332
-5.250000000000001e-07	4.5284349999999995e-11	-0.011641600000000002
-5.3e-07	4.4797316666666665e-11	-0.038029233333333336
-5.350000000000001e-07	4.579657666666666e-11	0.03104433
-5.4e-07	4.496526e-11	0.09080443333333334
-5.45e-07	4.511640666666666e-11	0.03958143333333333
-5.499999999999999e-07	4.655232166666666e-11	0.10516250333333334
-5.55e-07	4.564543e-11	0.13814692
-5.599999999999999e-07	4.4830904999999994e-11	0.057819983333333325
-5.65e-07	4.300872333333333e-11	0.11214745
-5.699999999999999e-07	4.468815666666666e-11	0.22390676666666667
-5.75e-07	4.5368324999999997e-11	0.4482016
-5.8e-07	4.483090833333333e-11	0.23710083333333334
-5.85e-07	4.410035333333333e-11	0.30423333333333336
-5.9e-07	4.491487666666666e-11	0.4765296666666667
-5.95e-07	4.4654561666666666e-11	0.6430046666666667
-6e-07	4.519198e-11	0.7318683333333333
-6.05e-07	4.4738538333333335e-11	1.1125486666666669
-6.1e-07	4.382324166666666e-11	1.0896526666666666
-6.15e-07	4.524236166666666e-11	1.5013786666666669
-6.2e-07	4.505762833333333e-11	1.7330450000000004
-6.25e-07	4.4956858333333335e-11	2.1300216666666665
-6.3e-07	4.498205e-11	2.531656666666667
-6.350000000000001e-07	4.468815166666666e-11	3.17311
-6.4e-07	4.4478221666666665e-11	4.077273333333333
-6.45e-07	4.431027833333333e-11	4.866580000000001
-6.5e-07	4.4646165e-11	5.6682966666666665
-6.55e-07	4.486449333333333e-11	6.46923
-6.6e-07	4.472173666666667e-11	7.389303333333334
-6.65e-07	4.565382333333333e-11	8.251166666666668
-6.699999999999999e-07	4.5586644999999997e-11	8.83441
-6.749999999999999e-07	4.537671833333333e-11	9.25506
-6.8e-07	4.504922666666667e-11	10.010236666666666
-6.849999999999999e-07	4.640117166666666e-11	9.872083333333334
-6.9e-07	4.4520204999999994e-11	9.94737
-6.949999999999999e-07	4.487288666666667e-11	9.560856666666668
-7e-07	4.504922666666667e-11	9.578706666666669
-7.049999999999999e-07	4.4965255e-11	9.37069
-7.1e-07	4.5082815e-11	9.110696666666668
-7.149999999999999e-07	4.5485879999999996e-11	8.589933333333333
-7.2e-07	4.554465833333333e-11	8.474290000000002
-7.249999999999999e-07	4.415913e-11	8.209646666666666
-7.3e-07	4.579657333333333e-11	7.965173333333333
-7.35e-07	4.515839e-11	7.641926666666667
-7.4e-07	4.534312833333333e-11	7.717983333333333
-7.45e-07	4.462937e-11	7.604286666666667
-7.5e-07	4.5838561666666664e-11	7.4773933333333344
-7.55e-07	4.5108008333333334e-11	7.4424666666666655
-7.6e-07	4.386523e-11	7.303156666666667
-7.65e-07	4.551107e-11	7.284533333333333
-7.7e-07	4.533473333333333e-11	7.120776666666667
-7.75e-07	4.462097333333333e-11	7.062566666666666
-7.8e-07	4.499045e-11	7.048983333333335
-7.85e-07	4.4931668333333334e-11	7.017163333333333
-7.900000000000001e-07	4.6149258333333335e-11	6.992326666666667
-7.95e-07	4.5284348333333334e-11	6.955073333333334
-8e-07	4.5175185e-11	6.891823333333334
-8.049999999999999e-07	4.448661833333333e-11	6.7583366666666675
-8.1e-07	4.36553e-11	6.73699
-8.149999999999999e-07	4.381484666666667e-11	6.576343333333334
-8.2e-07	4.645994833333333e-11	6.610876666666667
-8.249999999999999e-07	4.6174445e-11	6.567026666666667
-8.3e-07	4.4998845e-11	6.569743333333334
-8.349999999999999e-07	4.690500166666666e-11	6.442073333333333
-8.4e-07	4.529274833333333e-11	6.21351
-8.45e-07	4.373087666666666e-11	6.36602
-8.5e-07	4.414234e-11	6.207303333333333
-8.55e-07	4.2773598333333334e-11	6.1091266666666675
-8.6e-07	4.447822e-11	6.072646666666667
-8.65e-07	4.499884333333333e-11	6.099426666666667
-8.7e-07	4.54271e-11	5.959336666666666
-8.75e-07	4.5695806666666664e-11	5.977573333333333
-8.8e-07	4.5200375e-11	5.937216666666667
-8.85e-07	4.4234701666666665e-11	5.742026666666668
-8.900000000000001e-07	4.438585e-11	5.783550000000001
-8.95e-07	4.502403666666667e-11	5.664026666666667
-9.000000000000001e-07	4.4369056666666656e-11	5.605436666666667
-9.05e-07	4.510800166666667e-11	5.544126666666666
-9.100000000000001e-07	4.4889678333333335e-11	5.554600000000001
-9.15e-07	4.426829e-11	5.436633333333333
-9.200000000000001e-07	4.545229e-11	5.420723333333334
-9.249999999999999e-07	4.5108008333333334e-11	5.3046966666666675
-9.3e-07	4.557825e-11	5.312456666666667
-9.349999999999999e-07	4.543549833333333e-11	5.237563333333333
-9.399999999999999e-07	4.6216431666666665e-11	5.097083333333333
-9.45e-07	4.413393499999999e-11	5.1033
-9.499999999999999e-07	4.389881666666667e-11	5.021416666666667
-9.55e-07	4.453700333333333e-11	5.0943700000000005
-9.6e-07	4.4889681666666663e-11	4.95157
-9.649999999999999e-07	4.6300409999999995e-11	4.8239
-9.7e-07	4.613246e-11	4.871243333333333
-9.75e-07	4.466296e-11	4.7392900000000004
-9.8e-07	4.607368166666666e-11	4.731913333333334
-9.849999999999999e-07	4.4453031666666664e-11	4.684963333333333
-9.9e-07	4.3646903333333335e-11	4.635673333333334
-9.95e-07	4.421791e-11	4.641493333333334
-1e-06	4.429348333333333e-11	4.55923
-1.005e-06	4.4788915e-11	4.494813333333333
-1.01e-06	4.3907213333333334e-11	4.4614400000000005
-1.015e-06	4.5267558333333335e-11	4.381506666666667
-1.02e-06	4.567061833333333e-11	4.415653333333334
-1.025e-06	4.5527866666666666e-11	4.3555
-1.03e-06	4.3965995e-11	4.297680000000001
-1.0349999999999998e-06	4.451181166666666e-11	4.282553333333333
-1.04e-06	4.5418698333333335e-11	4.231713333333333
-1.045e-06	4.489808e-11	4.2123099999999996
-1.0500000000000001e-06	4.524236333333333e-11	4.2309366666666675
-1.0549999999999999e-06	4.4537e-11	4.125776666666666
-1.06e-06	4.4461433333333334e-11	4.142073333333333
-1.065e-06	4.541870333333333e-11	4.062523333333334
-1.0700000000000001e-06	4.4150733333333334e-11	4.01673
-1.0749999999999999e-06	4.480571666666666e-11	4.053596666666667
-1.08e-06	4.5309539999999996e-11	4.038853333333333
-1.085e-06	4.5662218333333335e-11	3.9480500000000003
-1.09e-06	4.500724e-11	4.019066666666666
-1.0949999999999999e-06	4.493166833333334e-11	3.9267066666666675
-1.1e-06	4.4889685e-11	3.87238
-1.105e-06	4.5141595e-11	3.8945000000000007
-1.11e-06	4.5284346666666666e-11	3.8754866666666667
-1.115e-06	4.4620968333333333e-11	3.8444400000000005
-1.12e-06	4.462097166666667e-11	3.8529800000000005
-1.125e-06	4.485609e-11	3.8130066666666664
-1.13e-06	4.436905833333333e-11	3.8836333333333335
-1.135e-06	4.496525666666666e-11	3.7365599999999994
-1.14e-06	4.433547e-11	3.7866200000000005
-1.145e-06	4.4217911666666667e-11	3.747813333333333
-1.15e-06	4.584696166666666e-11	3.7125000000000004
-1.155e-06	4.569581166666666e-11	3.7509200000000003
-1.16e-06	4.5662219999999996e-11	3.68728
-1.165e-06	4.5620231666666665e-11	3.66244
-1.17e-06	4.448661833333333e-11	3.67719
-1.175e-06	4.294154166666667e-11	3.7206500000000005
-1.18e-06	4.506602e-11	3.7101733333333335
-1.185e-06	4.5385111666666667e-11	3.69659
-1.19e-06	4.426829e-11	3.6573966666666666
-1.195e-06	4.4453028333333336e-11	3.6422633333333336
-1.2e-06	4.5158388333333336e-11	3.6263566666666667
-1.2050000000000001e-06	4.3756065e-11	3.6286833333333335
-1.21e-06	4.4100348333333336e-11	3.650416666666667
-1.2149999999999998e-06	4.5989709999999995e-11	3.5918200000000002
-1.22e-06	4.405836333333333e-11	3.5968666666666667
-1.2250000000000001e-06	4.5200379999999996e-11	3.537103333333333
-1.23e-06	4.4856093333333334e-11	3.580563333333334
-1.2349999999999998e-06	4.531793833333334e-11	3.5448633333333337
-1.24e-06	4.4016378333333324e-11	3.52158
-1.2450000000000002e-06	4.5233966666666664e-11	3.474626666666667
-1.25e-06	4.3974393333333334e-11	3.5405933333333337
-1.2549999999999998e-06	4.341178166666667e-11	3.5021766666666667
-1.26e-06	4.5762986666666664e-11	3.528956666666666
-1.265e-06	4.4545401666666666e-11	3.46415
-1.2700000000000001e-06	4.5326336666666665e-11	3.5246866666666663
-1.2749999999999999e-06	4.447822333333333e-11	3.5343866666666663
-1.28e-06	4.5359924999999994e-11	3.5021799999999996
-1.285e-06	4.5586646666666664e-11	3.4963600000000006
-1.29e-06	4.567901666666667e-11	3.4692000000000003
-1.2949999999999999e-06	4.481411e-11	3.45135
-1.3e-06	4.533473333333333e-11	3.532833333333334
-1.305e-06	4.4537e-11	3.47579
-1.31e-06	4.445303e-11	3.4928666666666666
-1.315e-06	4.504923e-11	3.4354366666666665
-1.32e-06	4.597291666666666e-11	3.4928666666666666
-1.325e-06	4.5527865e-11	3.4870466666666675
-1.33e-06	4.575459e-11	3.4009
-1.335e-06	4.598131333333333e-11	3.4657
-1.34e-06	4.5082816666666665e-11	3.4397
-1.345e-06	4.491487333333333e-11	3.4152533333333337
-1.35e-06	4.4553796666666665e-11	3.32018
-1.355e-06	4.4906476666666665e-11	3.48123
-1.36e-06	4.5108009999999995e-11	3.3946900000000007
-1.365e-06	4.5057626666666664e-11	3.383046666666667
-1.37e-06	4.532633333333333e-11	3.3997333333333337
-1.375e-06	4.508281833333333e-11	3.41254
-1.38e-06	4.526755833333333e-11	3.4210766666666674
-1.385e-06	4.4805708333333336e-11	3.318633333333333
-1.3899999999999998e-06	4.4142339999999996e-11	3.3652
-1.395e-06	4.461257666666666e-11	3.43233
-1.4e-06	4.389042333333333e-11	3.381883333333334
-1.405e-06	4.4704944999999996e-11	3.2511100000000006
-1.4099999999999998e-06	4.456219333333333e-11	3.331823333333334
-1.415e-06	4.492327333333333e-11	3.3364833333333332
-1.42e-06	4.488129166666667e-11	3.4366000000000003
-1.4250000000000001e-06	4.398279833333333e-11	3.3993466666666667
-1.4299999999999999e-06	4.501564166666666e-11	3.3527766666666667
-1.435e-06	4.5620236666666674e-11	3.3993466666666667
-1.44e-06	4.560344333333334e-11	3.33648
-1.4450000000000001e-06	4.604009333333333e-11	3.3807199999999997
-1.4499999999999999e-06	4.4923271666666667e-11	3.3229
-1.455e-06	4.5149996666666665e-11	3.389256666666667
-1.46e-06	4.6090481666666666e-11	3.3659700000000004
-1.4650000000000002e-06	4.494006833333333e-11	3.35511
-1.47e-06	4.662789666666667e-11	3.322126666666667
-1.475e-06	4.457899333333333e-11	3.3714033333333333
-1.48e-06	4.351254833333333e-11	3.3508400000000003
-1.4850000000000002e-06	4.4377456666666665e-11	3.4028400000000008
-1.49e-06	4.522557e-11	3.1731133333333332
-1.495e-06	4.589734166666666e-11	3.3120333333333334
-1.5e-06	4.6006504999999997e-11	3.2875900000000002
