Started: March 19, 2024 01:50:25
Initial Temperature (K)	0.0190307
Resistor	1000000.0	Excitation Current (A)	5e-08
Current (A)	Measured Current (A)	Resistance (Ohms)
-1.5e-06	4.532629333333333e-11	3.000041333333334
-1.495e-06	4.372243e-11	3.4424233333333336
-1.49e-06	4.389036666666666e-11	3.4210766666666665
-1.4850000000000002e-06	4.471329666666667e-11	3.364803333333333
-1.48e-06	4.483925333333334e-11	3.4276699999999996
-1.475e-06	4.480566333333333e-11	3.3865366666666668
-1.47e-06	4.460413166666667e-11	3.4280566666666665
-1.4650000000000002e-06	4.5217130000000004e-11	3.395856666666667
-1.46e-06	4.488124e-11	3.433496666666667
-1.455e-06	4.510796666666667e-11	3.45988
-1.4499999999999999e-06	4.456214666666667e-11	3.458716666666667
-1.4450000000000001e-06	4.4293433333333334e-11	3.4175866666666668
-1.44e-06	4.5595003333333334e-11	3.3663600000000002
-1.435e-06	4.452015833333333e-11	3.4501766666666662
-1.4299999999999999e-06	4.533469166666667e-11	3.4940266666666666
-1.4250000000000001e-06	4.494001833333333e-11	3.49403
-1.42e-06	4.4637721666666664e-11	3.4668666666666668
-1.415e-06	4.505758333333334e-11	3.488986666666667
-1.4099999999999998e-06	4.409190333333333e-11	3.521973333333334
-1.405e-06	4.406671333333333e-11	3.5048966666666668
-1.4e-06	4.4872843333333336e-11	3.5138199999999995
-1.395e-06	4.410869666666667e-11	3.4416433333333334
-1.3899999999999998e-06	4.4243055e-11	3.5052833333333333
-1.385e-06	4.5191938333333335e-11	3.53439
-1.38e-06	4.509956666666666e-11	3.5437
-1.375e-06	4.4377411666666665e-11	3.497523333333333
-1.37e-06	4.38064e-11	3.579403333333334
-1.365e-06	4.4075115e-11	3.5627133333333334
-1.36e-06	4.402473e-11	3.5619400000000003
-1.355e-06	4.4058313333333336e-11	3.545643333333333
-1.35e-06	4.388197666666667e-11	3.5984166666666666
-1.345e-06	4.458733833333333e-11	3.473076666666667
-1.34e-06	4.4788876666666666e-11	3.615106666666667
-1.335e-06	4.438580666666667e-11	3.6632266666666666
-1.33e-06	4.428503666666667e-11	3.6154933333333332
-1.325e-06	4.5939288333333335e-11	3.673313333333333
-1.32e-06	4.487284166666666e-11	3.687666666666667
-1.315e-06	4.373922333333333e-11	3.6057900000000003
-1.31e-06	4.491482999999999e-11	3.67137
-1.305e-06	4.422626e-11	3.6348933333333338
-1.3e-06	4.4360613333333334e-11	3.6127733333333336
-1.2949999999999999e-06	4.343692166666667e-11	3.6500299999999997
-1.29e-06	4.4226258333333343e-11	3.7497566666666664
-1.285e-06	4.329417166666667e-11	3.70358
-1.28e-06	4.404992e-11	3.7031899999999998
-1.2749999999999999e-06	4.458734000000001e-11	3.762173333333333
-1.2700000000000001e-06	4.422626e-11	3.75325
-1.265e-06	4.4201065e-11	3.76722
-1.26e-06	4.4159083333333333e-11	3.7571266666666667
-1.2549999999999998e-06	4.301706166666666e-11	3.8599633333333343
-1.25e-06	4.3848385e-11	3.741216666666667
-1.2450000000000002e-06	4.548583833333334e-11	3.755573333333334
-1.24e-06	4.537667833333333e-11	3.8176633333333334
-1.2349999999999998e-06	4.460413666666667e-11	3.8165033333333334
-1.23e-06	4.492322666666666e-11	3.8855733333333333
-1.2250000000000001e-06	4.4243055e-11	3.9158433333333336
-1.22e-06	4.667824166666666e-11	3.922826666666667
-1.2149999999999998e-06	4.475528e-11	3.834353333333334
-1.21e-06	4.463772333333333e-11	3.9267066666666675
-1.2050000000000001e-06	4.470490333333334e-11	3.8607366666666665
-1.2e-06	4.387357666666667e-11	3.8743200000000004
-1.195e-06	4.407511166666667e-11	3.9239933333333332
-1.19e-06	4.391556666666666e-11	3.920886666666666
-1.185e-06	4.4990406666666667e-11	4.0202333333333335
-1.18e-06	4.4494971666666673e-11	4.0376900000000004
-1.175e-06	4.450336833333334e-11	3.9255433333333336
-1.17e-06	4.477208166666666e-11	4.059810000000001
-1.165e-06	4.492323166666667e-11	4.068733333333334
-1.16e-06	4.374762e-11	4.053986666666667
-1.155e-06	4.478887333333334e-11	3.9880166666666668
-1.15e-06	4.458734166666667e-11	4.081543333333333
-1.145e-06	4.357967666666667e-11	4.057093333333333
-1.14e-06	4.367204666666667e-11	4.100943333333333
-1.135e-06	4.409190666666666e-11	4.067956666666667
-1.13e-06	4.5015598333333335e-11	4.090076666666667
-1.125e-06	4.608204333333334e-11	4.124996666666667
-1.12e-06	4.455375e-11	4.108703333333334
-1.115e-06	4.420946833333334e-11	4.229776666666667
-1.11e-06	4.4234656666666665e-11	4.310490000000001
-1.105e-06	4.3672045e-11	4.224726666666666
-1.1e-06	4.395755e-11	4.217743333333334
-1.0949999999999999e-06	4.4940026666666665e-11	4.234426666666667
-1.09e-06	4.4746888333333334e-11	4.188643333333333
-1.085e-06	4.3831593333333334e-11	4.275176666666667
-1.08e-06	4.4083508333333334e-11	4.343863333333334
-1.0749999999999999e-06	4.492322833333333e-11	4.295353333333333
-1.0700000000000001e-06	4.4159083333333333e-11	4.3652066666666665
-1.065e-06	4.472170166666667e-11	4.31437
-1.06e-06	4.439420666666666e-11	4.295353333333334
-1.0549999999999999e-06	4.334455833333333e-11	4.341926666666667
-1.0500000000000001e-06	4.5107965e-11	4.353950000000001
-1.045e-06	4.453695666666667e-11	4.3458033333333335
-1.04e-06	4.513315833333334e-11	4.40013
-1.0349999999999998e-06	4.467971166666667e-11	4.3822833333333335
-1.03e-06	4.474689e-11	4.325623333333334
-1.025e-06	4.4394208333333334e-11	4.41526
-1.02e-06	4.519194e-11	4.400130000000001
-1.015e-06	4.513315833333334e-11	4.370640000000001
-1.01e-06	4.3529295e-11	4.48201
-1.005e-06	4.4847655e-11	4.44126
-1e-06	4.4755285e-11	4.49326
-9.95e-07	4.519194e-11	4.462213333333334
-9.9e-07	4.5536223333333336e-11	4.49559
-9.849999999999999e-07	4.396594666666668e-11	4.436993333333334
-9.8e-07	4.3789605e-11	4.520816666666667
-9.75e-07	4.4864448333333336e-11	4.50335
-9.7e-07	4.394075666666666e-11	4.574753333333334
-9.649999999999999e-07	4.5007198333333327e-11	4.517320000000001
-9.6e-07	4.3663645000000005e-11	4.536723333333334
-9.55e-07	4.423465833333333e-11	4.57514
-9.499999999999999e-07	4.443619166666666e-11	4.552243333333333
-9.45e-07	4.3923961666666674e-11	4.4463099999999995
-9.399999999999999e-07	4.4982009999999993e-11	4.53944
-9.349999999999999e-07	4.4788875000000004e-11	4.421473333333334
-9.3e-07	4.504918666666666e-11	4.497920000000001
-9.249999999999999e-07	4.514995666666667e-11	4.5992033333333335
-9.200000000000001e-07	4.3630061666666666e-11	4.603856666666666
-9.15e-07	4.3529296666666665e-11	4.4855
-9.100000000000001e-07	4.502399833333333e-11	4.537113333333333
-9.05e-07	4.386518333333333e-11	4.5828999999999995
-9.000000000000001e-07	4.448657666666666e-11	4.657023333333333
-8.95e-07	4.513315833333334e-11	4.5526333333333335
-8.900000000000001e-07	4.4226265e-11	4.605796666666667
-8.85e-07	4.3814800000000007e-11	4.557676666666667
-8.8e-07	4.520034e-11	4.442036666666667
-8.75e-07	4.4511770000000004e-11	4.501406666666667
-8.7e-07	4.552783e-11	4.587173333333333
-8.65e-07	4.4217868333333334e-11	4.646153333333333
-8.6e-07	4.3478911666666667e-11	4.5440966666666665
-8.55e-07	4.378960666666666e-11	4.59532
-8.5e-07	4.424306e-11	4.614333333333334
-8.45e-07	4.449497833333333e-11	4.622873333333334
-8.4e-07	4.3394944999999996e-11	4.618220000000001
-8.349999999999999e-07	4.5427066666666665e-11	4.560003333333333
-8.3e-07	4.475529e-11	4.588336666666667
-8.249999999999999e-07	4.507438166666667e-11	4.6108400000000005
-8.2e-07	4.398274833333333e-11	4.7451099999999995
-8.149999999999999e-07	4.4679713333333324e-11	4.5685400000000005
-8.1e-07	4.4226265e-11	4.642663333333334
-8.049999999999999e-07	4.4704905e-11	4.6089
-8e-07	4.3714036666666674e-11	4.618216666666667
-7.95e-07	4.402473333333334e-11	4.541763333333334
-7.900000000000001e-07	4.3000275e-11	4.656633333333334
-7.85e-07	4.4167485e-11	4.664006666666666
-7.8e-07	4.516675166666666e-11	4.496363333333334
-7.75e-07	4.495681833333334e-11	4.621316666666667
-7.7e-07	4.651030166666667e-11	4.307383333333333
-7.65e-07	4.686298333333334e-11	4.4808433333333335
-7.6e-07	4.2647593333333336e-11	4.542153333333333
-7.55e-07	4.483926e-11	4.549916666666667
-7.5e-07	4.413389333333334e-11	4.542540000000001
-7.45e-07	4.398274500000001e-11	4.34308
-7.4e-07	4.4511771666666665e-11	4.4175933333333335
-7.35e-07	4.497361333333333e-11	4.50607
-7.3e-07	4.3176613333333336e-11	4.505676666666667
-7.249999999999999e-07	4.454535666666667e-11	4.545649999999999
-7.2e-07	4.489803833333333e-11	4.444366666666666
-7.149999999999999e-07	4.433542666666667e-11	4.527023333333333
-7.1e-07	4.5628596666666666e-11	4.5115
-7.049999999999999e-07	4.5427065e-11	4.5052900000000005
-7e-07	4.510797166666666e-11	4.357833333333334
-6.949999999999999e-07	4.653549166666667e-11	4.431946666666668
-6.9e-07	4.4125498333333326e-11	4.43156
-6.849999999999999e-07	4.5695775e-11	4.423413333333333
-6.8e-07	4.528431000000001e-11	4.423800000000001
-6.749999999999999e-07	4.4856055e-11	4.321739999999999
-6.699999999999999e-07	4.648511e-11	4.372966666666667
-6.65e-07	4.4184281666666666e-11	4.393916666666667
-6.6e-07	4.350410166666667e-11	4.304279999999999
-6.55e-07	4.408351166666667e-11	4.179330000000001
-6.5e-07	4.520873499999999e-11	4.35589
-6.45e-07	4.402473166666667e-11	4.405173333333333
-6.4e-07	4.4738493333333335e-11	4.312819999999999
-6.350000000000001e-07	4.434382833333333e-11	4.333773333333333
-6.3e-07	4.4217868333333334e-11	4.2371533333333335
-6.25e-07	4.3974345000000005e-11	4.271296666666667
-6.2e-07	4.455375333333334e-11	4.272850000000001
-6.15e-07	4.522553e-11	4.090076666666667
-6.1e-07	4.5972880000000006e-11	4.078823333333333
-6.05e-07	4.4587346666666665e-11	4.112583333333334
-6e-07	4.432703166666667e-11	4.224343333333334
-5.95e-07	4.425145833333334e-11	4.088913333333333
-5.9e-07	4.5485843333333334e-11	4.045836666666667
-5.85e-07	4.6401139999999995e-11	4.12694
-5.8e-07	4.4528565e-11	4.0217833333333335
-5.75e-07	4.467971166666666e-11	3.80486
-5.699999999999999e-07	4.5427065e-11	3.922826666666667
-5.65e-07	4.4797275e-11	3.841336666666667
-5.599999999999999e-07	4.436061666666666e-11	3.8013666666666666
-5.55e-07	4.469650833333333e-11	3.656626666666666
-5.499999999999999e-07	4.464612166666666e-11	3.832803333333334
-5.45e-07	4.5242323333333334e-11	3.802916666666667
-5.4e-07	4.5779745e-11	3.6566233333333336
-5.350000000000001e-07	4.570417166666667e-11	3.4719100000000007
-5.3e-07	4.4914833333333335e-11	3.594533333333333
-5.250000000000001e-07	4.4578944999999995e-11	3.5014000000000003
-5.2e-07	4.5166746666666667e-11	3.4420333333333333
-5.15e-07	4.457054666666666e-11	3.31669
-5.1e-07	4.379800666666667e-11	3.33687
-5.05e-07	4.491483166666667e-11	3.2499466666666663
-5e-07	4.420107e-11	3.397016666666667
-4.949999999999999e-07	4.5099575000000005e-11	3.0702766666666665
-4.9e-07	4.507438000000001e-11	3.0136233333333333
-4.849999999999999e-07	4.4671310000000006e-11	3.020606666666666
-4.8e-07	4.445299e-11	2.9449400000000003
-4.750000000000001e-07	4.492323166666667e-11	2.8941033333333337
-4.6999999999999995e-07	4.376441833333333e-11	2.96046
-4.650000000000001e-07	4.340333666666667e-11	2.7024033333333333
-4.6e-07	4.4100304999999997e-11	2.823093333333334
-4.550000000000001e-07	4.622479666666666e-11	2.6985266666666665
-4.5e-07	4.510797166666666e-11	2.5204066666666667
-4.450000000000001e-07	4.620800166666667e-11	2.4556033333333334
-4.3999999999999997e-07	4.604006166666666e-11	2.3609199999999997
-4.3500000000000007e-07	4.4578948333333336e-11	2.352373333333333
-4.2999999999999996e-07	4.504079166666668e-11	2.393123333333333
-4.2500000000000006e-07	4.4436196666666666e-11	2.3030933333333334
-4.1999999999999995e-07	4.516675166666666e-11	2.0916006666666664
-4.1500000000000005e-07	4.4671313333333335e-11	2.095872333333334
-4.0999999999999994e-07	4.5200336666666676e-11	2.151752
-4.0500000000000004e-07	4.4494975e-11	1.9674266666666664
-3.9999999999999993e-07	4.5259118333333336e-11	1.9305643333333335
-3.9500000000000003e-07	4.401633e-11	1.823849
-3.899999999999999e-07	4.4251454999999996e-11	1.7897006666666666
-3.85e-07	4.301706833333333e-11	1.6500023333333333
-3.799999999999999e-07	4.318501e-11	1.5623030000000002
-3.75e-07	4.418427833333333e-11	1.4645136666666667
-3.699999999999999e-07	4.6888175e-11	1.391172
-3.65e-07	4.4343825e-11	1.2960996666666666
-3.599999999999999e-07	4.509117166666667e-11	1.3356810000000001
-3.55e-07	4.472169833333333e-11	1.117592666666667
-3.499999999999999e-07	4.3982748333333336e-11	1.2049063333333334
-3.45e-07	4.493163e-11	1.0621003333333334
-3.400000000000001e-07	4.494842333333333e-11	1.0077733333333334
-3.3499999999999997e-07	4.515835e-11	0.9817746666666668
-3.3000000000000007e-07	4.533469166666667e-11	0.9619836666666668
-3.2499999999999996e-07	4.4847655e-11	0.7109143333333335
-3.2000000000000006e-07	4.5368286666666674e-11	0.6814220000000001
-3.1499999999999995e-07	4.3638463333333335e-11	0.6884070000000001
-3.1000000000000005e-07	4.4864451666666665e-11	0.5572443333333333
-3.0499999999999994e-07	4.5687374999999996e-11	0.41832166666666665
-3.0000000000000004e-07	4.463772499999999e-11	0.3426506666666667
-2.9499999999999993e-07	4.394915666666667e-11	0.38960533333333336
-2.9000000000000003e-07	4.527591166666667e-11	0.49127533333333345
-2.849999999999999e-07	4.503239333333334e-11	0.37097899999999995
-2.8e-07	4.5099573333333324e-11	0.3593373333333334
-2.749999999999999e-07	4.473009666666667e-11	0.3736948666666667
-2.7e-07	4.485605333333334e-11	0.3069500333333333
-2.649999999999999e-07	4.3033865e-11	0.20101116666666666
-2.6e-07	4.545225e-11	0.2642644333333333
-2.549999999999999e-07	4.4217865e-11	0.29220413333333334
-2.5e-07	4.4125495e-11	0.23516013333333333
-2.449999999999999e-07	4.4822463333333334e-11	0.24796593333333336
-2.4e-07	4.3873581666666666e-11	0.18277280000000004
-2.3499999999999987e-07	4.47217e-11	0.16492233333333334
-2.3e-07	4.512476333333333e-11	0.2390405333333333
-2.2499999999999986e-07	4.5494241666666675e-11	0.17734046666666667
-2.1999999999999998e-07	4.361326833333333e-11	0.15948978333333333
-2.1500000000000009e-07	4.3739225e-11	0.17966890000000002
-2.0999999999999997e-07	4.4091908333333336e-11	-0.05277546666666666
-2.0500000000000008e-07	4.511636833333333e-11	0.16220620000000002
-1.9999999999999996e-07	4.627517833333333e-11	0.1649226
-1.9500000000000007e-07	4.535988500000001e-11	0.1039984
-1.8999999999999995e-07	4.462933e-11	0.06984954333333333
-1.8500000000000006e-07	4.542706166666667e-11	0.11990843333333334
-1.7999999999999994e-07	4.510797166666667e-11	0.07334206666666666
-1.7500000000000005e-07	4.4587343333333336e-11	0.13892313333333334
-1.6999999999999993e-07	4.577134833333333e-11	0.1591017
-1.6500000000000003e-07	4.393236166666667e-11	0.05355126666666667
-1.5999999999999992e-07	4.381480166666666e-11	0.09972966666666666
-1.5500000000000002e-07	4.4713303333333334e-11	0.17811636666666666
-1.4999999999999991e-07	4.4637726666666667e-11	0.08459566666666667
-1.4500000000000001e-07	4.4411006666666665e-11	-0.08149116666666667
-1.399999999999999e-07	4.459574333333333e-11	0.06519293333333334
-1.35e-07	4.434382833333333e-11	0.10322216666666667
-1.299999999999999e-07	4.483086500000001e-11	0.12495316666666667
-1.25e-07	4.4982013333333335e-11	0.08032700333333333
-1.1999999999999988e-07	4.4637726666666667e-11	0.09429688333333335
-1.15e-07	4.494003e-11	0.059372200000000014
-1.0999999999999987e-07	4.3772815e-11	-0.040745500000000004
-1.0499999999999999e-07	4.562019833333333e-11	0.0023283333333333337
-9.999999999999986e-08	4.413389666666667e-11	0.06907355333333334
-9.499999999999998e-08	4.431023333333333e-11	0.009701266666666666
-9.000000000000008e-08	4.494002499999999e-11	0.1117595
-8.499999999999997e-08	4.539346999999999e-11	-0.033372580000000006
-8.000000000000007e-08	4.497361333333333e-11	0.03104433333333333
-7.499999999999996e-08	4.5536225e-11	-0.019790753333333338
-7.000000000000006e-08	4.598967666666667e-11	-0.027939793333333334
-6.499999999999995e-08	4.480567e-11	-0.026387596666666666
-6.000000000000005e-08	4.4285041666666664e-11	0.010477416666666663
-5.4999999999999937e-08	4.522552833333333e-11	-0.02832788333333333
-5.0000000000000044e-08	4.401633e-11	-0.02522348666666667
-4.4999999999999926e-08	4.334455833333333e-11	0.031044213333333338
-4.0000000000000034e-08	4.473010000000001e-11	0.046178326666666665
-3.499999999999992e-08	4.3252188333333336e-11	0.012029699999999999
-3.0000000000000024e-08	4.5729360000000005e-11	-0.03841729333333333
-2.499999999999991e-08	4.4083506666666666e-11	-0.03182036666666666
-2.0000000000000017e-08	4.468810833333333e-11	-0.010089383333333334
-1.4999999999999903e-08	4.4150689999999995e-11	-0.03220845
-1.0000000000000008e-08	4.452856333333334e-11	0.08925206666666667
-4.999999999999893e-09	4.4721699999999994e-11	0.024447350000000007
0.0	4.400793666666666e-11	0.0162983
5.000000000000115e-09	4.448658e-11	-0.02793982
1.0000000000000008e-08	4.454536e-11	0.010865466666666665
1.5000000000000124e-08	4.4696505000000003e-11	-0.012805733333333333
2.0000000000000017e-08	4.479727166666667e-11	0.03531277
2.5000000000000135e-08	4.4746888333333334e-11	-0.028716050000000003
3.0000000000000024e-08	4.529270833333333e-11	-0.005044699999999998
3.500000000000014e-08	4.4352221666666664e-11	-0.034536700000000004
4.0000000000000034e-08	4.583012833333333e-11	-0.01552215
4.4999999999999926e-08	4.512476166666667e-11	-0.09119253333333333
5.0000000000000044e-08	4.5418663333333334e-11	-0.038029306666666665
5.4999999999999937e-08	4.616601500000001e-11	-0.05122307333333334
6.000000000000005e-08	4.504919e-11	-0.02988008
6.499999999999995e-08	4.492323333333333e-11	0.010089300000000002
7.000000000000006e-08	4.564538833333333e-11	0.019014633333333333
7.499999999999996e-08	4.490643166666667e-11	0.03414869333333334
8.000000000000007e-08	4.445298666666667e-11	0.05005882666666667
8.499999999999997e-08	4.476368333333333e-11	-0.040745636666666675
9.000000000000008e-08	4.5485841666666666e-11	0.027939833333333334
9.499999999999998e-08	4.3974346666666666e-11	0.013193866666666667
1.0000000000000009e-07	4.455375e-11	-0.020954883333333337
1.0499999999999999e-07	4.496521166666666e-11	-0.018238503333333333
1.100000000000001e-07	4.596448333333334e-11	0.08110316666666666
1.15e-07	4.371402999999999e-11	0.039581460000000006
1.200000000000001e-07	4.5611798333333336e-11	-0.02755183333333333
1.25e-07	4.4730095e-11	-0.005820766666666665
1.300000000000001e-07	4.4419398333333335e-11	-0.04734243333333333
1.35e-07	4.415069e-11	0.03182036333333334
1.4000000000000012e-07	4.494841833333333e-11	0.021342926666666668
1.4500000000000001e-07	4.541026666666667e-11	0.01629827333333333
1.5000000000000013e-07	4.425145666666667e-11	0.06131216666666667
1.5500000000000002e-07	4.340334333333333e-11	-0.036865060000000005
1.6000000000000014e-07	4.421786833333333e-11	0.12340096666666667
1.6500000000000003e-07	4.4100304999999997e-11	0.1109832
1.6999999999999993e-07	4.4394205000000005e-11	0.0201788
1.7500000000000005e-07	4.4436195000000004e-11	0.08381952
1.7999999999999994e-07	4.343692833333333e-11	0.11175933333333332
1.8500000000000006e-07	4.424305666666666e-11	0.04850668333333333
1.8999999999999995e-07	4.499041166666666e-11	0.18898179999999998
1.9500000000000007e-07	4.331097e-11	0.07101372
1.9999999999999996e-07	4.494842e-11	-0.006984966666666668
2.0500000000000008e-07	4.553622833333333e-11	-0.019402633333333336
2.0999999999999997e-07	4.3504104999999996e-11	0.07722256666666667
2.1500000000000009e-07	4.4587345000000003e-11	0.2751296666666667
2.1999999999999998e-07	4.3923964999999997e-11	0.060924406666666674
2.250000000000001e-07	4.375602333333333e-11	0.12456528333333335
2.3e-07	4.3361355e-11	0.17229563333333334
2.350000000000001e-07	4.4486578333333335e-11	0.16957940000000002
2.4e-07	4.488124666666667e-11	0.1583255
2.450000000000001e-07	4.4285046666666667e-11	0.09546106666666666
2.5e-07	4.5133161666666666e-11	0.18199710000000002
2.550000000000001e-07	4.5183543333333336e-11	0.15832556666666667
2.6e-07	4.394076e-11	0.19519063333333334
2.650000000000001e-07	4.513316500000001e-11	0.09662540000000001
2.7e-07	4.4175879999999996e-11	0.2277875
2.750000000000001e-07	4.3932365000000005e-11	0.2739652
2.8e-07	4.438581166666667e-11	0.29686120000000005
2.8500000000000013e-07	4.6166014999999994e-11	0.4369476666666667
2.9000000000000003e-07	4.494842166666667e-11	0.409008
2.9499999999999993e-07	4.3604871666666665e-11	0.3267407666666667
3.0000000000000004e-07	4.3865181666666663e-11	0.4109483333333333
3.0499999999999994e-07	4.425145666666667e-11	0.3500243333333333
3.1000000000000005e-07	4.5519435000000005e-11	0.46178300000000005
3.1499999999999995e-07	4.469650666666668e-11	0.5230956666666667
3.2000000000000006e-07	4.4914833333333335e-11	0.5521996666666666
3.2499999999999996e-07	4.4965215000000005e-11	0.6732733333333334
3.3000000000000007e-07	4.5032396666666666e-11	0.576647
3.3499999999999997e-07	4.5141558333333333e-11	0.8750606666666667
3.400000000000001e-07	4.512476333333333e-11	0.694227
3.45e-07	4.567897833333333e-11	0.8952383333333334
3.500000000000001e-07	4.4150689999999995e-11	1.0038933333333333
3.55e-07	4.4679715e-11	0.8055986666666667
3.600000000000001e-07	4.514995166666667e-11	0.876224
3.65e-07	4.4394208333333334e-11	0.9844903333333335
3.700000000000001e-07	4.547744666666667e-11	1.064042
3.75e-07	4.5359879999999994e-11	1.055892
3.800000000000001e-07	4.570416833333334e-11	1.1983076666666665
3.85e-07	4.4965215000000005e-11	1.346546
3.9000000000000013e-07	4.5485843333333334e-11	1.5995553333333332
3.9500000000000003e-07	4.4587343333333336e-11	1.572004
4.0000000000000014e-07	4.4738493333333335e-11	1.7924173333333335
4.0500000000000004e-07	4.5242325e-11	1.6911356666666668
4.1000000000000015e-07	4.598967333333333e-11	1.7547763333333333
4.1500000000000005e-07	4.522552833333333e-11	1.9301766666666669
4.1999999999999995e-07	4.41171e-11	1.9224146666666668
4.2500000000000006e-07	4.5603405e-11	2.06561
4.2999999999999996e-07	4.5292705000000004e-11	2.0892766666666667
4.3500000000000007e-07	4.475528666666667e-11	2.4105866666666667
4.3999999999999997e-07	4.3965955e-11	2.353153333333333
4.450000000000001e-07	4.5620203333333334e-11	2.5770666666666666
4.5e-07	4.487285166666667e-11	2.64381
4.550000000000001e-07	4.4369018333333327e-11	2.62208
4.6e-07	4.547745166666667e-11	2.594526666666667
4.650000000000001e-07	4.409191e-11	2.8630566666666666
4.6999999999999995e-07	4.4881249999999996e-11	2.82542
4.750000000000001e-07	4.347891833333333e-11	3.0047
4.8e-07	4.473009666666667e-11	3.044283333333334
4.850000000000001e-07	4.445299166666666e-11	3.0004266666666672
4.9e-07	4.3890376666666674e-11	3.08192
4.950000000000001e-07	4.4024733333333326e-11	3.1544866666666667
5e-07	4.502400166666667e-11	3.1952300000000005
5.049999999999999e-07	4.505758666666667e-11	3.2029866666666664
5.100000000000002e-07	4.6023263333333336e-11	3.3551066666666665
5.150000000000002e-07	4.437741666666667e-11	3.4094366666666667
5.2e-07	4.436902e-11	3.4885933333333337
5.25e-07	4.438581166666667e-11	3.4684166666666667
5.300000000000002e-07	4.402473333333334e-11	3.39896
5.350000000000002e-07	4.4662925e-11	3.70086
5.4e-07	4.4906434999999994e-11	3.902646666666667
5.45e-07	4.5443858333333325e-11	3.83319
5.499999999999998e-07	4.447818166666667e-11	3.7808000000000006
5.550000000000002e-07	4.4856056666666666e-11	3.8335733333333333
5.6e-07	4.365525833333333e-11	4.0966733333333325
5.65e-07	4.4243058333333335e-11	4.110256666666667
5.699999999999998e-07	4.3898775e-11	4.196793333333334
5.750000000000002e-07	4.485605499999999e-11	3.8987700000000003
5.800000000000001e-07	4.4822465e-11	4.134703333333333
5.85e-07	4.5183545e-11	4.04312
5.899999999999999e-07	4.485605833333334e-11	4.230943333333334
5.950000000000002e-07	4.396595166666666e-11	4.122283333333333
6.000000000000001e-07	4.404992333333333e-11	4.29497
6.05e-07	4.483926e-11	4.32601
6.099999999999999e-07	4.469650666666667e-11	4.395083333333333
6.150000000000003e-07	4.5595005e-11	4.295743333333333
6.200000000000001e-07	4.461253666666666e-11	4.449803333333333
6.25e-07	4.3865185e-11	4.228610000000001
6.299999999999999e-07	4.494842166666667e-11	4.44126
6.350000000000003e-07	4.452016833333333e-11	4.456783333333333
6.400000000000001e-07	4.429344166666666e-11	4.468430000000001
6.45e-07	4.4352221666666664e-11	4.525856666666667
6.499999999999999e-07	4.4889643333333334e-11	4.390423333333334
6.550000000000003e-07	4.41255e-11	4.481233333333333
6.600000000000001e-07	4.5284308333333337e-11	4.5879433333333335
6.65e-07	4.5124765e-11	4.42419
6.699999999999999e-07	4.442779833333334e-11	4.516156666666666
6.750000000000003e-07	4.3890375e-11	4.482006666666666
6.800000000000002e-07	4.4914836666666664e-11	4.42535
6.85e-07	4.4763686666666665e-11	4.550693333333334
6.9e-07	4.506598666666666e-11	4.466876666666668
6.949999999999998e-07	4.499040666666666e-11	4.507233333333334
7.000000000000002e-07	4.3991143333333336e-11	4.54837
7.05e-07	4.4469785e-11	4.5541833333333335
7.1e-07	4.557821e-11	4.639170000000001
7.149999999999998e-07	4.508277666666667e-11	4.599983333333333
7.200000000000002e-07	4.4553751666666665e-11	4.6050233333333335
7.25e-07	4.414229166666666e-11	4.499466666666667
7.3e-07	4.3646859999999996e-11	4.501796666666667
7.349999999999998e-07	4.5267520000000005e-11	4.486666666666667
7.400000000000002e-07	4.613242833333334e-11	4.6352866666666666
7.450000000000001e-07	4.522553166666667e-11	4.573199999999999
7.5e-07	4.4688111666666665e-11	4.610456666666667
7.549999999999999e-07	4.450337333333334e-11	4.598816666666667
7.600000000000002e-07	4.361327e-11	4.696603333333333
7.650000000000001e-07	4.399954e-11	4.685356666666667
7.7e-07	4.5309503333333334e-11	4.71407
7.749999999999999e-07	4.4940025000000003e-11	4.68379
7.800000000000003e-07	4.4931631666666665e-11	4.670986666666667
7.850000000000001e-07	4.440260333333333e-11	4.711736666666667
7.900000000000001e-07	4.4402605e-11	4.689616666666667
7.949999999999999e-07	4.468811166666668e-11	4.552630000000001
8.000000000000003e-07	4.4637728333333334e-11	4.698156666666667
8.050000000000001e-07	4.649350666666667e-11	4.722993333333334
8.100000000000001e-07	4.367204833333333e-11	4.702426666666668
8.149999999999999e-07	4.402472833333333e-11	4.737733333333334
8.199999999999999e-07	4.437741e-11	4.657406666666667
8.250000000000001e-07	4.352929833333334e-11	4.717943333333333
8.300000000000001e-07	4.5015601666666664e-11	4.76258
8.349999999999999e-07	4.4578945e-11	4.701263333333333
8.399999999999999e-07	4.5233925e-11	4.86154
8.450000000000002e-07	4.547744833333334e-11	4.796336666666667
8.500000000000001e-07	4.520033833333333e-11	4.71678
8.55e-07	4.4990406666666667e-11	4.761416666666666
8.599999999999999e-07	4.5065985e-11	4.773446666666666
8.650000000000002e-07	4.387358333333334e-11	4.869686666666667
8.700000000000001e-07	4.401633333333333e-11	4.8107
8.75e-07	4.5653791666666663e-11	4.731533333333333
8.799999999999999e-07	4.621639833333334e-11	4.852613333333333
8.850000000000002e-07	4.4536963333333334e-11	4.76374
8.900000000000002e-07	4.520034e-11	4.82118
8.95e-07	4.365525e-11	4.893363333333334
9e-07	4.489803666666667e-11	4.69001
9.050000000000002e-07	4.4889643333333334e-11	4.8149733333333335
9.100000000000002e-07	4.558661000000001e-11	4.755976666666668
9.15e-07	4.5133161666666666e-11	4.71058
9.2e-07	4.4133894999999993e-11	4.72571
9.250000000000002e-07	4.558661333333334e-11	4.749383333333334
9.300000000000002e-07	4.504919166666667e-11	4.66905
9.35e-07	4.5494241666666675e-11	4.75404
9.399999999999999e-07	4.5435459999999997e-11	4.671376666666666
9.449999999999998e-07	4.594768666666666e-11	4.6543
9.500000000000002e-07	4.4016335e-11	4.611226666666666
9.550000000000002e-07	4.420947166666667e-11	4.65237
9.6e-07	4.578814e-11	4.569706666666667
9.649999999999999e-07	4.6023263333333336e-11	4.5735866666666665
9.700000000000002e-07	4.427664833333334e-11	4.63956
9.750000000000002e-07	4.5032395e-11	4.592993333333333
9.8e-07	4.540187333333333e-11	4.5569033333333335
9.849999999999999e-07	4.4075115e-11	4.613556666666667
9.900000000000003e-07	4.5343088333333334e-11	4.643046666666667
9.95e-07	4.544386e-11	4.558843333333334
1e-06	4.447818166666667e-11	4.492873333333333
1.005e-06	4.533469500000001e-11	4.558450000000001
1.0100000000000003e-06	4.5435459999999997e-11	4.457946666666667
1.015e-06	4.544386e-11	4.450966666666667
1.02e-06	4.4352226666666667e-11	4.5677666666666665
1.025e-06	4.4587345000000003e-11	4.4843366666666675
1.0300000000000003e-06	4.478888166666666e-11	4.4917066666666665
1.035e-06	4.446978833333333e-11	4.432336666666667
1.04e-06	4.487284666666666e-11	4.410606666666667
1.045e-06	4.5418666666666676e-11	4.439713333333334
1.0500000000000003e-06	4.4511771666666665e-11	4.451353333333334
1.055e-06	4.395755333333333e-11	4.373356666666667
1.06e-06	4.424306e-11	4.381113333333334
1.065e-06	4.517515e-11	4.388106666666666
1.07e-06	4.481406666666666e-11	4.367143333333334
1.075e-06	4.375602333333334e-11	4.22434
1.08e-06	4.492323166666667e-11	4.327176666666667
1.085e-06	4.5872115000000005e-11	4.395473333333333
1.09e-06	4.447818166666667e-11	4.277506666666667
1.095e-06	4.449497666666667e-11	4.231330000000001
1.1e-06	4.488964666666666e-11	4.257326666666667
1.105e-06	4.5166748333333334e-11	4.18088
1.11e-06	4.5964485000000006e-11	4.150613333333334
1.1150000000000001e-06	4.5183545e-11	4.2266699999999995
1.12e-06	4.537668e-11	4.1316
1.125e-06	4.574615833333333e-11	4.183986666666667
1.13e-06	4.460413666666667e-11	4.149450000000001
1.1350000000000001e-06	4.2706370000000005e-11	4.0357433333333335
1.14e-06	4.527591333333333e-11	4.00781
1.145e-06	4.5015601666666664e-11	4.114136666666667
1.15e-06	4.630876833333334e-11	4.0435099999999995
1.1550000000000002e-06	4.457055e-11	4.055153333333334
1.1600000000000001e-06	4.462933166666667e-11	4.06408
1.165e-06	4.534309333333333e-11	3.9666766666666664
1.17e-06	4.479727e-11	4.003153333333333
1.1750000000000002e-06	4.450337166666667e-11	3.901866666666667
1.1800000000000001e-06	4.507438e-11	3.9224400000000004
1.185e-06	4.5334694999999996e-11	3.982976666666667
1.19e-06	4.5762949999999996e-11	3.9523200000000003
1.1949999999999998e-06	4.263919666666667e-11	3.8793633333333335
1.2000000000000002e-06	4.457055e-11	3.9849133333333335
1.2050000000000001e-06	4.581333333333333e-11	3.8735400000000006
1.21e-06	4.401633666666667e-11	3.920106666666667
1.2149999999999998e-06	4.4201071666666665e-11	3.9530933333333333
1.2200000000000002e-06	4.603166e-11	3.8425
1.2250000000000001e-06	4.5863716666666664e-11	3.7885600000000004
1.23e-06	4.526751833333333e-11	3.8533633333333337
1.2349999999999998e-06	4.420106833333333e-11	3.81029
1.2400000000000002e-06	4.442779666666667e-11	3.8611233333333335
1.2450000000000002e-06	4.498201166666667e-11	3.83823
1.25e-06	4.522553166666667e-11	3.83047
1.2549999999999998e-06	4.498201e-11	3.7835133333333335
1.2600000000000002e-06	4.460413333333333e-11	3.7881666666666667
1.2650000000000002e-06	4.6014870000000005e-11	3.7908900000000005
1.2700000000000001e-06	4.4814065000000006e-11	3.69077
1.2749999999999999e-06	4.503239333333334e-11	3.687666666666667
1.2800000000000002e-06	4.416748e-11	3.6477
1.2850000000000002e-06	4.525072e-11	3.7059100000000007
1.29e-06	4.435222333333334e-11	3.6969833333333333
1.2949999999999999e-06	4.5519435000000005e-11	3.6213100000000007
1.3000000000000003e-06	4.494842166666667e-11	3.62946
1.3050000000000002e-06	4.5603405e-11	3.6593400000000003
1.31e-06	4.331936666666667e-11	3.6449833333333337
1.315e-06	4.399114e-11	3.698923333333333
1.3199999999999999e-06	4.600646833333333e-11	3.677190000000001
1.3250000000000002e-06	4.478047833333334e-11	3.5553433333333335
1.33e-06	4.553623166666666e-11	3.5875500000000002
1.335e-06	4.4394208333333334e-11	3.516536666666667
1.3399999999999999e-06	4.4881245e-11	3.4723
1.3450000000000003e-06	4.502399833333333e-11	3.5922066666666663
1.35e-06	4.471330333333333e-11	3.56582
1.355e-06	4.541866666666666e-11	3.532056666666667
1.36e-06	4.383999e-11	3.5196466666666666
1.3650000000000003e-06	4.431863333333333e-11	3.4920866666666672
1.37e-06	4.507438e-11	3.5452500000000007
1.375e-06	4.6300375e-11	3.474626666666666
1.38e-06	4.454535666666666e-11	3.5145966666666664
1.3850000000000003e-06	4.5133164999999995e-11	3.4913133333333337
1.39e-06	4.502399833333333e-11	3.4905400000000006
1.395e-06	4.4369015000000004e-11	3.463376666666667
1.4e-06	4.4755284999999995e-11	3.4420333333333333
1.4050000000000003e-06	4.4688111666666665e-11	3.5068366666666666
1.41e-06	4.401633333333333e-11	3.46803
1.415e-06	4.3957555000000006e-11	3.4040033333333333
1.42e-06	4.3672045e-11	3.3838233333333334
1.4250000000000003e-06	4.493162833333334e-11	3.4641466666666663
1.43e-06	4.6342354999999994e-11	3.4067166666666666
1.435e-06	4.5418665e-11	3.4668666666666668
1.44e-06	4.5015601666666664e-11	3.4276766666666667
1.445e-06	4.4276644999999997e-11	3.4924800000000005
1.45e-06	4.4973615e-11	3.4051666666666676
1.455e-06	4.467971166666667e-11	3.3873133333333336
1.46e-06	4.480567166666667e-11	3.455226666666667
1.465e-06	4.5225531666666674e-11	3.471523333333334
1.4700000000000001e-06	4.4847655e-11	3.404
1.475e-06	4.452016333333333e-11	3.4001233333333336
1.48e-06	4.399114333333333e-11	3.407493333333333
1.485e-06	4.418427500000001e-11	3.5212000000000003
1.4900000000000001e-06	4.520873333333334e-11	3.273616666666667
1.495e-06	4.3621666666666666e-11	3.3686900000000004
1.5e-06	4.4259853333333337e-11	3.383046666666667
1.5e-06	4.510797333333334e-11	3.3636466666666665
1.495e-06	4.4503375e-11	3.4292233333333333
1.4900000000000001e-06	4.5670581666666675e-11	3.3306566666666666
1.485e-06	4.520033833333333e-11	3.392746666666667
1.48e-06	4.3907169999999995e-11	3.3609299999999998
1.475e-06	4.524232666666666e-11	3.3446266666666666
1.4700000000000001e-06	4.387358e-11	3.4373733333333334
1.465e-06	4.3126231666666667e-11	3.4303900000000005
1.46e-06	4.516675e-11	3.4109866666666666
1.455e-06	4.4041525e-11	3.4567766666666664
1.45e-06	4.3932365000000005e-11	3.3318266666666667
1.445e-06	4.4713303333333334e-11	3.3523899999999998
1.44e-06	4.473849499999999e-11	3.443196666666667
1.435e-06	4.540187166666667e-11	3.433106666666667
1.43e-06	4.448658e-11	3.46997
1.4250000000000003e-06	4.499041e-11	3.41836
1.42e-06	4.309264166666667e-11	3.421463333333334
1.415e-06	4.4301839999999994e-11	3.39469
1.41e-06	4.4335428333333336e-11	3.390036666666667
1.4050000000000003e-06	4.4159088333333336e-11	3.4160300000000006
1.4e-06	4.418427833333333e-11	3.4067166666666666
1.395e-06	4.425145833333334e-11	3.481223333333334
1.39e-06	4.400793666666666e-11	3.43427
1.3850000000000003e-06	4.3487313333333336e-11	3.542146666666667
1.38e-06	4.502400166666667e-11	3.473853333333334
1.375e-06	4.4688115e-11	3.47424
1.37e-06	4.4184280000000005e-11	3.54991
1.3650000000000003e-06	4.578814166666667e-11	3.4994600000000005
1.36e-06	4.5485843333333334e-11	3.5762966666666665
1.355e-06	4.5569818333333336e-11	3.4723
1.35e-06	4.425145666666667e-11	3.6442066666666673
1.3450000000000003e-06	4.465452166666667e-11	3.512656666666667
1.3399999999999999e-06	4.440260666666667e-11	3.4443599999999996
1.335e-06	4.402473e-11	3.6085000000000007
1.33e-06	4.3932361666666664e-11	3.560776666666667
1.3250000000000002e-06	4.482246666666667e-11	3.496753333333333
1.3199999999999999e-06	4.4730098333333335e-11	3.621313333333333
1.315e-06	4.625838666666667e-11	3.53594
1.31e-06	4.418427666666666e-11	3.583283333333334
1.3050000000000002e-06	4.462933e-11	3.6655533333333334
1.3000000000000003e-06	4.4998805e-11	3.685726666666667
1.2949999999999999e-06	4.421787e-11	3.6434300000000004
1.29e-06	4.4117105e-11	3.645373333333334
1.2850000000000002e-06	4.539347499999999e-11	3.61743
1.2800000000000002e-06	4.504079666666666e-11	3.723366666666667
1.2749999999999999e-06	4.5788145000000006e-11	3.54525
1.2700000000000001e-06	4.459574333333333e-11	3.7156066666666674
1.2650000000000002e-06	4.637594666666666e-11	3.6387766666666663
1.2600000000000002e-06	4.547745166666667e-11	3.6810666666666667
1.2549999999999998e-06	4.533469833333333e-11	3.690773333333334
1.25e-06	4.4369015e-11	3.671756666666667
1.2450000000000002e-06	4.4788875000000004e-11	3.7703233333333337
1.2400000000000002e-06	4.3210208333333336e-11	3.7245333333333335
1.2349999999999998e-06	4.531790333333333e-11	3.7579000000000007
1.23e-06	4.344532833333333e-11	3.745876666666667
1.2250000000000001e-06	4.5972885e-11	3.7268566666666665
1.2200000000000002e-06	4.443619833333333e-11	3.814946666666667
1.2149999999999998e-06	4.4780481666666666e-11	3.7982666666666667
1.21e-06	4.294149833333334e-11	3.83435
1.2050000000000001e-06	4.416748666666666e-11	3.83008
1.2000000000000002e-06	4.462093333333333e-11	3.8048633333333335
1.1949999999999998e-06	4.4780481666666666e-11	3.894110000000001
1.19e-06	4.5099576666666666e-11	3.996943333333334
1.185e-06	4.412549833333334e-11	3.904586666666667
1.1800000000000001e-06	4.504919e-11	3.9255466666666674
1.1750000000000002e-06	4.393236333333334e-11	3.94572
1.17e-06	4.474689166666667e-11	3.95387
1.165e-06	4.4788876666666666e-11	3.996553333333333
1.1600000000000001e-06	4.489804333333333e-11	3.99578
1.1550000000000002e-06	4.5620203333333334e-11	4.008973333333334
1.15e-06	4.483926333333334e-11	4.070673333333334
1.145e-06	4.556142166666666e-11	3.9822000000000006
1.14e-06	4.5032399999999995e-11	4.023333333333333
1.1350000000000001e-06	4.363006333333334e-11	4.034196666666667
1.13e-06	4.372243833333334e-11	4.110646666666667
1.125e-06	4.4654523333333336e-11	4.173896666666667
1.12e-06	4.503240166666667e-11	4.058643333333333
1.1150000000000001e-06	4.4234663333333336e-11	4.16303
1.11e-06	4.5200338333333344e-11	4.120346666666667
1.105e-06	4.564539e-11	4.120346666666667
1.1e-06	4.516675e-11	4.281000000000001
1.095e-06	4.593089666666667e-11	4.218906666666667
1.09e-06	4.4385815e-11	4.13276
1.085e-06	4.550264e-11	4.25616
1.08e-06	4.4587345000000003e-11	4.243743333333334
1.075e-06	4.436062000000001e-11	4.32834
1.07e-06	4.4914836666666664e-11	4.257323333333335
1.065e-06	4.6804205000000007e-11	4.3815
1.06e-06	4.4730095e-11	4.3710233333333335
1.055e-06	4.598127833333333e-11	4.393536666666667
1.0500000000000003e-06	4.546905166666666e-11	4.329893333333334
1.045e-06	4.378121e-11	4.35706
1.04e-06	4.5158353333333335e-11	4.4629900000000005
1.035e-06	4.5385079999999995e-11	4.530900000000001
1.0300000000000003e-06	4.5368285000000006e-11	4.367143333333334
1.025e-06	4.487285e-11	4.4723033333333335
1.02e-06	4.434382666666666e-11	4.5499133333333335
1.015e-06	4.3403341666666664e-11	4.506456666666666
1.0100000000000003e-06	4.455375666666667e-11	4.575913333333333
1.005e-06	4.522553333333333e-11	4.57786
1e-06	4.3126233333333334e-11	4.61123
9.95e-07	4.6149223333333334e-11	4.63296
9.900000000000003e-07	4.5032396666666666e-11	4.616276666666667
9.849999999999999e-07	4.4604141666666666e-11	4.583290000000001
9.8e-07	4.2924698333333337e-11	4.660513333333333
9.750000000000002e-07	4.4830866666666665e-11	4.710186666666667
9.700000000000002e-07	4.4780483333333334e-11	4.782366666666667
9.649999999999999e-07	4.524232500000001e-11	4.8130266666666675
9.6e-07	4.5653785e-11	4.739683333333334
9.550000000000002e-07	4.499880666666667e-11	4.810313333333334
9.500000000000002e-07	4.457055166666667e-11	4.86037
9.449999999999998e-07	4.5267516666666664e-11	4.82778
9.399999999999999e-07	4.5007203333333336e-11	4.82545
9.35e-07	4.6208004999999993e-11	4.833983333333333
9.300000000000002e-07	4.5267516666666677e-11	4.9449700000000005
9.250000000000002e-07	4.588890833333334e-11	4.920133333333333
9.2e-07	4.4436195000000004e-11	4.976793333333334
9.15e-07	4.4730096666666674e-11	4.913533333333333
9.100000000000002e-07	4.4562153333333335e-11	4.932166666666667
9.050000000000002e-07	4.3991145e-11	5.0311200000000005
9e-07	4.383159666666667e-11	5.021416666666667
8.95e-07	4.383159666666667e-11	5.075743333333333
8.900000000000002e-07	4.4679715e-11	4.951566666666666
8.850000000000002e-07	4.474689166666667e-11	4.927506666666667
8.799999999999999e-07	4.4402608333333336e-11	5.06721
8.75e-07	4.585532166666667e-11	4.993480000000001
8.700000000000001e-07	4.4209473333333335e-11	5.054016666666667
8.650000000000002e-07	4.501560333333333e-11	5.140160000000001
8.599999999999999e-07	4.484765833333333e-11	5.110283333333333
8.55e-07	4.5057585e-11	5.086613333333334
8.500000000000001e-07	4.5695771666666676e-11	5.098636666666667
8.450000000000002e-07	4.5393475e-11	5.133179999999999
8.399999999999999e-07	4.5107971666666665e-11	5.096310000000001
8.349999999999999e-07	4.480567e-11	5.18595
8.300000000000001e-07	4.5250725000000004e-11	5.201856666666667
8.250000000000001e-07	4.4318635e-11	5.063713333333333
8.199999999999999e-07	4.460414166666667e-11	5.116876666666667
8.149999999999999e-07	4.464613e-11	5.164996666666667
8.100000000000001e-07	4.4906439999999997e-11	5.1770233333333335
8.050000000000001e-07	4.467131666666667e-11	5.14676
8.000000000000003e-07	4.547744666666667e-11	5.1747
7.949999999999999e-07	4.553622833333334e-11	5.148700000000001
7.900000000000001e-07	4.450337333333334e-11	5.0920466666666675
7.850000000000001e-07	4.5166748333333334e-11	5.164216666666667
7.800000000000003e-07	4.460413833333334e-11	5.2022466666666665
7.749999999999999e-07	4.464612833333333e-11	5.024516666666667
7.7e-07	4.535989166666667e-11	5.109893333333333
7.650000000000001e-07	4.5460654999999994e-11	5.186726666666666
7.600000000000002e-07	4.4402605e-11	5.187893333333333
7.549999999999999e-07	4.537668e-11	5.085443333333333
7.5e-07	4.5200341666666666e-11	5.060226666666666
7.450000000000001e-07	4.328578333333333e-11	5.12309
7.400000000000002e-07	4.476368833333333e-11	4.981443333333333
7.349999999999998e-07	4.5242325e-11	5.120373333333334
7.3e-07	4.450337333333334e-11	5.095143333333334
7.25e-07	4.4402608333333336e-11	5.107176666666667
7.200000000000002e-07	4.4469785e-11	5.1611166666666675
7.149999999999998e-07	4.545225833333333e-11	5.028403333333334
7.1e-07	4.610723666666667e-11	5.069146666666667
7.05e-07	4.520034166666667e-11	4.97563
7.000000000000002e-07	4.4881248333333334e-11	5.028010000000001
6.949999999999998e-07	4.444459166666667e-11	5.085446666666667
6.9e-07	4.484766e-11	5.092816666666667
6.85e-07	4.4058323333333336e-11	5.086996666666667
6.800000000000002e-07	4.462093666666667e-11	5.017146666666667
6.750000000000003e-07	4.4352226666666667e-11	5.01676
6.699999999999999e-07	4.4553755e-11	5.037716666666667
6.65e-07	4.5351494999999994e-11	5.01831
6.600000000000001e-07	4.3663653333333337e-11	5.043923333333334
6.550000000000003e-07	4.3596475e-11	5.05479
6.499999999999999e-07	4.4444593333333346e-11	4.943420000000001
6.45e-07	4.4234665000000003e-11	4.912376666666668
6.400000000000001e-07	4.5494241666666675e-11	4.952343333333334
6.350000000000003e-07	4.5880510000000004e-11	5.0089999999999995
6.299999999999999e-07	4.553622833333333e-11	4.926346666666666
6.25e-07	4.393236000000001e-11	4.34697
6.200000000000001e-07	4.457054666666666e-11	4.32407
6.150000000000003e-07	4.472169833333333e-11	4.1102533333333335
6.099999999999999e-07	4.397434833333333e-11	4.241033333333333
6.05e-07	4.396594833333333e-11	3.7280233333333332
6.000000000000001e-07	4.520033833333333e-11	4.352013333333333
5.950000000000002e-07	4.543546333333333e-11	4.134313333333334
5.899999999999999e-07	4.643472333333333e-11	4.086973333333334
5.85e-07	4.473009166666667e-11	4.603473333333333
5.800000000000001e-07	4.4662918333333335e-11	4.670216666666667
5.750000000000002e-07	4.5376680000000005e-11	4.5181000000000004
5.699999999999998e-07	4.441940333333333e-11	4.468426666666667
5.65e-07	4.273996e-11	4.251116666666667
5.6e-07	4.584692666666667e-11	4.281386666666666
5.550000000000002e-07	4.6233195e-11	4.034586666666668
5.499999999999998e-07	4.541027166666667e-11	4.183600000000001
5.45e-07	4.514995833333333e-11	3.948823333333334
5.4e-07	4.517514666666667e-11	3.9065333333333334
5.350000000000002e-07	4.5107968333333337e-11	3.7322933333333332
5.300000000000002e-07	4.4780476666666663e-11	3.647696666666667
5.25e-07	4.462092666666666e-11	3.48666
5.2e-07	4.5149955e-11	3.4827766666666666
5.150000000000002e-07	4.452856166666667e-11	3.5487466666666663
5.100000000000002e-07	4.4234663333333336e-11	3.3690766666666665
5.049999999999999e-07	4.389038e-11	3.25926
5e-07	4.601486833333334e-11	2.92088
4.950000000000001e-07	4.489804333333333e-11	2.9107900000000004
4.9e-07	4.410870166666667e-11	2.824256666666667
4.850000000000001e-07	4.5385076666666666e-11	2.697746666666667
4.8e-07	4.540187166666667e-11	2.5735733333333335
4.750000000000001e-07	4.5351490000000004e-11	2.52196
4.6999999999999995e-07	4.4763685000000003e-11	2.42495
4.650000000000001e-07	4.482246666666667e-11	2.295336666666667
4.6e-07	4.420946999999999e-11	1.8874886666666668
4.550000000000001e-07	4.4310238333333335e-11	1.7768946666666665
4.5e-07	4.3957555000000006e-11	1.7695220000000003
4.450000000000001e-07	4.44278e-11	1.621674666666667
4.3999999999999997e-07	4.4788875000000004e-11	1.3174426666666665
4.3500000000000007e-07	4.520034e-11	1.237502
4.2999999999999996e-07	4.4755288333333336e-11	1.2821273333333334
4.2500000000000006e-07	4.5670585000000004e-11	1.0198026666666669
4.1999999999999995e-07	4.609884166666667e-11	0.9549983333333335
4.1500000000000005e-07	4.519194333333334e-11	0.8475076666666669
4.1000000000000015e-07	4.3806403333333333e-11	0.6953913333333334
4.0500000000000004e-07	4.4881245e-11	0.5778110000000001
4.0000000000000014e-07	4.504079333333333e-11	0.5785870000000001
3.9500000000000003e-07	4.3772818333333326e-11	0.4998120000000001
3.9000000000000013e-07	4.4730095e-11	0.5619006666666667
3.85e-07	4.4898038333333327e-11	0.38184446666666666
3.800000000000001e-07	4.5007205e-11	0.3787403333333334
3.75e-07	4.459574e-11	0.21692180000000003
3.700000000000001e-07	4.4940026666666665e-11	0.1839369333333333
3.65e-07	4.4016335000000004e-11	0.2242951333333333
3.600000000000001e-07	4.472170333333333e-11	0.20334
3.55e-07	4.427664666666667e-11	0.13504276666666667
3.500000000000001e-07	4.562859333333333e-11	0.27357743333333334
3.45e-07	4.579654e-11	0.3426510333333333
3.400000000000001e-07	4.4243058333333335e-11	0.13155013333333335
3.3499999999999997e-07	4.4310235000000006e-11	0.13931102
3.3000000000000007e-07	4.4066716666666674e-11	0.07062574
3.2499999999999996e-07	4.3898774999999996e-11	0.005432750000000001
3.2000000000000006e-07	4.4814066666666667e-11	0.03608894999999999
3.1499999999999995e-07	4.567897833333334e-11	0.017850466666666665
3.1000000000000005e-07	4.4444590000000004e-11	0.12378916666666667
3.0499999999999994e-07	4.5284308333333337e-11	-0.0240591
3.0000000000000004e-07	4.433542500000001e-11	0.029491996666666662
2.9499999999999993e-07	4.461253333333334e-11	0.05665583666666666
2.9000000000000003e-07	4.4940023333333336e-11	-0.010477383333333335
2.8500000000000013e-07	4.494842166666667e-11	0.04113357333333333
2.8e-07	4.5149955e-11	-0.027939883333333332
2.750000000000001e-07	4.537668e-11	0.015522113333333332
2.7e-07	4.502400333333333e-11	0.0682974
2.650000000000001e-07	4.514156e-11	-0.06984964
2.6e-07	4.443619333333334e-11	-0.036477016666666674
2.550000000000001e-07	4.515835500000001e-11	-0.005820806666666667
2.5e-07	4.4058316666666665e-11	-0.028716016666666663
2.450000000000001e-07	4.6443125000000004e-11	0.04152172666666667
2.4e-07	4.608204e-11	0.05781993333333333
2.350000000000001e-07	4.676221666666667e-11	-0.012805650000000002
2.3e-07	4.602326666666666e-11	0.020178733333333334
2.250000000000001e-07	4.523392666666667e-11	-0.03143236666666667
2.1999999999999998e-07	4.410030333333333e-11	-0.08459563333333332
2.1500000000000009e-07	4.4024731666666665e-11	0.004268599999999995
2.0999999999999997e-07	4.554462333333333e-11	-0.01862656
2.0500000000000008e-07	4.388197666666667e-11	0.014357960000000001
1.9999999999999996e-07	4.4520165000000003e-11	-0.01940268666666666
1.9500000000000007e-07	4.4738490000000006e-11	0.036477013333333336
1.8999999999999995e-07	4.5385076666666666e-11	0.06402880000000001
1.8500000000000006e-07	4.5183539999999994e-11	-0.03182035
1.7999999999999994e-07	4.604845666666667e-11	-0.005432756666666667
1.7500000000000005e-07	4.614082333333334e-11	-0.06790936666666668
1.6999999999999993e-07	4.4058316666666665e-11	0.03298447333333334
1.6500000000000003e-07	4.4780481666666666e-11	-0.09119253333333337
1.6000000000000014e-07	4.5569818333333336e-11	-0.01435794
1.5500000000000002e-07	4.543546000000001e-11	-0.05626755
1.5000000000000013e-07	4.5746158333333336e-11	0.04889471666666667
1.4500000000000001e-07	4.6174413333333335e-11	0.00892523666666667
1.4000000000000012e-07	4.5956086666666665e-11	0.037253100000000004
1.35e-07	4.5779745e-11	-0.03259645
1.300000000000001e-07	4.450337166666667e-11	-0.017850413333333332
1.25e-07	4.487284833333333e-11	0.02095488333333333
1.200000000000001e-07	4.517514833333333e-11	-0.03298446
1.15e-07	4.431023666666666e-11	0.05626775000000001
1.100000000000001e-07	4.4310234999999994e-11	-0.05704383333333333
1.0499999999999999e-07	4.5124766666666673e-11	0.024059299999999995
1.0000000000000009e-07	4.4335428333333336e-11	0.03182037666666667
9.499999999999998e-08	4.323539833333333e-11	-0.04850667
9.000000000000008e-08	4.509957333333333e-11	-0.0407456
8.499999999999997e-08	4.369724333333333e-11	-0.10593848333333333
8.000000000000007e-08	4.357968333333334e-11	0.015134106666666668
7.499999999999996e-08	4.484765833333333e-11	0.025223439999999996
7.000000000000006e-08	4.510797e-11	0.017850466666666665
6.499999999999995e-08	4.441940166666667e-11	-0.04773054333333334
6.000000000000005e-08	4.441939833333333e-11	0.03764116666666668
5.4999999999999937e-08	4.385678833333334e-11	-0.005820789999999999
5.0000000000000044e-08	4.4536965e-11	-0.05161119333333333
4.4999999999999926e-08	4.594769166666667e-11	-0.031044033333333346
4.0000000000000034e-08	4.5519435000000005e-11	-0.03686503333333333
3.500000000000014e-08	4.4721705e-11	-0.010865633333333338
3.0000000000000024e-08	4.462933166666667e-11	-0.04152169333333333
2.5000000000000135e-08	4.4360621666666666e-11	-0.10477433333333334
2.0000000000000017e-08	4.425145833333334e-11	-0.04773065000000001
1.5000000000000124e-08	4.489804e-11	-0.024059226666666673
1.0000000000000008e-08	4.447818e-11	-0.003880483333333335
5.000000000000115e-09	4.5107971666666665e-11	-0.005432733333333334
0.0	4.41339e-11	-0.04734243333333333
-4.999999999999893e-09	4.499880833333333e-11	-0.006984999999999991
-1.0000000000000008e-08	4.5259121666666664e-11	0.04113363333333334
-1.4999999999999903e-08	4.571257166666667e-11	-0.056267816666666665
-2.0000000000000017e-08	4.3630058333333324e-11	0.04462616666666667
-2.499999999999991e-08	4.5914103333333336e-11	-0.005432759999999999
-3.0000000000000024e-08	4.567898e-11	-0.06170048000000001
-3.499999999999992e-08	4.5385079999999995e-11	0.04811861333333334
-4.0000000000000034e-08	4.5082779999999997e-11	-0.06325277333333333
-4.4999999999999926e-08	4.4293445e-11	-0.011253533333333334
-5.0000000000000044e-08	4.401633833333333e-11	-0.04346191333333333
-5.4999999999999937e-08	4.444459333333333e-11	0.024447300000000005
-6.000000000000005e-08	4.490644000000001e-11	0.03647708
-6.499999999999995e-08	4.510797666666666e-11	-0.07993901333333332
-7.000000000000006e-08	4.431024e-11	-0.04462615
-7.499999999999996e-08	4.5502640000000003e-11	-0.06053630666666667
-8.000000000000007e-08	4.478888e-11	-0.0023283400000000017
-8.499999999999997e-08	4.551103500000001e-11	-0.043462026666666674
-9.000000000000008e-08	4.438581166666667e-11	-0.09390893333333333
-9.499999999999998e-08	4.5611801666666664e-11	0.024059266666666666
-9.999999999999986e-08	4.541866833333334e-11	-0.01823851333333333
-1.0499999999999999e-07	4.544386333333333e-11	-0.06558096666666667
-1.0999999999999987e-07	4.5191945000000006e-11	0.012805756666666668
-1.15e-07	4.5099576666666666e-11	-0.0019401999999999985
-1.1999999999999988e-07	4.4327035e-11	0.015522126666666669
-1.25e-07	4.463773e-11	0.05704396666666667
-1.299999999999999e-07	4.4385813333333335e-11	-0.007373000000000002
-1.35e-07	4.4478178333333327e-11	-0.00426856
-1.399999999999999e-07	4.5242323333333334e-11	-0.038029200000000006
-1.4500000000000001e-07	4.4335430000000004e-11	0.002716383333333332
-1.4999999999999991e-07	4.457895000000001e-11	-0.012805739999999996
-1.5500000000000002e-07	4.5435465000000006e-11	0.04850674666666666
-1.5999999999999992e-07	4.6065253333333335e-11	-0.014746026666666669
-1.6500000000000003e-07	4.4595743333333325e-11	-0.04423807
-1.6999999999999993e-07	4.489804166666667e-11	-0.03608896
-1.7500000000000005e-07	4.411710166666668e-11	0.02793988
-1.7999999999999994e-07	4.4721705e-11	0.01707435
-1.8500000000000006e-07	4.382319833333333e-11	0.0131938
-1.8999999999999995e-07	4.468811333333333e-11	0.08149134000000001
-1.9500000000000007e-07	4.399114333333333e-11	0.06868536666666668
-1.9999999999999996e-07	4.386518666666667e-11	-0.01241769
-2.0500000000000008e-07	4.4679716666666666e-11	0.08265519666666667
-2.0999999999999997e-07	4.414229833333333e-11	-0.05898411333333333
-2.1500000000000009e-07	4.3991145e-11	-0.05976009999999999
-2.1999999999999998e-07	4.589731e-11	-0.017074400000000003
-2.2499999999999986e-07	4.582173333333333e-11	-0.057043866666666665
-2.3e-07	4.4427801666666666e-11	-0.03919356666666666
-2.3499999999999987e-07	4.383159833333333e-11	-0.019014606666666666
-2.4e-07	4.546065333333333e-11	-0.06596896000000001
-2.449999999999999e-07	4.318501333333333e-11	-0.005432699999999999
-2.5e-07	4.405832333333333e-11	0.0329845
-2.549999999999999e-07	4.4217875000000005e-11	-0.06480490000000001
-2.6e-07	4.5007206666666665e-11	0.04773053333333333
-2.649999999999999e-07	4.457055e-11	0.011253533333333336
-2.7e-07	4.381480333333333e-11	0.08110310000000001
-2.749999999999999e-07	4.402473333333334e-11	0.04346206666666667
-2.8e-07	4.5611799999999997e-11	0.07528233000000001
-2.849999999999999e-07	4.342013666666667e-11	0.05083496333333334
-2.9000000000000003e-07	4.507438333333333e-11	0.10438635
-2.9499999999999993e-07	4.455375666666667e-11	0.05432740666666667
-3.0000000000000004e-07	4.620800333333334e-11	0.044238106666666666
-3.0499999999999994e-07	4.4066718333333335e-11	0.13853476666666667
-3.1000000000000005e-07	4.452017e-11	0.09080453000000001
-3.1499999999999995e-07	4.4377415e-11	0.04462607333333334
-3.2000000000000006e-07	4.4637728333333334e-11	0.12068450000000003
-3.2499999999999996e-07	4.462933e-11	0.04656637
-3.3000000000000007e-07	4.4184280000000005e-11	0.11253536666666668
-3.3499999999999997e-07	4.4536961666666666e-11	0.1629824666666667
-3.400000000000001e-07	4.412550166666667e-11	0.24292103333333334
-3.45e-07	4.482247166666667e-11	0.19907113333333334
-3.499999999999999e-07	4.430184166666667e-11	0.18005666666666667
-3.55e-07	4.563699333333333e-11	0.22507086666666665
-3.599999999999999e-07	4.3772818333333326e-11	0.1948027333333333
-3.65e-07	4.544386333333333e-11	0.30966659999999996
-3.699999999999999e-07	4.3772819999999994e-11	0.3799043333333334
-3.75e-07	4.3604875000000006e-11	0.4423803333333334
-3.799999999999999e-07	4.4360623333333334e-11	0.5630663333333333
-3.85e-07	4.4159090000000004e-11	0.5603490000000001
-3.899999999999999e-07	4.448658e-11	0.5436626666666667
-3.9500000000000003e-07	4.474689166666667e-11	0.5576323333333333
-3.9999999999999993e-07	4.373922833333333e-11	0.7272126666666668
-4.0500000000000004e-07	4.5317901666666675e-11	0.8998946666666666
-4.0999999999999994e-07	4.4058325000000003e-11	0.9809976666666668
-4.1500000000000005e-07	4.4856056666666666e-11	1.136995
-4.1999999999999995e-07	4.4746896666666666e-11	1.4319176666666669
-4.2500000000000006e-07	4.540187833333334e-11	1.2766966666666668
-4.2999999999999996e-07	4.404992166666667e-11	1.351979
-4.3500000000000007e-07	4.456215833333333e-11	1.5009903333333334
-4.3999999999999997e-07	4.552783333333334e-11	1.6666886666666667
-4.450000000000001e-07	4.577134833333333e-11	1.9379373333333334
-4.5e-07	4.5746158333333336e-11	1.8614903333333332
-4.550000000000001e-07	4.5586611666666663e-11	2.125750333333333
-4.6e-07	4.442779666666667e-11	2.3485
-4.650000000000001e-07	4.433543333333334e-11	2.224323
-4.6999999999999995e-07	4.431863833333333e-11	2.38536
-4.750000000000001e-07	4.585532333333334e-11	2.493243333333333
-4.8e-07	4.661107166666667e-11	2.5599900000000004
-4.849999999999999e-07	4.4083516666666666e-11	2.8064033333333334
-4.9e-07	4.630877500000001e-11	2.7881633333333338
-4.949999999999999e-07	4.6846191666666664e-11	2.9841266666666666
-5e-07	4.489804333333333e-11	2.959686666666667
-5.05e-07	4.4595746666666673e-11	3.14556
-5.1e-07	4.3915573333333345e-11	3.200666666666667
-5.15e-07	4.5217138333333336e-11	3.387703333333334
-5.2e-07	4.614082666666667e-11	3.371013333333334
-5.250000000000001e-07	4.517515e-11	3.598026666666667
-5.3e-07	4.6082046666666676e-11	3.6725299999999996
-5.350000000000001e-07	4.493163166666667e-11	3.598806666666667
-5.4e-07	4.4805673333333335e-11	3.782736666666667
-5.45e-07	4.422626666666666e-11	3.829310000000001
-5.499999999999999e-07	4.565378833333334e-11	3.9139033333333333
-5.55e-07	4.524232666666666e-11	4.114526666666667
-5.599999999999999e-07	4.4755291666666665e-11	4.16575
-5.65e-07	4.2941496666666674e-11	4.159536666666667
-5.699999999999999e-07	4.351251333333333e-11	4.280223333333334
-5.75e-07	4.499881e-11	4.32679
-5.8e-07	4.5569815e-11	4.31942
-5.85e-07	4.515835666666667e-11	4.392760000000001
-5.9e-07	4.5099575e-11	4.51111
-5.95e-07	4.556142166666667e-11	4.361323333333334
-6e-07	4.4914836666666664e-11	4.4917066666666665
-6.05e-07	4.4436196666666666e-11	4.554576666666667
-6.1e-07	4.4444595e-11	4.59415
-6.15e-07	4.611563333333334e-11	4.664006666666666
-6.2e-07	4.4327035e-11	4.603086666666666
-6.25e-07	4.4553758333333335e-11	4.638006666666667
-6.3e-07	4.425145666666667e-11	4.782373333333333
-6.350000000000001e-07	4.4856058333333333e-11	4.806433333333334
-6.4e-07	4.570417333333334e-11	4.799829999999999
-6.45e-07	4.694695833333333e-11	4.857270000000001
-6.5e-07	4.429344666666667e-11	4.957773333333334
-6.55e-07	4.428504666666666e-11	4.901503333333334
-6.6e-07	4.3092645e-11	4.818460000000001
-6.65e-07	4.4259853333333337e-11	4.89142
-6.699999999999999e-07	4.499041333333334e-11	4.915866666666667
-6.749999999999999e-07	4.567898e-11	4.90306
-6.8e-07	4.5208738333333333e-11	4.99037
-6.849999999999999e-07	4.457055333333333e-11	4.985713333333333
-6.9e-07	4.4923235000000005e-11	4.97718
-6.949999999999999e-07	4.489803833333333e-11	4.906166666666667
-7e-07	4.4285048333333334e-11	4.843683333333334
-7.049999999999999e-07	4.446139e-11	4.837866666666668
-7.1e-07	4.4595745e-11	5.048970000000001
-7.149999999999999e-07	4.3672054999999993e-11	5.131623333333333
-7.2e-07	4.4713306666666675e-11	5.010940000000001
-7.249999999999999e-07	4.5897308333333335e-11	4.989206666666667
-7.3e-07	4.463773e-11	5.1095033333333335
-7.35e-07	4.422626666666667e-11	5.08273
-7.4e-07	4.4469785e-11	4.950403333333334
-7.45e-07	4.4234666666666665e-11	5.20186
-7.5e-07	4.593089833333334e-11	5.12231
-7.55e-07	4.409191166666666e-11	5.077686666666668
-7.6e-07	4.4587346666666665e-11	5.07458
-7.65e-07	4.4595745000000006e-11	5.143653333333333
-7.7e-07	4.475528666666667e-11	5.120373333333333
-7.75e-07	4.3856793333333335e-11	4.992310000000001
-7.8e-07	4.497361666666667e-11	4.964766666666667
-7.85e-07	4.6140835000000006e-11	5.135506666666667
-7.900000000000001e-07	4.464612666666667e-11	5.10795
-7.95e-07	4.504079333333333e-11	5.033449999999999
-8e-07	4.445299e-11	5.10213
-8.049999999999999e-07	4.516675333333333e-11	5.1576233333333334
-8.1e-07	4.444459666666667e-11	5.110276666666667
-8.149999999999999e-07	4.457895e-11	5.126580000000001
-8.2e-07	4.5695778333333334e-11	5.11455
-8.249999999999999e-07	4.473849833333333e-11	5.020643333333333
-8.3e-07	4.4285048333333334e-11	5.144043333333334
-8.349999999999999e-07	4.4864455e-11	5.064876666666667
-8.4e-07	4.525072666666667e-11	5.13201
-8.45e-07	4.475529e-11	5.192940000000001
-8.5e-07	4.559501166666667e-11	5.017146666666666
-8.55e-07	4.544386166666666e-11	5.058669999999999
-8.6e-07	4.486445333333333e-11	4.974850000000001
-8.65e-07	4.475529500000001e-11	5.062550000000001
-8.7e-07	4.4646131666666665e-11	5.0901000000000005
-8.75e-07	4.5301109999999996e-11	4.993086666666667
-8.8e-07	4.501560333333333e-11	4.922853333333333
-8.85e-07	4.363846e-11	5.012490000000001
-8.900000000000001e-07	4.5813338333333336e-11	5.0031799999999995
-8.95e-07	4.5082781666666664e-11	4.985716666666667
-9.000000000000001e-07	4.347052333333334e-11	5.005116666666667
-9.05e-07	4.4772085e-11	4.905003333333334
-9.100000000000001e-07	4.4646130000000004e-11	4.9771833333333335
-9.15e-07	4.4662925e-11	4.917033333333334
-9.200000000000001e-07	4.6300373333333333e-11	4.968640000000001
-9.249999999999999e-07	4.555302333333333e-11	4.8665866666666675
-9.3e-07	4.540187333333333e-11	4.92324
-9.349999999999999e-07	4.420947166666666e-11	4.90267
-9.399999999999999e-07	4.4578948333333336e-11	4.911213333333333
-9.45e-07	4.5485844999999995e-11	4.848733333333333
-9.499999999999999e-07	4.384839333333334e-11	4.849896666666667
-9.55e-07	4.474689333333333e-11	4.861146666666666
-9.6e-07	4.525072166666667e-11	4.82389
-9.649999999999999e-07	4.5611805000000006e-11	4.766066666666666
-9.7e-07	4.584692333333333e-11	4.76452
-9.75e-07	4.520873833333334e-11	4.746283333333333
-9.8e-07	4.536828333333333e-11	4.629853333333333
-9.849999999999999e-07	4.3487313333333336e-11	4.687676666666667
-9.9e-07	4.445299e-11	4.502186666666667
-9.95e-07	4.287431499999999e-11	4.597646666666667
-1e-06	4.4285048333333334e-11	4.608126666666666
-1.005e-06	4.439421166666667e-11	4.518483333333333
-1.01e-06	4.446978666666667e-11	4.4758000000000004
-1.015e-06	4.457895166666667e-11	4.465326666666666
-1.02e-06	4.500720500000001e-11	4.59959
-1.025e-06	4.4352221666666664e-11	4.5017966666666664
-1.03e-06	4.415069166666666e-11	4.476963333333334
-1.0349999999999998e-06	4.5233928333333334e-11	4.441263333333334
-1.04e-06	4.445299e-11	4.42186
-1.045e-06	4.5049191666666674e-11	4.366756666666666
-1.0500000000000001e-06	4.3873581666666666e-11	4.25694
-1.0549999999999999e-06	4.5687376666666664e-11	4.292253333333334
-1.06e-06	4.6065253333333335e-11	4.3415333333333335
-1.065e-06	4.4217871666666676e-11	4.4692
-1.0700000000000001e-06	4.4394213333333343e-11	4.3442533333333335
-1.0749999999999999e-06	4.628357833333334e-11	4.299626666666668
-1.08e-06	4.507438166666667e-11	4.19679
-1.085e-06	4.504918833333333e-11	4.23521
-1.09e-06	4.425146e-11	4.183986666666667
-1.0949999999999999e-06	4.4318638333333325e-11	4.234430000000001
-1.1e-06	4.448657666666666e-11	4.19446
-1.105e-06	4.4965223333333336e-11	4.250343333333333
-1.11e-06	4.538508000000001e-11	4.068346666666666
-1.115e-06	4.524232833333333e-11	4.072613333333334
-1.12e-06	4.5183546666666665e-11	4.100943333333334
-1.125e-06	4.410031e-11	4.150613333333333
-1.13e-06	4.497361666666667e-11	4.015183333333334
-1.135e-06	4.4268250000000004e-11	4.019843333333333
-1.14e-06	4.518354500000001e-11	4.05554
-1.145e-06	4.4528566666666667e-11	4.0477766666666675
-1.15e-06	4.541027333333334e-11	3.9499933333333335
-1.155e-06	4.505758666666667e-11	3.9329133333333335
-1.16e-06	4.4243058333333335e-11	3.975986666666667
-1.165e-06	4.1547559999999995e-11	3.965900000000001
-1.17e-06	4.583013166666667e-11	3.96241
-1.175e-06	4.5141558333333333e-11	3.8533666666666666
-1.18e-06	4.5880515e-11	3.87936
-1.185e-06	4.615762e-11	3.8925633333333334
-1.19e-06	4.4436195000000004e-11	3.8879033333333335
-1.195e-06	4.4982013333333335e-11	3.83241
-1.2e-06	4.474689e-11	3.762176666666667
-1.2050000000000001e-06	4.435222333333334e-11	3.7105633333333343
-1.21e-06	4.569577333333333e-11	3.76644
-1.2149999999999998e-06	4.478048166666667e-11	3.6981400000000004
-1.22e-06	4.465452333333334e-11	3.7214266666666673
-1.2250000000000001e-06	4.489804e-11	3.6639966666666672
-1.23e-06	4.504919333333333e-11	3.6601166666666667
-1.2349999999999998e-06	4.5259119999999997e-11	3.7202666666666673
-1.24e-06	4.462093333333333e-11	3.7466566666666665
-1.2450000000000002e-06	4.3999539999999996e-11	3.569696666666667
-1.25e-06	4.5082779999999997e-11	3.663216666666667
-1.2549999999999998e-06	4.4688111666666665e-11	3.6639966666666663
-1.26e-06	4.404152666666666e-11	3.62752
-1.265e-06	4.477208e-11	3.6480866666666674
-1.2700000000000001e-06	4.4369015000000004e-11	3.6352800000000003
-1.2749999999999999e-06	4.587211666666666e-11	3.6279066666666666
-1.28e-06	4.4394209999999995e-11	3.660506666666667
-1.285e-06	4.487285166666667e-11	3.660116666666667
-1.29e-06	4.4528565e-11	3.61239
-1.2949999999999999e-06	4.397435333333334e-11	3.60695
-1.3e-06	4.5561419999999995e-11	3.630236666666667
-1.305e-06	4.4637726666666667e-11	3.56
-1.31e-06	4.4654525e-11	3.5091633333333334
-1.315e-06	4.427665166666667e-11	3.5778499999999998
-1.32e-06	4.520874166666667e-11	3.5778466666666673
-1.325e-06	4.480567166666667e-11	3.5673733333333337
-1.33e-06	4.483926e-11	3.5017933333333335
-1.335e-06	4.411710166666667e-11	3.631403333333333
-1.34e-06	4.525912666666667e-11	3.4369833333333335
-1.345e-06	4.3798013333333337e-11	3.5118799999999997
-1.35e-06	4.525072666666667e-11	3.4874333333333336
-1.355e-06	4.5149960000000003e-11	3.464536666666666
-1.36e-06	4.507438666666667e-11	3.52197
-1.365e-06	4.431863666666667e-11	3.5002366666666673
-1.37e-06	4.3378148333333334e-11	3.4676433333333336
-1.375e-06	4.3562888333333336e-11	3.439313333333334
-1.38e-06	4.415069333333334e-11	3.49132
-1.385e-06	4.421787e-11	3.447073333333334
-1.3899999999999998e-06	4.444459166666667e-11	3.5208033333333333
-1.395e-06	4.5015601666666664e-11	3.3411399999999998
-1.4e-06	4.5569820000000003e-11	3.3721833333333335
-1.405e-06	4.507438333333333e-11	3.3931366666666665
-1.4099999999999998e-06	4.488124666666667e-11	3.4385333333333334
-1.415e-06	4.415069166666666e-11	3.4334966666666666
-1.42e-06	4.568737999999999e-11	3.3803300000000003
-1.4250000000000001e-06	4.5897308333333335e-11	3.3372566666666668
-1.4299999999999999e-06	4.5233931666666663e-11	3.4408700000000003
-1.435e-06	4.5527835e-11	3.4086566666666673
-1.44e-06	4.5821735e-11	3.418746666666667
-1.4450000000000001e-06	4.511637e-11	3.3966266666666667
-1.4499999999999999e-06	4.4990408333333334e-11	3.3702400000000003
-1.455e-06	4.415069166666666e-11	3.395466666666667
-1.46e-06	4.5250725e-11	3.3523899999999998
-1.4650000000000002e-06	4.470490666666666e-11	3.44397
-1.47e-06	4.5040793333333326e-11	3.51576
-1.475e-06	4.510797e-11	3.3787800000000003
-1.48e-06	4.285752333333334e-11	3.4063300000000005
-1.4850000000000002e-06	4.4965216666666666e-11	3.4416433333333334
-1.49e-06	4.410030666666667e-11	3.3741233333333334
-1.495e-06	4.507438333333333e-11	3.33299
-1.5e-06	4.474689166666667e-11	3.4133166666666668
