Started: March 19, 2024 18:27:39
Initial Temperature (K)	0.0201866
Resistor	1000000.0	Excitation Current (A)	5e-08
Current (A)	Measured Voltage (V)	Resistance (Ohms)
-1.5e-06	-0.004404432157485481	-2.5105135
-1.49e-06	-0.0022447144261519896	-3.33066
-1.48e-06	-0.0006014150307807309	-3.3539449999999995
-1.47e-06	0.002482245994594305	-3.368495
-1.46e-06	-0.00535477419011803	-3.388865
-1.4499999999999999e-06	0.0017562903463561141	2.8254115
-1.44e-06	0.0014609583666069788	3.46803
-1.4299999999999999e-06	-0.0012448756203366582	3.1601100000000004
-1.42e-06	-0.0021506702463976535	3.606565
-1.4099999999999998e-06	0.0005073171437923487	2.8521900000000002
-1.4e-06	0.0017529906846872462	3.617045
-1.3899999999999998e-06	0.002203413137336762	3.44649
-1.38e-06	-0.003473889219355235	3.2747800000000007
-1.37e-06	-0.0028155794999310513	3.5757150000000006
-1.36e-06	-0.004076102312800766	3.32892
-1.35e-06	-0.002784231349808772	4.20204
-1.34e-06	-0.0011392820794514287	3.7445150000000003
-1.33e-06	0.002935968116333454	3.625775
-1.32e-06	-0.002464150864042709	3.34987
-1.31e-06	0.0020417229586865413	3.4750150000000004
-1.3e-06	0.0009428902886044709	3.64906
-1.29e-06	-0.0022678129234924866	3.8696650000000004
-1.28e-06	-0.0018371893945047634	3.508195
-1.2700000000000001e-06	-0.0025829437260369817	3.44649
-1.26e-06	-0.0025796438962244006	3.9022550000000003
-1.25e-06	-0.001668899626893876	3.690385
-1.24e-06	-0.0003605298206342644	3.874905
-1.23e-06	-0.0008027026399637297	3.814945
-1.22e-06	-0.0036174305917641247	3.588520000000001
-1.21e-06	-0.000421576059412925	3.50063
-1.2e-06	0.002119268292416374	3.78235
-1.19e-06	0.002386551763827174	3.7445150000000003
-1.18e-06	-0.005264029633861113	3.724145
-1.17e-06	-0.0033633458682265443	-1.0535700000000001
-1.16e-06	-0.004198194840636865	3.790935
-1.15e-06	-0.004411031819400342	3.921175
-1.14e-06	-0.0013636682512650935	3.9735600000000004
-1.13e-06	0.0003423272566783738	3.9588650000000003
-1.12e-06	0.0016127493352833151	4.01664
-1.11e-06	-8.519119216066507e-07	4.27974
-1.1e-06	-0.0016969480346310985	4.179915
-1.09e-06	0.0027099320290986675	4.0629100000000005
-1.08e-06	-0.0013158213000606512	4.3426
-1.0700000000000001e-06	-0.0025581952245597216	4.3896049999999995
-1.06e-06	-0.0036718770257256946	4.617345
-1.0500000000000001e-06	-0.0006129643528723635	4.004560000000001
-1.04e-06	0.002079670719810611	3.982
-1.03e-06	-0.0010947349787240157	4.578355
-1.02e-06	0.0018734333542394781	4.6337850000000005
-1.01e-06	0.001157377158209428	4.350315
-1e-06	9.154254533623321e-05	4.61676
-9.9e-07	-0.002074774941077899	4.48972
-9.8e-07	-0.0032808508965456425	4.658530000000001
-9.7e-07	0.00261093803166204	4.58125
-9.6e-07	-0.0003671295079870515	4.981450000000001
-9.499999999999999e-07	0.0016572965710963164	4.43079
-9.399999999999999e-07	-0.0018503885877324212	4.948995
-9.3e-07	-0.003929261363390797	5.048240000000001
-9.200000000000001e-07	-0.0017579942958747409	5.234360000000001
-9.100000000000001e-07	-0.0025301468258684184	5.034275
-9.000000000000001e-07	-0.00041992605353136135	5.097430000000001
-8.900000000000001e-07	-0.0037840701331809815	4.861095000000001
-8.8e-07	-0.002101173222250646	5.025100000000001
-8.7e-07	0.0004050232628740948	5.25488
-8.6e-07	0.001040234410662643	5.27889
-8.5e-07	-0.0015864048368179294	5.3758
-8.4e-07	-0.0058117961665351825	5.35252
-8.3e-07	0.0047706555251015356	5.185325000000001
-8.2e-07	0.0016539967961973839	5.66873
-8.1e-07	-0.0011062841399951066	5.497025000000001
-8e-07	-0.001637551614502009	5.18619
-7.900000000000001e-07	-0.003958959411551594	5.3858500000000005
-7.8e-07	0.001152427577747664	5.31411
-7.7e-07	-0.002153969940541396	5.400690000000001
-7.6e-07	-0.0019625815769751523	5.4778199999999995
-7.5e-07	0.001069932588234631	5.455115
-7.4e-07	-0.0016474509311898086	5.273655
-7.3e-07	0.0010402344076695055	5.464570000000001
-7.2e-07	0.004184941505608927	5.462829999999999
-7.1e-07	-0.0003522802721300803	5.229265
-7e-07	0.0031735535128780395	5.17877
-6.9e-07	-0.003298999787722643	5.431685
-6.8e-07	0.0023931514038103455	5.445365
-6.699999999999999e-07	-0.000987491399870903	5.259825
-6.6e-07	0.0017727894791895954	4.75792
-6.5e-07	0.0015797513953142743	5.26812
-6.4e-07	0.00044462091645816756	5.135265
-6.3e-07	-0.0029591206276728746	4.961515
-6.2e-07	0.0009395906051174447	5.210635
-6.1e-07	0.0013388659795815277	4.925560000000001
-6e-07	0.0001674378771625738	4.912180000000001
-5.9e-07	-0.0025449959258564536	4.798525000000001
-5.8e-07	-0.0038451164518226604	4.686025000000001
-5.699999999999999e-07	-7.839725056273637e-05	4.621565
-5.599999999999999e-07	-0.003272601497933996	4.163905
-5.499999999999999e-07	-0.004463828775019505	4.10526
-5.4e-07	-0.00142966430419111	3.913465
-5.3e-07	-0.00121187757216446	3.5681450000000003
-5.2e-07	-0.0016375515620879035	3.4478050000000007
-5.1e-07	-0.00237175678694788	3.4498450000000003
-5e-07	-0.0003225820164496284	2.82993
-4.9e-07	-0.001852038348688066	2.4766025000000003
-4.8e-07	-0.0021160222255395085	2.7495990000000003
-4.6999999999999995e-07	-0.00247570022166781	1.5541525000000003
-4.6e-07	-0.0028304285641058444	1.7570070000000002
-4.5e-07	-0.0031818570005349234	1.3149185
-4.3999999999999997e-07	-0.0010039904186982022	1.2267325
-4.2999999999999996e-07	-0.003800569111100616	0.7844990000000001
-4.1999999999999995e-07	-0.0018586379300216894	1.0298450000000001
-4.0999999999999994e-07	-0.003190106493000921	0.4784695
-3.9999999999999993e-07	-0.003891313548962645	0.44558200000000003
-3.899999999999999e-07	-0.004873003563859239	0.014843450000000008
-3.799999999999999e-07	-0.0010897850546749167	0.35303070000000003
-3.699999999999999e-07	-0.0013125217540286434	0.013096749999999999
-3.599999999999999e-07	-0.001642501221048625	0.172732395
-3.499999999999999e-07	-0.0021457205012960965	0.13125900000000001
-3.400000000000001e-07	0.0033682416478510533	0.0552976
-3.3000000000000007e-07	-0.006692842434866527	-0.057917
-3.2000000000000006e-07	-0.003531635711085618	-0.18175475
-3.1000000000000005e-07	-0.0008521999223335402	0.13853495000000002
-3.0000000000000004e-07	-0.003922661783535465	0.32596500000000006
-2.9000000000000003e-07	-0.005249180712438543	-0.160072
-2.8e-07	0.0030151632483617534	0.02546595
-2.7e-07	-0.0008225016505953732	0.14129995
-2.6e-07	-0.00540097129388765	0.06912215000000001
-2.5e-07	-0.002942621736835756	-0.4289933
-2.4e-07	0.0005799126554183582	-0.06359240000000001
-2.3e-07	-0.004346685788423776	-0.1231101
-2.1999999999999998e-07	-0.003935860823272499	0.08076365
-2.0999999999999997e-07	0.002663734841282399	0.006839350000000008
-1.9999999999999996e-07	-0.00020543927335267044	0.13737100000000002
-1.8999999999999995e-07	-0.0026076922240871473	-0.048167159999999994
-1.7999999999999994e-07	0.0015847010398445604	0.0090223
-1.6999999999999993e-07	-0.001984030293123832	-0.03885387999999999
-1.5999999999999992e-07	-0.004265840655235824	-0.1139422
-1.4999999999999991e-07	-0.0010732861799906683	-0.04452911000000001
-1.399999999999999e-07	-0.0029211732262218928	0.18466475000000002
-1.299999999999999e-07	-0.005061092044548262	0.032014434999999994
-1.1999999999999988e-07	-0.003731273377955626	0.060390700000000005
-1.0999999999999987e-07	-0.003640529018219869	0.09138645000000001
-9.999999999999986e-08	-0.00014934271589348643	0.17171325000000004
-9.000000000000008e-08	-7.01475598614402e-05	0.0122237
-8.000000000000007e-08	0.002869972214557281	0.0970618
-7.000000000000006e-08	-0.0021655192913522915	-0.16531069000000004
-6.000000000000005e-08	-0.000538718955257558	0.06664825
-5.0000000000000044e-08	-0.0025548953926973626	0.0593723
-4.0000000000000034e-08	0.0008240977086298244	-0.033760830000000006
-3.0000000000000024e-08	0.00021528488494639301	-0.08774840000000002
-2.0000000000000017e-08	-0.004952198707444899	0.13795295000000002
-1.0000000000000008e-08	-0.005202983361814373	0.31999845
0.0	-0.0033649959470176483	-0.47061210000000003
1.0000000000000008e-08	-0.002937671970325866	-0.11568865
2.0000000000000017e-08	-0.0018124408692925314	0.06271916999999999
3.0000000000000024e-08	-0.0010402881702923248	0.03099605000000001
4.0000000000000034e-08	-0.0005684171064356939	0.16938495000000003
5.0000000000000044e-08	-0.0008950971429064862	0.02255555
6.000000000000005e-08	0.0005650635537993643	-0.0024738499999999997
7.000000000000006e-08	-0.0003687792115701661	-0.0034927000000000022
8.000000000000007e-08	-0.0038286176048232586	-0.084255885
9.000000000000008e-08	-0.0051501866763215744	-0.129658
1.0000000000000009e-07	-0.003939160741579497	0.07828990000000001
1.100000000000001e-07	0.000335727490688165	0.14857573500000001
1.200000000000001e-07	-0.002853527083718603	0.043801450000000006
1.300000000000001e-07	-5.1998829593105514e-05	0.18277285
1.4000000000000012e-07	-0.0046552169311520775	-0.28259984
1.5000000000000013e-07	-0.003492038149734069	-0.2546598
1.6000000000000014e-07	0.002624137245734879	-0.1299493
1.6999999999999993e-07	-0.002363507403347532	0.36467335
1.7999999999999994e-07	-0.000804352806895088	0.1829181
1.8999999999999995e-07	0.002391501587189294	-0.0308504
1.9999999999999996e-07	-0.0012646742933480801	0.1404266
2.0999999999999997e-07	-0.0004529240742482733	0.12223655000000001
2.1999999999999998e-07	-0.002718235423924232	0.10273708
2.3e-07	0.0007053049273507465	0.121217975
2.4e-07	0.0006013613613854378	0.021100414999999997
2.5e-07	-0.0041288990496843	0.09109552
2.6e-07	-0.004610669778770116	0.4725031
2.7e-07	-0.0027182355142415598	-0.0747974
2.8e-07	-0.0009445939440016081	-0.10040879999999999
2.9000000000000003e-07	0.002685183579608999	0.05471553
3.0000000000000004e-07	-0.0012366260703286572	-0.05748021500000001
3.1000000000000005e-07	-0.0001790409493574157	0.15148625
3.2000000000000006e-07	-0.0009627429791227223	0.15672495
3.3000000000000007e-07	-0.002538396391729526	-0.17797124500000003
3.400000000000001e-07	-0.0006624613024435013	0.21798883000000002
3.500000000000001e-07	0.0014263106741246767	0.1510498
3.600000000000001e-07	-0.0038368668660684084	0.09429695
3.700000000000001e-07	-0.0031901065616201183	0.01236922
3.800000000000001e-07	-0.00299046877922502	-0.058790095000000014
3.9000000000000013e-07	-0.002647289695769451	0.37747850000000005
4.0000000000000014e-07	0.0019328296530062203	0.26019025
4.1000000000000015e-07	-2.065053562769995e-05	0.1826278
4.1999999999999995e-07	0.0025003946898460895	0.359434
4.2999999999999996e-07	0.0025515417515805648	0.603326
4.3999999999999997e-07	0.001988926256834798	0.19688840000000002
4.5e-07	0.00020373557313543497	1.1720165
4.6e-07	-0.0016771491961780894	1.6103235
4.6999999999999995e-07	0.0010666328360038127	1.5810724999999999
4.8e-07	-0.0031422593840179673	1.8962685000000001
4.9e-07	-0.004404432181200629	2.0349540000000004
5e-07	-0.0011838294532444623	2.5374350000000003
5.100000000000002e-07	0.0003835746705370212	2.98156
5.2e-07	-0.0014098654820873188	3.4904450000000002
5.300000000000002e-07	-0.0012267266480373708	3.581825
5.4e-07	-0.006016383682232287	3.3696600000000005
5.499999999999998e-07	0.0006904558096023064	4.365600000000001
5.6e-07	-0.002587893367880195	4.4671650000000005
5.699999999999998e-07	-0.0023189597796726366	4.32965
5.800000000000001e-07	-0.00039022786990946823	4.996145
5.899999999999999e-07	-0.003417792618729842	4.989015
6.000000000000001e-07	0.0009709385421588124	5.14545
6.099999999999999e-07	0.0011920251445718868	4.8904950000000005
6.200000000000001e-07	-0.0006162640176326781	5.321090000000001
6.299999999999999e-07	-0.004224593220648208	4.843775
6.400000000000001e-07	-0.003191756424529746	5.255605
6.499999999999999e-07	0.004044700117432059	5.265355
6.600000000000001e-07	-0.004209744083634029	5.088115
6.699999999999999e-07	-0.0023288594535634858	5.22912
6.800000000000002e-07	-0.005641856624835657	5.617515000000001
6.9e-07	-0.0034870882671436117	5.226215
7.000000000000002e-07	0.0018239363704597412	5.46224
7.1e-07	-0.00046117374899710636	5.628570000000001
7.200000000000002e-07	-0.002025277738846477	5.314685
7.3e-07	-0.00039352766535671847	5.466465
7.400000000000002e-07	0.0022364109628078017	5.468355000000001
7.5e-07	0.0007812002527962885	5.03965
7.600000000000002e-07	-0.004642017710472748	4.82879
7.7e-07	-0.0029888188719611464	5.535730000000001
7.800000000000003e-07	-0.003937510706761629	5.437505
7.900000000000001e-07	-0.003091112684571729	5.377265
8.000000000000003e-07	0.0032230503366117	5.498045
8.100000000000001e-07	-0.005737550723341064	5.468355
8.199999999999999e-07	-0.0005073706645185832	5.414655000000001
8.300000000000001e-07	0.0032708976130510015	5.493240000000001
8.399999999999999e-07	-0.002744633823288957	5.532819999999999
8.500000000000001e-07	-0.002464150944991138	5.399380000000001
8.599999999999999e-07	0.00185528442955381	5.442160000000001
8.700000000000001e-07	-2.5017875156898347e-06	5.256340000000001
8.799999999999999e-07	0.0029953645338582427	5.001385
8.900000000000002e-07	-0.0032594022780689158	5.090730000000001
9e-07	-0.0049076514200422855	4.983045000000001
9.100000000000002e-07	0.004305384089054051	5.10863
9.2e-07	0.0021770146353599926	5.050420000000001
9.300000000000002e-07	0.0008884436575573788	5.159705
9.399999999999999e-07	-0.004039804449966183	4.92266
9.500000000000002e-07	-0.0015369077496079839	4.916105
9.6e-07	-0.000507370903893671	4.837675
9.700000000000002e-07	-0.0032759011699294294	4.78659
9.8e-07	-0.0002961839023489435	4.66202
9.900000000000003e-07	-0.004543023692984618	4.70931
1e-06	-0.0012151773291446044	4.615450000000001
1.0100000000000003e-06	-0.005066041731542722	4.65212
1.02e-06	-0.0018289400177440593	4.47808
1.0300000000000003e-06	-0.0035481347345787595	4.418125
1.04e-06	-0.0024196038131348496	4.374905000000001
1.0500000000000003e-06	-0.0017315957853517863	4.383205
1.06e-06	0.00107653222636412	4.1518250000000005
1.07e-06	-0.0007037087938699865	4.315390000000001
1.08e-06	-0.00401505602134575	4.24263
1.09e-06	0.0007844999701327544	4.118355
1.1e-06	-0.002411354291085533	4.005140000000001
1.11e-06	0.001002286738217629	4.22139
1.12e-06	0.0012910189276018132	4.04633
1.13e-06	-0.00506934155310238	4.24496
1.14e-06	0.0006855061996226292	3.85133
1.15e-06	0.0002746812266463637	3.9139050000000006
1.1600000000000001e-06	0.0015022060883890503	3.9825850000000003
1.17e-06	0.00040502336229411334	3.2795850000000004
1.1800000000000001e-06	0.0018734333550651857	3.6270800000000003
1.19e-06	-0.005564311279485215	4.229395
1.2000000000000002e-06	0.0032873966141968975	3.9061900000000005
1.21e-06	-0.0012069278326639272	3.4524600000000003
1.2200000000000002e-06	-0.004020005777733081	3.8440550000000004
1.23e-06	-0.0007284573155354631	3.49845
1.2400000000000002e-06	0.002249610224353173	3.732
1.25e-06	0.0015385035838828024	3.741895
1.2600000000000002e-06	-0.00069050959343076	3.43136
1.2700000000000001e-06	-0.002544996102239176	3.920885
1.2800000000000002e-06	-0.0018058413693060413	3.581245
1.29e-06	-0.0031653580189447772	3.5650950000000003
1.3000000000000003e-06	-0.005176585050677342	3.6235850000000003
1.31e-06	0.002389851690190394	3.62272
1.3199999999999999e-06	0.00011959080331228381	3.5157550000000004
1.33e-06	-0.0008225016178289623	3.212065
1.3399999999999999e-06	-0.0010386382470737722	3.30607
1.35e-06	-0.004722862697542594	3.5911450000000005
1.36e-06	0.0021093688859417994	3.5508300000000004
1.37e-06	-0.0017546943562500024	3.391195
1.38e-06	0.002068121409606937	3.045735
1.39e-06	-0.004996746014638396	3.354235
1.4e-06	0.003292346316408917	3.5042649999999997
1.41e-06	0.0012761699637913312	3.3472500000000003
1.42e-06	0.00040172300305733703	3.393815
1.43e-06	-0.004165196891582908	3.353505
1.44e-06	-0.0023998048473930483	3.248295
1.45e-06	-0.0022100665712085467	3.40618
1.46e-06	-9.819581574056692e-05	3.42845
1.4700000000000001e-06	-0.0037081747360659455	3.3327
1.48e-06	-0.001454412749061454	3.3206200000000003
1.4900000000000001e-06	-0.0013273706145107641	3.3344450000000005
1.5e-06	-0.0008241513391167263	3.3530700000000007
1.5e-06	-0.001411515376661813	3.49248
1.4900000000000001e-06	-0.002167169198704349	3.494225
1.48e-06	-0.0033022997727292424	3.7097350000000002
1.4700000000000001e-06	-0.002008778900591558	2.857285
1.46e-06	-0.0042955388637404245	3.441545
1.45e-06	0.00028458065672201226	3.61515
1.44e-06	0.002109368886733933	2.8703849999999997
1.43e-06	0.00048256839135806906	3.3912000000000004
1.42e-06	-0.0038682151142257135	3.037005
1.41e-06	-0.005303627215391508	2.85379
1.4e-06	-0.0007350569096163633	3.41055
1.39e-06	-0.0007400065058853092	2.93325
1.38e-06	-0.003084513014582296	3.3545300000000005
1.37e-06	0.001251421255829457	3.576005
1.36e-06	-0.0010188393632398177	3.2517899999999997
1.35e-06	-0.003991957519936904	3.475595
1.3399999999999999e-06	0.0018899322790952556	3.4185550000000005
1.33e-06	-0.0027380341506095763	4.044575
1.3199999999999999e-06	-1.2401064084092191e-05	4.269115
1.31e-06	-0.0032049556573041063	3.76489
1.3000000000000003e-06	-0.0018239901796814253	3.692565
1.29e-06	-0.0014527629806518334	3.53657
1.2800000000000002e-06	-0.002705036176419956	3.64469
1.2700000000000001e-06	-0.0019411330497773383	3.4524600000000003
1.2600000000000002e-06	-0.0057639491361371805	4.222845
1.25e-06	-0.002899724635575471	3.9916099999999997
1.2400000000000002e-06	-0.0018751369251252458	3.651235
1.23e-06	-4.539913399767212e-05	3.818295
1.2200000000000002e-06	0.0015088057343830693	3.8315399999999995
1.21e-06	0.0005964114934482598	3.84507
1.2000000000000002e-06	-1.5700830542146344e-05	3.83401
1.19e-06	-0.003160408266142633	3.8034499999999998
1.1800000000000001e-06	-0.0007301072130193873	3.8231
1.17e-06	-0.002573044375622814	3.8050550000000003
1.1600000000000001e-06	0.0007300533754744693	3.9415500000000003
1.15e-06	0.001093031169923444	3.97196
1.14e-06	-0.0012844731833166834	4.050400000000001
1.13e-06	-0.0011013345055332828	3.965995
1.12e-06	0.0029640163985734454	4.08038
1.11e-06	0.002584539683795815	3.9924850000000003
1.1e-06	-0.0021325213067252863	4.113705
1.09e-06	0.000586512091716481	4.19068
1.08e-06	-0.004194895027436555	4.223855
1.07e-06	-0.0035497845639647003	4.1138449999999995
1.06e-06	-0.0023387586615930614	4.4011000000000005
1.0500000000000003e-06	-0.0036174304260979877	4.33678
1.04e-06	-0.001861937844531722	4.237395
1.0300000000000003e-06	-0.002756183069707763	4.34042
1.02e-06	0.00029283011118760426	4.440825
1.0100000000000003e-06	-0.00391441216843434	4.329065000000001
1e-06	-0.003429341847783186	4.604105
9.900000000000003e-07	0.0007432526338445991	4.708585
9.8e-07	0.0011639768146115411	4.78615
9.700000000000002e-07	0.0008075986144198588	4.72954
9.6e-07	-0.004340086137033806	4.846255
9.500000000000002e-07	-0.0026984366808081015	4.77683
9.399999999999999e-07	-0.004513325543737711	4.851350000000001
9.300000000000002e-07	-0.0039771083498608166	4.92804
9.2e-07	-0.0021737688032193096	4.4204550000000005
9.100000000000002e-07	-0.0005882157546731659	5.132785
9e-07	-0.0009907911148867947	5.298100000000001
8.900000000000002e-07	-0.0025994427081778336	5.29039
8.799999999999999e-07	0.004826752092973993	5.07705
8.700000000000001e-07	-0.0012217771522204978	5.25328
8.599999999999999e-07	-0.002676987951601907	5.3135200000000005
8.500000000000001e-07	0.0028419239237465746	5.295185
8.399999999999999e-07	-3.7149758146480484e-05	5.171060000000001
8.300000000000001e-07	-0.0020483762927664224	5.403309999999999
8.199999999999999e-07	-0.0032148552200050246	5.352665000000001
8.100000000000001e-07	-0.0012316765561846271	5.63017
8.000000000000003e-07	-0.0026802878466100142	5.558430000000001
7.900000000000001e-07	-0.003191756393469052	5.367655000000001
7.800000000000003e-07	-0.0006327630380470368	5.385700000000001
7.7e-07	0.0012745200893241255	5.058725000000001
7.600000000000002e-07	0.00014103935732873467	5.214715
7.5e-07	-0.0009577933295324326	5.460355
7.400000000000002e-07	0.0008339970655766483	5.44362
7.3e-07	-0.0006723606214380002	5.36111
7.200000000000002e-07	0.0007036550541353337	5.41364
7.1e-07	6.349418384428342e-05	5.400685
7.000000000000002e-07	-0.001419764904547449	5.58739
6.9e-07	-0.002309060382897594	5.46719
6.800000000000002e-07	-0.0018487386567099845	5.351645000000001
6.699999999999999e-07	-0.003082863115715476	5.215730000000001
6.600000000000001e-07	0.001668845825199859	5.3487350000000005
6.499999999999999e-07	-0.000665761183720348	5.329235
6.400000000000001e-07	-0.0006162642201365182	5.330259999999999
6.299999999999999e-07	-0.004448979574093368	5.15782
6.200000000000001e-07	-0.0007004091494229217	5.24265
6.099999999999999e-07	0.0015335542120840998	5.158110000000001
6.000000000000001e-07	-0.0011508314671597234	4.9976
5.899999999999999e-07	-0.0031257604250810598	4.880020000000001
5.800000000000001e-07	-0.005072641341572501	5.578515
5.699999999999998e-07	-0.0004826222544782743	4.46251
5.6e-07	-0.0012828231922568942	5.372605
5.499999999999998e-07	-0.004481977500921488	4.323395
5.4e-07	-0.004988496478125489	4.516795
5.300000000000002e-07	-0.004981896866692285	3.8615150000000007
5.2e-07	-0.0019130847317756748	3.0687300000000004
5.100000000000002e-07	0.0002664317038834265	3.04282
5e-07	0.0028039761591182027	2.478355
4.9e-07	-0.0006129642361948112	2.348695
4.8e-07	-0.0008884976906965488	1.5256280000000002
4.6999999999999995e-07	-0.0004034270568445911	1.4246405000000002
4.6e-07	-0.0050379935598258065	1.1747830000000001
4.5e-07	-0.000494171628387023	0.8674445000000001
4.3999999999999997e-07	-0.0013455193539708738	0.7603415
4.2999999999999996e-07	0.00280562610078527	0.4968045
4.1999999999999995e-07	-0.002068175125102146	0.28842064999999995
4.1000000000000015e-07	0.0013603146534676668	0.37093057500000004
4.0000000000000014e-07	-0.004514975549871707	0.14610212
3.9000000000000013e-07	7.174375385274453e-05	-0.6603701000000001
3.800000000000001e-07	0.0011260289332298992	0.061846025000000006
3.700000000000001e-07	-0.0039507101248395515	-0.17462385
3.600000000000001e-07	-0.004447329565119404	-0.041618749999999996
3.500000000000001e-07	-0.0012712739310875455	0.5429344
3.400000000000001e-07	0.0018239361033028834	0.1123411
3.3000000000000007e-07	0.0003175786249100922	-0.10652130000000003
3.2000000000000006e-07	-0.0009594430486148996	0.08105469999999998
3.1000000000000005e-07	-5.801503517284664e-06	0.22890255
3.0000000000000004e-07	0.0008207976587483345	-0.03652548
2.9000000000000003e-07	-0.002754533267881552	0.09560647
2.8e-07	0.0009808379438931358	0.11234145
2.7e-07	-0.0037197243005581467	0.0830919
2.6e-07	0.0013058681714510027	-0.34604650000000003
2.5e-07	0.0006442586555626164	0.16298235000000003
2.4e-07	-0.0007911534132402853	0.42259040000000003
2.3e-07	-0.001282823176540335	0.4268099
2.1999999999999998e-07	-0.004699764115159122	0.19732545
2.0999999999999997e-07	-0.004307088108973309	0.17695227500000002
1.9999999999999996e-07	-0.003140609639691436	-0.012369450000000004
1.8999999999999995e-07	-0.004013406097592075	-0.046129844999999996
1.7999999999999994e-07	6.019447917907268e-05	-0.23792485000000002
1.6999999999999993e-07	-0.00038527830329133255	0.006548450000000004
1.6000000000000014e-07	-0.0004826222180585402	-0.25378660000000003
1.5000000000000013e-07	-0.0015996038812411562	0.16865800000000003
1.4000000000000012e-07	-7.839713508186108e-05	0.0280853
1.300000000000001e-07	-0.0008670487327779722	-0.02604815
1.200000000000001e-07	-0.003092762503400005	0.07159592
1.100000000000001e-07	-0.0021308713516143543	-0.05951756000000001
1.0000000000000009e-07	-0.0011689806199075997	0.38199025000000003
9.000000000000008e-08	-0.0004875721409234113	-0.10157285
8.000000000000007e-08	-0.0023569075637867045	0.08847590000000001
7.000000000000006e-08	-0.0018421390546782975	-0.16254570000000002
6.000000000000005e-08	-0.0020599257062699967	-0.38286335000000005
5.0000000000000044e-08	0.0006789065185968084	-0.12223696
4.0000000000000034e-08	-0.0025284971052738775	-0.04627534999999999
3.0000000000000024e-08	0.0021308175964479645	-0.09749835000000001
2.0000000000000017e-08	-0.003937510842157642	0.0771254
1.0000000000000008e-08	-0.0015897044364049265	0.045111215
0.0	0.0007234539027335391	-0.015134110000000003
-1.0000000000000008e-08	-0.0024592012737430775	0.01760784
-2.0000000000000017e-08	-0.003419442486092668	0.235451
-3.0000000000000024e-08	-0.004516625382229815	-0.04176425
-4.0000000000000034e-08	0.000413272776125699	0.101573
-5.0000000000000044e-08	-0.00041992607733979916	-0.15483295000000002
-6.000000000000005e-08	0.0019542783713511038	0.16734750000000004
-7.000000000000006e-08	-0.0014989601097470714	0.041327755
-8.000000000000007e-08	-0.0005090206845400958	-0.06970401
-9.000000000000008e-08	0.002234761214564148	0.029103900000000005
-9.999999999999986e-08	0.001348765464975306	0.21231360000000002
-1.0999999999999987e-07	-0.0015616563168673388	0.11350549999999998
-1.1999999999999988e-07	-0.0025796438514535604	0.18350111500000002
-1.299999999999999e-07	-0.0019048352759673663	-0.0922597
-1.399999999999999e-07	-0.0021803683686283572	-0.05849905
-1.4999999999999991e-07	-0.004006806533657446	0.12325552000000001
-1.5999999999999992e-07	-0.0025482958078361685	0.203146
-1.6999999999999993e-07	0.004991741970628566	0.07319655
-1.7999999999999994e-07	0.0023964511804756184	0.016443749999999997
-1.8999999999999995e-07	-0.002784231276948531	0.14275515500000002
-1.9999999999999996e-07	0.001200274509642668	0.41953395000000004
-2.0999999999999997e-07	-8.169682536883309e-05	0.10899455
-2.1999999999999998e-07	0.0008405965229196428	0.39537750000000005
-2.3e-07	-0.0019939296534082877	-0.793811
-2.4e-07	-0.003148859095182109	-0.03390590000000001
-2.5e-07	-0.0045100257093499685	0.1252927795
-2.6e-07	-0.002046726620098669	0.0114961
-2.7e-07	-0.004496826580292902	-0.02444732
-2.8e-07	-0.0012217772083618222	-0.04540225000000003
-2.9000000000000003e-07	0.0015698519166023597	-0.03361537500000001
-3.0000000000000004e-07	-0.00019059022643753021	-0.25844305
-3.1000000000000005e-07	0.0016110994616836006	0.3037
-3.2000000000000006e-07	8.494294273746238e-05	-0.14901242
-3.3000000000000007e-07	-0.002054975965363863	-0.24971265000000004
-3.400000000000001e-07	0.002386551890187633	0.23297764999999998
-3.499999999999999e-07	-0.0014643120768735572	-0.29496865
-3.599999999999999e-07	-0.0019427827825949755	0.11044985000000002
-3.699999999999999e-07	-0.0021407707382083314	0.057625959500000004
-3.799999999999999e-07	-0.0006393627645887897	0.29016679
-3.899999999999999e-07	-0.0020401268885208777	0.41836999999999996
-3.9999999999999993e-07	-0.006359562776880221	0.6293738000000001
-4.0999999999999994e-07	-0.00037042930458159457	0.8753035
-4.1999999999999995e-07	2.8846457259484306e-05	0.0759611
-4.2999999999999996e-07	-0.0006327632049572346	0.575095
-4.3999999999999997e-07	-0.0006228637575077361	0.852747
-4.5e-07	-0.003751072217239546	1.2586020000000002
-4.6e-07	-0.0023189597617595055	1.44516
-4.6999999999999995e-07	0.003652024202337332	1.9290125000000002
-4.8e-07	0.002556491335141909	2.0425195
-4.9e-07	-0.0034524404721152594	2.3479600000000005
-5e-07	-0.0011128836803627798	2.8791200000000003
-5.1e-07	-0.0013867670473840439	3.020565
-5.2e-07	-0.002667088732908711	3.294715
-5.3e-07	-0.003805518816975807	3.62053
-5.4e-07	-0.0016243523727233894	3.63727
-5.499999999999999e-07	-0.0040200058746940985	4.193735
-5.599999999999999e-07	0.0021704151534910985	4.290940000000001
-5.699999999999999e-07	-0.0015880546706961037	4.369375
-5.8e-07	-0.002705036096053259	4.704365
-5.9e-07	0.0035662294383119707	4.9191650000000005
-6e-07	-0.0008307508640418895	5.265645
-6.1e-07	-0.00023513746523244595	5.35281
-6.2e-07	-0.004475377859275438	5.0076350000000005
-6.3e-07	0.00021363507815924215	5.791115
-6.4e-07	0.0008240973626550557	5.673105000000001
-6.5e-07	-0.002752883180438405	4.67745
-6.6e-07	-0.0055725608795042505	5.01753
-6.699999999999999e-07	-0.003204955647271752	5.718065
-6.8e-07	-0.00423284275702133	5.650985
-6.9e-07	-0.0011178334450969315	6.01696
-7e-07	-0.0018454388116877238	5.372605
-7.1e-07	-0.0007994028018324419	5.42019
-7.2e-07	-0.0034887382289874496	5.43008
-7.3e-07	-0.0015204089326580135	5.617660000000001
-7.4e-07	0.0018998316996582077	5.493970000000001
-7.5e-07	-0.0011623807467938739	5.4469650000000005
-7.6e-07	0.0027990265726349065	5.53427
-7.7e-07	0.00022683427573382496	5.41436
-7.8e-07	0.0015533529718169208	5.4900400000000005
-7.900000000000001e-07	-0.0044621786553766685	5.535295
-8e-07	-8.829647064922941e-05	5.410005
-8.1e-07	0.0009296912119899198	4.598865
-8.2e-07	-0.0008934471912103345	4.855275000000001
-8.3e-07	-0.0030399656323008535	5.26593
-8.4e-07	0.000690455844610459	5.205545
-8.5e-07	-0.0002334874953320314	4.80609
-8.6e-07	0.0012233731401081831	5.23829
-8.7e-07	-0.002853527090875544	5.1483550000000005
-8.8e-07	-0.002916223389550403	5.462685
-8.900000000000001e-07	-0.0006723608201612778	4.817870000000001
-9.000000000000001e-07	0.0003439767531173885	5.63919
-9.100000000000001e-07	-0.00039022801638739996	4.78557
-9.200000000000001e-07	-0.0018652376589041262	5.3686799999999995
-9.3e-07	3.37959062900868e-05	4.9040300000000006
-9.399999999999999e-07	0.002021924217479202	5.04358
-9.499999999999999e-07	-0.0029393221252837927	5.09494
-9.6e-07	0.0014180612719344081	5.208605
-9.7e-07	-0.0012679741888080034	4.811765
-9.8e-07	-0.0037906697336107095	4.772615
-9.9e-07	-0.0007812539828069636	4.74671
-1e-06	0.0011804758102944772	4.63407
-1.01e-06	0.0010039366864481205	4.545020000000001
-1.02e-06	0.002094519709981668	4.575435000000001
-1.03e-06	-0.0037032253498276322	4.759225
-1.04e-06	-0.000505720865223926	4.332269999999999
-1.0500000000000001e-06	-0.0026439899156796504	4.476190000000001
-1.06e-06	0.0019724272625090775	4.24365
-1.0700000000000001e-06	0.002167115360138575	4.1366950000000005
-1.08e-06	-0.00385336588735807	4.038755
-1.09e-06	-0.00015594223345833812	4.124180000000001
-1.1e-06	-0.0037890198044173745	4.273625
-1.11e-06	-0.003467289608775269	4.00529
-1.12e-06	-0.0025053984675023756	4.028565
-1.13e-06	0.0007284031946758489	4.02566
-1.14e-06	-0.003765921285247489	3.9924850000000003
-1.15e-06	0.0006079609178524664	4.092165
-1.16e-06	0.0013421659384900478	3.894985
-1.17e-06	-0.00195928191962942	3.472545
-1.18e-06	-0.001333970147088923	3.7157100000000005
-1.19e-06	0.00022353438341886117	3.9747250000000003
-1.2e-06	0.002353553882985669	4.03992
-1.21e-06	-0.001461012375278987	3.9189950000000002
-1.22e-06	-0.0050313938518360985	3.545305
-1.23e-06	-0.0007466063870063156	3.6203900000000004
-1.24e-06	-0.0019955797062520004	3.84012
-1.25e-06	-0.001896585626664807	3.5367200000000003
-1.26e-06	-0.0036537281114505165	3.393085
-1.2700000000000001e-06	-0.004457229066433063	3.59754
-1.28e-06	-0.004028255201962174	3.51998
-1.29e-06	0.0013421658133031384	3.609765
-1.3e-06	-0.00030773306584864807	3.69286
-1.31e-06	0.0005353654162833121	3.3683500000000004
-1.32e-06	-0.003739522839997003	3.3690800000000003
-1.33e-06	-0.00031103289170953253	3.4776350000000003
-1.34e-06	0.001592950503766941	3.547485
-1.35e-06	-0.004203144576831609	3.4508600000000005
-1.36e-06	-0.0013521190646928897	3.544865
-1.37e-06	-0.0004001273830812021	3.53846
-1.38e-06	-0.0030779133428218254	3.427135
-1.3899999999999998e-06	-0.00020543950447061282	3.25077
-1.4e-06	0.0009676387962861874	3.4269950000000002
-1.4099999999999998e-06	0.0018849825903373926	3.3872700000000004
-1.42e-06	-7.839715162857755e-05	3.404585
-1.4299999999999999e-06	-0.0031307103009533413	3.3926550000000004
-1.44e-06	-0.0016095032404265205	3.3149450000000003
-1.4499999999999999e-06	-0.004211393979706489	3.370965
-1.46e-06	0.0008257474968574913	3.3332750000000004
-1.47e-06	-0.0026786378589427756	3.47327
-1.48e-06	-8.499687662112687e-05	3.1084500000000004
-1.49e-06	-0.0005981151516892909	3.265615
-1.5e-06	-0.0017315959227332046	3.2481500000000003
