Started: March 19, 2024 13:47:38
Initial Temperature (K)	0.0199167
Resistor	1000000.0	Excitation Current (A)	5e-08
Current (A)	Measured Current (A)	Resistance (Ohms)
-1.5e-06	4.7148477500000003e-11	2.681061
-1.49e-06	4.42766275e-11	3.304465
-1.48e-06	4.4578930000000005e-11	3.35569
-1.47e-06	4.57755325e-11	3.2660549999999997
-1.46e-06	4.44907575e-11	3.4424200000000003
-1.4499999999999999e-06	4.568736e-11	3.34172
-1.44e-06	4.3684627500000004e-11	3.3749000000000002
-1.4299999999999999e-06	4.52213175e-11	3.413895
-1.42e-06	4.4994590000000004e-11	3.4796700000000005
-1.4099999999999998e-06	4.5145740000000003e-11	3.5087800000000007
-1.4e-06	4.3810585000000003e-11	3.4290350000000003
-1.3899999999999998e-06	4.4314417499999994e-11	3.5285600000000006
-1.38e-06	4.46419075e-11	3.48142
-1.37e-06	4.5586595e-11	3.4674450000000006
-1.36e-06	4.56369775e-11	3.4831650000000005
-1.35e-06	4.4062499999999996e-11	3.4953950000000003
-1.34e-06	4.5788125e-11	3.46861
-1.33e-06	4.4793055e-11	3.5384599999999997
-1.32e-06	4.5523615e-11	3.56116
-1.31e-06	4.42010525e-11	3.52216
-1.3e-06	4.4175862499999996e-11	3.53846
-1.29e-06	4.4843440000000005e-11	3.65022
-1.28e-06	4.65816675e-11	3.746845
-1.2700000000000001e-06	4.4944207500000004e-11	3.607145
-1.26e-06	4.41002925e-11	3.5710600000000006
-1.25e-06	4.544804e-11	3.754415
-1.24e-06	4.500719e-11	3.7648900000000003
-1.23e-06	4.42766275e-11	3.69388
-1.22e-06	4.55865975e-11	3.8114600000000003
-1.21e-06	4.425144e-11	3.830665
-1.2e-06	4.4931612500000004e-11	3.8685
-1.19e-06	4.6103022500000004e-11	3.826005
-1.18e-06	4.568736e-11	3.8335750000000006
-1.17e-06	4.56369775e-11	3.8458000000000006
-1.16e-06	4.52717e-11	3.942425
-1.15e-06	4.4805652500000006e-11	3.9552300000000002
-1.14e-06	4.394914e-11	3.962215000000001
-1.13e-06	4.6342345e-11	3.9831649999999996
-1.12e-06	4.5284294999999996e-11	3.99423
-1.11e-06	4.51961225e-11	4.14906
-1.1e-06	4.52968875e-11	4.190385
-1.09e-06	4.553621e-11	4.209015000000001
-1.08e-06	4.6153405000000005e-11	4.237535
-1.0700000000000001e-06	4.36594325e-11	4.36501
-1.06e-06	4.4704885e-11	4.24394
-1.0500000000000001e-06	4.5385059999999996e-11	4.56001
-1.04e-06	4.4679695000000006e-11	4.42962
-1.03e-06	4.48434375e-11	4.470364999999999
-1.02e-06	4.54480425e-11	4.668865
-1.01e-06	4.5044975e-11	4.4756100000000005
-1e-06	4.6002255e-11	4.607150000000001
-9.9e-07	4.5007185e-11	4.69796
-9.8e-07	4.50197825e-11	4.571070000000001
-9.7e-07	4.5095355e-11	4.543705000000001
-9.6e-07	4.486863e-11	4.808565
-9.499999999999999e-07	4.4667100000000005e-11	4.77422
-9.399999999999999e-07	4.336973e-11	4.78819
-9.3e-07	4.512055e-11	4.86328
-9.200000000000001e-07	4.31681975e-11	4.832425000000001
-9.100000000000001e-07	4.507017e-11	4.768400000000001
-9.000000000000001e-07	4.3735015e-11	4.9773700000000005
-8.900000000000001e-07	4.51457375e-11	4.851640000000001
-8.8e-07	4.6455705e-11	4.94303
-8.7e-07	4.5309485e-11	4.9872700000000005
-8.6e-07	4.639273e-11	5.054790000000001
-8.5e-07	4.4553734999999995e-11	4.96166
-8.4e-07	4.5347275e-11	5.119985000000001
-8.3e-07	4.46041225e-11	5.14501
-8.2e-07	4.6720217499999994e-11	4.950010000000001
-8.1e-07	4.4830847499999997e-11	5.115325
-8e-07	4.4339610000000006e-11	5.129295
-7.900000000000001e-07	4.5762939999999996e-11	5.125225
-7.8e-07	4.4717485000000004e-11	5.145015000000001
-7.7e-07	4.57503425e-11	5.13919
-7.6e-07	4.518353e-11	5.0943700000000005
-7.5e-07	4.50701675e-11	5.02918
-7.4e-07	4.668243e-11	5.1432649999999995
-7.3e-07	4.3936542499999997e-11	4.858625000000001
-7.2e-07	4.60274475e-11	5.004730000000001
-7.1e-07	4.39239475e-11	4.914505
-7e-07	4.46545025e-11	4.80216
-6.9e-07	4.39365425e-11	4.815545
-6.8e-07	4.4112882499999997e-11	4.8504700000000005
-6.699999999999999e-07	4.51331475e-11	4.751530000000001
-6.6e-07	4.3646835e-11	4.892390000000001
-6.5e-07	4.484344e-11	4.689235
-6.4e-07	4.481825e-11	4.5640849999999995
-6.3e-07	4.56621675e-11	4.76258
-6.2e-07	4.35586675e-11	4.559425
-6.1e-07	4.46167125e-11	4.305055
-6e-07	4.5196125e-11	4.3888750000000005
-5.9e-07	4.462931e-11	4.445915
-5.8e-07	4.57377475e-11	4.32601
-5.699999999999999e-07	4.49316175e-11	4.50471
-5.599999999999999e-07	4.41884625e-11	4.124615
-5.499999999999999e-07	4.4956805e-11	3.650225
-5.4e-07	4.53724675e-11	3.94417
-5.3e-07	4.548583e-11	3.6315950000000004
-5.2e-07	4.4314414999999996e-11	3.394685
-5.1e-07	4.5485827499999995e-11	3.126935
-5e-07	4.5725145e-11	3.0378750000000005
-4.9e-07	4.450335e-11	3.026815
-4.8e-07	4.478046e-11	2.6746550000000004
-4.6999999999999995e-07	4.299185e-11	2.443575
-4.6e-07	4.3483095e-11	2.5413650000000003
-4.5e-07	4.44025825e-11	2.0273855000000003
-4.3999999999999997e-07	4.55614025e-11	1.8283105000000002
-4.2999999999999996e-07	4.4503355e-11	1.7776715
-4.1999999999999995e-07	4.38861575e-11	1.4092170000000002
-4.0999999999999994e-07	4.4213645e-11	1.437735
-3.9999999999999993e-07	4.58762975e-11	1.044251
-3.899999999999999e-07	4.4490755e-11	0.508156
-3.799999999999999e-07	4.33949225e-11	0.8626425000000002
-3.699999999999999e-07	4.5057565e-11	0.4837087
-3.599999999999999e-07	4.4856035e-11	0.41851550000000004
-3.499999999999999e-07	4.4163265e-11	0.3946499
-3.400000000000001e-07	4.38483725e-11	0.2444734
-3.3000000000000007e-07	4.5876294999999995e-11	0.21886175
-3.2000000000000006e-07	4.52339075e-11	0.06693915
-3.1000000000000005e-07	4.306742499999999e-11	0.16705675
-3.0000000000000004e-07	4.5951869999999994e-11	0.12805750000000002
-2.9000000000000003e-07	4.51079525e-11	0.087894
-2.8e-07	4.4931605e-11	0.041327745000000006
-2.7e-07	4.59518725e-11	0.04307395
-2.6e-07	4.34830925e-11	0.0069849950000000025
-2.5e-07	4.544804e-11	-0.08149118000000001
-2.4e-07	4.4604117499999995e-11	-0.044238050000000015
-2.3e-07	4.381058e-11	0.06810332000000001
-2.1999999999999998e-07	4.5762935e-11	0.1187441
-2.0999999999999997e-07	4.55236125e-11	0.04365601
-1.9999999999999996e-07	4.69091525e-11	0.06111835
-1.8999999999999995e-07	4.55110125e-11	-0.08381960000000001
-1.7999999999999994e-07	4.64179125e-11	-0.16763905
-1.6999999999999993e-07	4.46670975e-11	-0.07916290000000001
-1.5999999999999992e-07	4.44907525e-11	0.0762525
-1.4999999999999991e-07	4.4100285000000004e-11	-0.1006996
-1.399999999999999e-07	4.53850575e-11	-0.18393725
-1.299999999999999e-07	4.5473225e-11	0.07392389
-1.1999999999999988e-07	4.444037e-11	-0.020372805000000004
-1.0999999999999987e-07	4.54228475e-11	-0.013387850000000001
-9.999999999999986e-08	4.48182475e-11	-0.013969975000000003
-9.000000000000008e-08	4.5448037500000003e-11	0.07683450000000001
-8.000000000000007e-08	4.4994590000000004e-11	0.04365597500000001
-7.000000000000006e-08	4.3609045e-11	-0.044820109999999996
-6.000000000000005e-08	4.5498420000000004e-11	-0.05238715000000001
-5.0000000000000044e-08	4.28029125e-11	-0.01164165
-4.0000000000000034e-08	4.3558662499999996e-11	-0.132132175
-3.0000000000000024e-08	4.6115617500000005e-11	0.08731205
-2.0000000000000017e-08	4.3117810000000004e-11	-0.01804447
-1.0000000000000008e-08	4.467969e-11	-0.1315501
0.0	4.54480375e-11	-0.055879700000000004
1.0000000000000008e-08	4.5032375e-11	-0.03783525
2.0000000000000017e-08	4.5863702500000005e-11	-0.03201443500000001
3.0000000000000024e-08	4.3659427500000003e-11	0.043656049999999995
4.0000000000000034e-08	4.517093e-11	0.09313310000000001
5.0000000000000044e-08	4.338232e-11	0.22992125
6.000000000000005e-08	4.5007179999999996e-11	0.041327619999999995
7.000000000000006e-08	4.5863695000000004e-11	0.014552000000000002
8.000000000000007e-08	4.454114e-11	0.12456525
9.000000000000008e-08	4.5271692499999994e-11	-0.090804355
1.0000000000000009e-07	4.4213649999999995e-11	-0.0424918
1.100000000000001e-07	4.39365375e-11	0.01629825
1.200000000000001e-07	4.34201125e-11	0.0768346
1.300000000000001e-07	4.381058e-11	-0.092550675
1.4000000000000012e-07	4.4641902500000003e-11	0.08672974000000001
1.5000000000000013e-07	4.53976575e-11	-0.08789405
1.6000000000000014e-07	4.3697212500000005e-11	-0.055297550000000015
1.6999999999999993e-07	4.38231725e-11	0.1635643
1.7999999999999994e-07	4.4541137499999996e-11	0.02328315
1.8999999999999995e-07	4.469229e-11	0.0197907
1.9999999999999996e-07	4.4503352499999995e-11	-0.10128219999999999
2.0999999999999997e-07	4.597706e-11	-0.0576259
2.1999999999999998e-07	4.567476e-11	-0.0483126
2.3e-07	4.528428999999999e-11	-0.08090905000000001
2.4e-07	4.55488e-11	-0.08847635
2.5e-07	4.3886152499999995e-11	-0.028521875000000002
2.6e-07	4.3911345e-11	-0.054133375
2.7e-07	4.5183527500000003e-11	0.0162983
2.8e-07	4.3823172499999996e-11	0.14726625000000002
2.9000000000000003e-07	4.369722e-11	-0.02037285
3.0000000000000004e-07	4.4755265e-11	-0.0890582
3.1000000000000005e-07	4.52842925e-11	-0.0232833
3.2000000000000006e-07	4.4163265e-11	0.06228244999999999
3.3000000000000007e-07	4.4818244999999995e-11	0.22410075000000002
3.400000000000001e-07	4.58133175e-11	0.12631130000000002
3.500000000000001e-07	4.4301815000000006e-11	0.11583375000000001
3.600000000000001e-07	4.3659427500000003e-11	0.2863838
3.700000000000001e-07	4.5573994999999997e-11	0.30733800000000006
3.800000000000001e-07	4.41506675e-11	0.33469600000000005
3.9000000000000013e-07	4.3470495e-11	0.402217
4.0000000000000014e-07	4.384835999999999e-11	0.37136650000000004
4.1000000000000015e-07	4.4364792500000006e-11	0.761943
4.1999999999999995e-07	4.51457375e-11	1.1286530000000001
4.2999999999999996e-07	4.455373e-11	1.2619485
4.3999999999999997e-07	4.513314e-11	1.503513
4.5e-07	4.417586e-11	1.8702200000000002
4.6e-07	4.513314e-11	2.1304100000000004
4.6999999999999995e-07	4.5385055e-11	2.20608
4.8e-07	4.4364797499999996e-11	2.5110949999999996
4.9e-07	4.34956875e-11	2.866165
5e-07	4.5989664999999995e-11	2.991305
5.100000000000002e-07	4.4893819999999995e-11	3.224145
5.2e-07	4.530948e-11	3.6368350000000005
5.300000000000002e-07	4.4856029999999997e-11	3.72123
5.4e-07	4.4301819999999996e-11	4.033225
5.499999999999998e-07	4.4893825e-11	3.9505750000000006
5.6e-07	4.43018175e-11	4.30156
5.699999999999998e-07	4.62415725e-11	4.330665000000001
5.800000000000001e-07	4.36972175e-11	4.4016850000000005
5.899999999999999e-07	4.4566327500000004e-11	4.4657100000000005
6.000000000000001e-07	4.36216375e-11	4.5961
6.099999999999999e-07	4.4604117499999995e-11	4.698545
6.200000000000001e-07	4.5851100000000004e-11	4.7131
6.299999999999999e-07	4.5347265e-11	4.79518
6.400000000000001e-07	4.5762930000000004e-11	4.760835
6.499999999999999e-07	4.3911344999999995e-11	4.8691
6.600000000000001e-07	4.4578922500000004e-11	4.972715000000001
6.699999999999999e-07	4.35082825e-11	4.908685
6.800000000000002e-07	4.5536205e-11	4.976790000000001
6.9e-07	4.5901485e-11	4.958740000000001
7.000000000000002e-07	4.5712547500000003e-11	5.153740000000001
7.1e-07	4.3457895e-11	4.992505
7.200000000000002e-07	4.40499e-11	5.12173
7.3e-07	4.5473225e-11	5.028015000000001
7.400000000000002e-07	4.3457895e-11	5.07516
7.5e-07	4.4465562500000003e-11	4.904615000000001
7.600000000000002e-07	4.55613975e-11	5.0868
7.7e-07	4.46041175e-11	5.340590000000001
7.800000000000003e-07	4.4264030000000004e-11	5.178190000000001
7.900000000000001e-07	4.3495685e-11	5.437215
8.000000000000003e-07	4.58636975e-11	5.1467600000000004
8.100000000000001e-07	4.392394e-11	5.135115000000001
8.199999999999999e-07	4.2853294999999995e-11	5.008805000000001
8.300000000000001e-07	4.46419075e-11	5.126965
8.399999999999999e-07	4.4667100000000005e-11	5.126385
8.500000000000001e-07	4.6443105e-11	5.062940000000001
8.599999999999999e-07	4.4830842500000007e-11	5.0239400000000005
8.700000000000001e-07	4.438999e-11	5.062355
8.799999999999999e-07	4.57755275e-11	5.06119
8.900000000000002e-07	4.629196e-11	4.865025000000001
9e-07	4.41002825e-11	4.920325
9.100000000000002e-07	4.544804e-11	4.89064
9.2e-07	4.423884e-11	4.706695
9.300000000000002e-07	4.45285425e-11	4.9244
9.399999999999999e-07	4.4188455000000004e-11	4.846405000000001
9.500000000000002e-07	4.32563575e-11	4.687485000000001
9.6e-07	4.4793055e-11	4.734645
9.700000000000002e-07	4.263917e-11	4.80391
9.8e-07	4.40247075e-11	4.56583
9.900000000000003e-07	4.40876875e-11	4.603655000000001
1e-06	4.4503349999999997e-11	4.571065
1.0100000000000003e-06	4.51079525e-11	4.555345
1.02e-06	4.528428750000001e-11	4.5699
1.0300000000000003e-06	4.42010475e-11	4.5198350000000005
1.04e-06	4.45663225e-11	4.496560000000001
1.0500000000000003e-06	4.5825904999999993e-11	4.381895
1.06e-06	4.47552625e-11	4.392955000000001
1.07e-06	4.45789275e-11	4.313790000000001
1.08e-06	4.5385055e-11	4.15954
1.09e-06	4.357126e-11	4.454644999999999
1.1e-06	4.510795e-11	4.152550000000001
1.11e-06	4.3835775000000004e-11	4.10657
1.12e-06	4.3911347500000006e-11	4.0454550000000005
1.13e-06	4.4427775e-11	4.165935
1.14e-06	4.5271695000000005e-11	3.9930650000000005
1.15e-06	4.5687355000000004e-11	4.007035
1.1600000000000001e-06	4.5813312500000004e-11	3.8108750000000002
1.17e-06	4.407509e-11	3.8516150000000002
1.1800000000000001e-06	4.5460632500000004e-11	3.8912000000000004
1.19e-06	4.4389987500000004e-11	3.7951550000000003
1.2000000000000002e-06	4.34327e-11	3.83067
1.21e-06	4.58133175e-11	3.8498750000000004
1.2200000000000002e-06	4.4956795000000004e-11	3.7619800000000003
1.23e-06	4.4843435e-11	3.79458
1.2400000000000002e-06	4.597706e-11	3.51867
1.25e-06	4.44025825e-11	3.70493
1.2600000000000002e-06	4.4956795e-11	3.8225150000000006
1.2700000000000001e-06	4.5019777499999994e-11	3.808545
1.2800000000000002e-06	4.40624925e-11	3.705515
1.29e-06	4.4226235e-11	3.5995800000000004
1.3000000000000003e-06	4.56747625e-11	3.53322
1.31e-06	4.4767859999999997e-11	3.6397450000000005
1.3199999999999999e-06	4.50071825e-11	3.39469
1.33e-06	4.4289220000000005e-11	3.643815
1.3399999999999999e-06	4.484344e-11	3.55534
1.35e-06	4.4075092500000005e-11	3.49364
1.36e-06	4.422624e-11	3.59434
1.37e-06	4.5145734999999994e-11	3.3923650000000003
1.38e-06	4.5070159999999995e-11	3.391195
1.39e-06	4.403730250000001e-11	3.4494050000000005
1.4e-06	4.49316075e-11	3.4604600000000003
1.41e-06	4.60022525e-11	3.27653
1.42e-06	4.4667095e-11	3.502955
1.43e-06	4.44277725e-11	3.40633
1.44e-06	4.632974e-11	3.351035
1.45e-06	4.41884525e-11	3.4138950000000006
1.46e-06	4.38609625e-11	3.3382300000000003
1.4700000000000001e-06	4.50449725e-11	3.339975
1.48e-06	4.347049e-11	3.281765
1.4900000000000001e-06	4.396173e-11	3.3033
1.5e-06	4.428922e-11	3.410985
1.5e-06	4.4213647500000004e-11	3.34521
1.4900000000000001e-06	4.46922875e-11	3.287585
1.48e-06	4.5599185000000004e-11	3.3993450000000003
1.4700000000000001e-06	4.3911347500000006e-11	3.3359
1.46e-06	4.44151775e-11	3.412735
1.45e-06	4.42766225e-11	3.3871200000000004
1.44e-06	4.55991875e-11	3.39644
1.43e-06	4.381058e-11	3.304465
1.42e-06	4.534727e-11	3.4622100000000002
1.41e-06	4.5120545000000006e-11	3.401675
1.4e-06	4.5170925e-11	3.44358
1.39e-06	4.38231725e-11	3.4523150000000005
1.38e-06	4.4528545e-11	3.433685
1.37e-06	4.50953525e-11	3.4796750000000003
1.36e-06	4.7198855e-11	3.3807150000000004
1.35e-06	4.36972175e-11	3.6275200000000005
1.3399999999999999e-06	4.5044967499999995e-11	3.666515
1.33e-06	4.4238839999999997e-11	3.42787
1.3199999999999999e-06	4.3168194999999996e-11	3.78759
1.31e-06	4.396173e-11	3.541955
1.3000000000000003e-06	4.49190125e-11	3.564655
1.29e-06	4.5435442499999996e-11	3.607145
1.2800000000000002e-06	4.493161e-11	3.619955
1.2700000000000001e-06	4.46796925e-11	3.675835
1.2600000000000002e-06	4.36972175e-11	3.64848
1.25e-06	4.45159475e-11	3.69038
1.2400000000000002e-06	4.52968875e-11	3.746845
1.23e-06	4.3495682500000004e-11	3.672925
1.2200000000000002e-06	4.4881227500000005e-11	3.754415
1.21e-06	4.4730077499999993e-11	3.8393949999999997
1.2000000000000002e-06	4.27777225e-11	3.85162
1.19e-06	4.4427775e-11	3.8871249999999997
1.1800000000000001e-06	4.2853295e-11	3.817275
1.17e-06	4.61785925e-11	3.859185
1.1600000000000001e-06	4.5876295e-11	3.933695
1.15e-06	4.37224125e-11	4.021000000000001
1.14e-06	4.50323725e-11	4.030320000000001
1.13e-06	4.4163265000000003e-11	3.8137800000000004
1.12e-06	4.37979825e-11	3.9371850000000004
1.11e-06	4.4276625e-11	4.112970000000001
1.1e-06	4.52087175e-11	4.079795000000001
1.09e-06	4.4339605000000004e-11	4.005285
1.08e-06	4.4452965000000005e-11	4.13393
1.07e-06	4.5095355e-11	4.132765
1.06e-06	4.4856035000000006e-11	4.4628000000000005
1.0500000000000003e-06	4.54480375e-11	4.42846
1.04e-06	4.4478155e-11	4.35919
1.0300000000000003e-06	4.4679692499999995e-11	4.372575
1.02e-06	4.3369719999999995e-11	4.511690000000001
1.0100000000000003e-06	4.48938175e-11	4.50937
1e-06	4.3659427500000003e-11	4.61764
9.900000000000003e-07	4.580072e-11	4.634510000000001
9.8e-07	4.438999e-11	4.609485
9.700000000000002e-07	4.38105775e-11	4.7317350000000005
9.6e-07	4.5636970000000006e-11	4.67235
9.500000000000002e-07	4.55739925e-11	4.812060000000001
9.399999999999999e-07	4.42766225e-11	4.7893550000000005
9.300000000000002e-07	4.4805649999999995e-11	4.804485
9.2e-07	4.43270075e-11	5.009965
9.100000000000002e-07	4.727443e-11	4.989015
9e-07	4.5536202499999994e-11	4.857465
8.900000000000002e-07	4.496939e-11	5.0303450000000005
8.799999999999999e-07	4.37098075e-11	4.996580000000001
8.700000000000001e-07	4.36468275e-11	5.142685
8.599999999999999e-07	4.5070159999999995e-11	5.11882
8.500000000000001e-07	4.4856029999999997e-11	5.074
8.399999999999999e-07	4.3684615000000006e-11	5.1310400000000005
8.300000000000001e-07	4.518352e-11	5.055955
8.199999999999999e-07	4.5636972500000004e-11	5.10252
8.100000000000001e-07	4.4641900000000005e-11	5.18925
8.000000000000003e-07	4.522131e-11	5.192740000000001
7.900000000000001e-07	4.62163775e-11	5.11882
7.800000000000003e-07	4.4692285000000004e-11	5.13628
7.7e-07	4.4402585e-11	5.002405000000001
7.600000000000002e-07	4.5070165000000004e-11	5.135120000000001
7.5e-07	4.46419e-11	5.111835000000001
7.400000000000002e-07	4.44277725e-11	5.233485
7.3e-07	4.61911875e-11	4.811475000000001
7.200000000000002e-07	4.441518e-11	5.1357
7.1e-07	4.44907525e-11	5.075745
7.000000000000002e-07	4.508276e-11	5.0512950000000005
6.9e-07	4.3583855e-11	5.09553
6.800000000000002e-07	4.528429e-11	5.03791
6.699999999999999e-07	4.5019775e-11	4.9733
6.600000000000001e-07	4.416326e-11	4.96282
6.499999999999999e-07	4.5737737500000004e-11	4.859205
6.400000000000001e-07	4.5032375e-11	4.947690000000001
6.299999999999999e-07	4.55613975e-11	4.646155
6.200000000000001e-07	4.52213125e-11	4.81439
6.099999999999999e-07	4.4301817500000004e-11	4.6566350000000005
6.000000000000001e-07	4.359645e-11	4.670025000000001
5.899999999999999e-07	4.3898747499999996e-11	4.696225
5.800000000000001e-07	4.5259097500000006e-11	4.495395
5.699999999999998e-07	4.5561395e-11	4.42438
5.6e-07	4.5599185000000004e-11	4.28701
5.499999999999998e-07	4.59392725e-11	4.1362499999999995
5.4e-07	4.42388325e-11	3.7887500000000003
5.300000000000002e-07	4.47300675e-11	3.6927100000000004
5.2e-07	4.3646830000000005e-11	3.43311
5.100000000000002e-07	4.4780455e-11	3.156625
5e-07	4.5863695000000004e-11	3.0634900000000003
4.9e-07	4.4465565e-11	2.93194
4.8e-07	4.4452965000000005e-11	2.553005
4.6999999999999995e-07	4.5435440000000005e-11	2.3283199999999997
4.6e-07	4.5813315e-11	2.120515
4.5e-07	4.41758575e-11	1.7648655
4.3999999999999997e-07	4.60904225e-11	1.537273
4.2999999999999996e-07	4.5725142500000004e-11	1.242159
4.1999999999999995e-07	4.5183525000000005e-11	0.8108375000000001
4.1000000000000015e-07	4.45285375e-11	0.8480905000000001
4.0000000000000014e-07	4.55236125e-11	0.681616
3.9000000000000013e-07	4.62415725e-11	0.6420340000000001
3.800000000000001e-07	4.53346725e-11	0.447037
3.700000000000001e-07	4.54858225e-11	0.20256346
3.600000000000001e-07	4.612821e-11	0.2072206
3.500000000000001e-07	4.456633e-11	0.142609875
3.400000000000001e-07	4.60400375e-11	0.07567045
3.3000000000000007e-07	4.5939272499999995e-11	-0.06286459500000001
3.2000000000000006e-07	4.45033525e-11	-0.020954895
3.1000000000000005e-07	4.54606275e-11	-0.09022250000000001
3.0000000000000004e-07	4.5901484999999996e-11	-0.011059575
2.9000000000000003e-07	4.5007185e-11	0.10943095
2.8e-07	4.4213645e-11	-0.11234139999999998
2.7e-07	4.515833e-11	-0.06402875
2.6e-07	4.55110175e-11	0.2095484
2.5e-07	4.4755267499999994e-11	0.1559973
2.4e-07	4.528429e-11	-0.05296940000000001
2.3e-07	4.40499e-11	-0.07392395
2.1999999999999998e-07	4.35460675e-11	0.030850250000000003
2.0999999999999997e-07	4.582591e-11	-0.07275990000000002
1.9999999999999996e-07	4.43773875e-11	-0.09313285
1.8999999999999995e-07	4.47804525e-11	-0.08265530000000001
1.7999999999999994e-07	4.4478155e-11	-0.01746255
1.6999999999999993e-07	4.4641902500000003e-11	-0.26601055
1.6000000000000014e-07	4.56999525e-11	-0.06170047500000001
1.5000000000000013e-07	4.3205977500000006e-11	0.10884865
1.4000000000000012e-07	4.59644625e-11	-0.11758015000000001
1.300000000000001e-07	4.46545e-11	0.11641564500000001
1.200000000000001e-07	4.47678625e-11	-0.09022240000000001
1.100000000000001e-07	4.5914079999999996e-11	-0.08789415000000002
1.0000000000000009e-07	4.47552625e-11	0.16356450000000003
9.000000000000008e-08	4.45411375e-11	0.008149100000000003
8.000000000000007e-08	4.4276625e-11	-0.08440150000000002
7.000000000000006e-08	4.4906414999999995e-11	0.0110596
6.000000000000005e-08	4.38357675e-11	-0.09546110000000001
5.0000000000000044e-08	4.4830837500000004e-11	0.035506855000000004
4.0000000000000034e-08	4.4981987499999996e-11	0.13387835
3.0000000000000024e-08	4.51205425e-11	-0.021536955000000003
2.0000000000000017e-08	4.4780452500000005e-11	-0.11641605000000001
1.0000000000000008e-08	4.4138070000000006e-11	-0.03143225000000001
0.0	4.572515e-11	-0.07275995
-1.0000000000000008e-08	4.5296885e-11	0.015716175000000002
-2.0000000000000017e-08	4.65690625e-11	-0.040163525000000005
-3.0000000000000024e-08	4.5573995e-11	0.08090915
-4.0000000000000034e-08	4.4566325e-11	0.013387840000000002
-5.0000000000000044e-08	4.3735005e-11	0.18859375
-6.000000000000005e-08	4.5888887500000003e-11	0.11874455
-7.000000000000006e-08	4.57503325e-11	-0.027939800000000004
-8.000000000000007e-08	4.57755225e-11	-0.023283360000000003
-9.000000000000008e-08	4.41884525e-11	-0.12922185
-9.999999999999986e-08	4.38735525e-11	0.055297650000000004
-1.0999999999999987e-07	4.5019777499999994e-11	-0.07392405
-1.1999999999999988e-07	4.38861525e-11	0.03143235
-1.299999999999999e-07	4.4465562500000003e-11	-0.0715958
-1.399999999999999e-07	4.5145735e-11	-0.1391171
-1.4999999999999991e-07	4.42640275e-11	0.0005820999999999986
-1.5999999999999992e-07	4.61030175e-11	-0.04831265
-1.6999999999999993e-07	4.5448037500000003e-11	0.0710138
-1.7999999999999994e-07	4.53724625e-11	0.0937148
-1.8999999999999995e-07	4.509535e-11	-0.184519355
-1.9999999999999996e-07	4.426403e-11	-0.06053625000000001
-2.0999999999999997e-07	4.580072e-11	0.16414645
-2.1999999999999998e-07	4.461671e-11	-0.04889455000000001
-2.3e-07	4.4755262500000004e-11	0.18917585
-2.4e-07	4.56369725e-11	-0.008731215
-2.5e-07	4.55865875e-11	0.0762524
-2.6e-07	4.5271692499999994e-11	0.1158339
-2.7e-07	4.6077825e-11	-0.025029375000000006
-2.8e-07	4.59770625e-11	0.06984955
-2.9000000000000003e-07	4.47048875e-11	-0.0058209
-3.0000000000000004e-07	4.382318e-11	0.11234120000000002
-3.1000000000000005e-07	4.47174825e-11	0.3556505
-3.2000000000000006e-07	4.5473227500000004e-11	0.2689207
-3.3000000000000007e-07	4.5485824999999997e-11	0.0890582
-3.400000000000001e-07	4.5044975e-11	0.11758009999999999
-3.499999999999999e-07	4.5057565e-11	0.4487835
-3.599999999999999e-07	4.5397654999999997e-11	0.22410080000000002
-3.699999999999999e-07	4.542284e-11	0.44761949999999995
-3.799999999999999e-07	4.5473225e-11	0.5151399999999999
-3.899999999999999e-07	4.5523610000000005e-11	0.5005885
-3.9999999999999993e-07	4.3256365e-11	0.7968675000000001
-4.0999999999999994e-07	4.51457325e-11	1.125161
-4.1999999999999995e-07	4.4415179999999997e-11	1.3504269999999998
-4.2999999999999996e-07	4.5397654999999997e-11	1.6461215
-4.3999999999999997e-07	4.5876292499999996e-11	1.7811635000000001
-4.5e-07	4.31555975e-11	2.0518315
-4.6e-07	4.5296882499999995e-11	2.1892
-4.6999999999999995e-07	4.3646835e-11	2.427275
-4.8e-07	4.5032375e-11	2.75499
-4.9e-07	4.46796925e-11	2.838805
-5e-07	4.4641902500000003e-11	3.07979
-5.1e-07	4.43899825e-11	3.20319
-5.2e-07	4.3936535e-11	3.37839
-5.3e-07	4.43270075e-11	3.5704700000000003
-5.4e-07	4.33445275e-11	3.92263
-5.499999999999999e-07	4.4818242500000003e-11	4.0017949999999995
-5.599999999999999e-07	4.44907475e-11	4.20261
-5.699999999999999e-07	4.43144075e-11	4.146730000000001
-5.8e-07	4.50197775e-11	4.13683
-5.9e-07	4.43144075e-11	4.39353
-6e-07	4.50197775e-11	4.504705
-6.1e-07	4.4049894999999997e-11	4.39004
-6.2e-07	4.3571257500000003e-11	4.559425
-6.3e-07	4.36846175e-11	4.725905
-6.4e-07	4.58385025e-11	4.79168
-6.5e-07	4.55613925e-11	4.877255
-6.6e-07	4.58385025e-11	4.88599
-6.699999999999999e-07	4.58007125e-11	4.774215
-6.8e-07	4.416326e-11	4.921495
-6.9e-07	4.4981985e-11	4.98669
-7e-07	4.5246495000000005e-11	4.9994950000000005
-7.1e-07	4.4919007500000004e-11	5.013465
-7.2e-07	4.498199e-11	4.96108
-7.3e-07	4.3080017499999995e-11	4.971555
-7.4e-07	4.58385025e-11	5.1316250000000005
-7.5e-07	4.5296885e-11	4.888895000000001
-7.6e-07	4.4717477499999996e-11	4.902870000000001
-7.7e-07	4.34075075e-11	5.26201
-7.8e-07	4.66950225e-11	5.11824
-7.900000000000001e-07	4.47174775e-11	4.935465
-8e-07	4.55236125e-11	5.20497
-8.1e-07	4.50323725e-11	5.306245
-8.2e-07	4.3961727499999995e-11	5.169465000000001
-8.3e-07	4.4389985e-11	5.040819999999999
-8.4e-07	4.42136425e-11	5.02918
-8.5e-07	4.430181e-11	5.06643
-8.6e-07	4.5246502500000006e-11	4.996
-8.7e-07	4.43773875e-11	5.078075
-8.8e-07	4.49316025e-11	5.02336
-8.900000000000001e-07	4.65816575e-11	4.9343
-9.000000000000001e-07	4.44151725e-11	4.996580000000001
-9.100000000000001e-07	4.609042e-11	4.93081
-9.200000000000001e-07	4.23494625e-11	4.853390000000001
-9.3e-07	4.46544925e-11	4.848735
-9.399999999999999e-07	4.54480325e-11	4.86911
-9.499999999999999e-07	4.564957e-11	4.681085
-9.6e-07	4.46544975e-11	4.732895000000001
-9.7e-07	4.4377392500000003e-11	4.54953
-9.8e-07	4.49316075e-11	4.81788
-9.9e-07	4.5460627499999994e-11	4.678755
-1e-06	4.5309479999999994e-11	4.610645000000001
-1.01e-06	4.6153397500000003e-11	4.5454550000000005
-1.02e-06	4.5070155e-11	4.56932
-1.03e-06	4.5196115e-11	4.30622
-1.04e-06	4.5397649999999994e-11	4.419145
-1.0500000000000001e-06	4.51961175e-11	4.558260000000001
-1.06e-06	4.64682925e-11	4.267225000000001
-1.0700000000000001e-06	4.5158327499999996e-11	4.341145000000001
-1.08e-06	4.6518672500000004e-11	4.3120400000000005
-1.09e-06	4.4893812500000006e-11	4.161285
-1.1e-06	4.5032369999999997e-11	4.0570900000000005
-1.11e-06	4.41884525e-11	4.111219999999999
-1.12e-06	4.438998e-11	4.01693
-1.13e-06	4.4490744999999997e-11	3.87141
-1.14e-06	4.54228375e-11	4.036715000000001
-1.15e-06	4.46544925e-11	3.89877
-1.16e-06	4.70099125e-11	4.002370000000001
-1.17e-06	4.48812175e-11	3.9377700000000004
-1.18e-06	4.5284282500000004e-11	3.9447500000000004
-1.19e-06	4.67076125e-11	3.8434700000000004
-1.2e-06	4.53724525e-11	3.7631450000000006
-1.21e-06	4.3961722500000005e-11	3.7567399999999997
-1.22e-06	4.60400325e-11	3.7596550000000004
-1.23e-06	4.456632e-11	3.68107
-1.24e-06	4.51205375e-11	3.888875
-1.25e-06	4.6002249999999996e-11	3.731715
-1.26e-06	4.5448029999999996e-11	3.7369550000000005
-1.2700000000000001e-06	4.55236075e-11	3.757905
-1.28e-06	4.4112875e-11	3.483165
-1.29e-06	4.4503342499999995e-11	3.39527
-1.3e-06	4.4024705e-11	3.4814249999999998
-1.31e-06	4.4062490000000004e-11	3.5093550000000002
-1.32e-06	4.3659425e-11	3.5477749999999997
-1.33e-06	4.5649565e-11	3.474425
-1.34e-06	4.4478155e-11	3.43835
-1.35e-06	4.49190075e-11	3.5029550000000005
-1.36e-06	4.40121075e-11	3.5111000000000003
-1.37e-06	4.393653e-11	3.441255
-1.38e-06	4.490641e-11	3.5204200000000005
-1.3899999999999998e-06	4.3319334999999996e-11	3.42088
-1.4e-06	4.4465555e-11	3.3935250000000003
-1.4099999999999998e-06	4.537245750000001e-11	3.358015
-1.42e-06	4.5674754999999994e-11	3.4249549999999997
-1.4299999999999999e-06	4.57251375e-11	3.4319450000000002
-1.44e-06	4.5876284999999995e-11	3.4057500000000003
-1.4499999999999999e-06	4.4780455000000004e-11	3.433685
-1.46e-06	4.4906412500000003e-11	3.348125
-1.47e-06	4.445296e-11	3.2875900000000002
-1.48e-06	4.5032369999999997e-11	3.293405
-1.49e-06	4.5032369999999997e-11	3.368495
-1.5e-06	4.44025775e-11	3.28235
