Started: March 20, 2024 01:18:39
Initial Temperature (K)	0.0200289
Resistor	1000000.0	Excitation Current (A)	5e-08
Current (A)	Measured Voltage (V)	Resistance (Ohms)
-1.5e-06	0.0012101740468785922	1.7588985000000001
-1.49e-06	-0.0003885779649896198	1.773014
-1.48e-06	0.00011299121433251842	1.5982465000000001
-1.47e-06	-0.000825801191910565	1.8035735000000002
-1.46e-06	-0.002640690081918235	1.6423355000000002
-1.4499999999999999e-06	-0.005744150336405084	1.7910590000000002
-1.44e-06	-0.004434130355659296	1.7315415
-1.4299999999999999e-06	5.854445726196831e-05	2.0251955
-1.42e-06	0.0023882017498382106	1.7686485
-1.4099999999999998e-06	-0.004467128380775831	1.7223734999999998
-1.4e-06	-0.003838516777726393	1.7866935
-1.3899999999999998e-06	0.0020747209951846837	1.8499940000000001
-1.38e-06	-0.0011145336173916647	1.9140225
-1.37e-06	0.001060033238215102	1.899618
-1.36e-06	0.0023403547193043567	1.6960355000000003
-1.35e-06	-0.004137148509934028	1.7770890000000001
-1.34e-06	-0.0030218168495224442	1.7049115
-1.33e-06	-0.00574745010049381	1.7875665
-1.32e-06	0.001185425366922913	1.796736
-1.31e-06	-0.0018767868894762028	1.7766525000000002
-1.3e-06	0.0004957676896380583	1.9765975000000002
-1.29e-06	-0.0018041914600164593	1.8201630000000002
-1.28e-06	-0.0030366659695206244	1.9450180000000001
-1.2700000000000001e-06	0.0002169345265700513	1.991004
-1.26e-06	0.004242687951632247	1.8639635
-1.25e-06	0.0023750025963929296	1.8856465000000002
-1.24e-06	-0.004892802357641594	1.8686205
-1.23e-06	-0.003927611345439643	1.8760420000000002
-1.22e-06	0.0008339968988067734	1.954186
-1.21e-06	0.00342433818181956	1.89234
-1.2e-06	-0.0037840701580830307	1.9191155000000002
-1.19e-06	-0.0029310723218418057	1.9377430000000002
-1.18e-06	-0.0005552180621143867	1.94924
-1.17e-06	-0.0009561432471874981	1.945745
-1.16e-06	-0.0028007303017958387	1.9928960000000002
-1.15e-06	0.0016374977444489876	2.207685
-1.14e-06	-0.003586082277930349	2.366445
-1.13e-06	-0.004231192807394208	1.9767439999999998
-1.12e-06	-0.0015369079724242031	1.955495
-1.11e-06	-0.002939321964242396	2.0412075
-1.1e-06	0.0015236548298361526	2.080933
-1.09e-06	-0.002716585704079212	2.057355
-1.08e-06	0.003239549560364978	2.1315749999999998
-1.0700000000000001e-06	-0.00555606179841044	2.1609700000000003
-1.06e-06	-0.00029783363476844913	2.031602
-1.0500000000000001e-06	-0.0020764247634772227	2.14569
-1.04e-06	0.0009742384355175168	2.11746
-1.03e-06	0.0003340776357184022	2.10276
-1.02e-06	0.0010220855498812888	1.9959505000000002
-1.01e-06	-0.0015600063693285288	2.2044750000000004
-1e-06	-0.001446163268144832	2.2015700000000002
-9.9e-07	-0.002243064623108293	2.13274
-9.8e-07	-4.151756867914894e-06	2.136665
-9.7e-07	-0.0030663641306218807	2.2108800000000004
-9.6e-07	0.0005386651331946245	2.26036
-9.499999999999999e-07	-0.0035101870382818648	2.2914950000000003
-9.399999999999999e-07	0.0018156867695559133	2.22485
-9.3e-07	0.00025818236933642237	2.19051
-9.200000000000001e-07	0.001055083500572272	2.27651
-9.100000000000001e-07	-0.0012135274657092364	2.245225
-9.000000000000001e-07	-0.0006294634818076611	2.30634
-8.900000000000001e-07	-0.0031439094212922097	2.249155
-8.8e-07	-0.0016886983850596836	2.19517
-8.7e-07	-0.0010452377266844503	2.20637
-8.6e-07	-0.0005783165723031321	2.228635
-8.5e-07	-0.0007581553526122792	2.2667600000000006
-8.4e-07	-3.3849771950449276e-05	2.32206
-8.3e-07	0.0015137553718387563	2.15515
-8.2e-07	-0.0021028230721653286	2.255125
-8.1e-07	0.0006591078172592922	2.2597750000000003
-8e-07	-0.0027264848684585693	2.242315
-7.900000000000001e-07	-0.002680287669047863	2.2530799999999997
-7.8e-07	-0.002889824866115322	2.2482800000000003
-7.7e-07	-0.002233165103613899	2.222235
-7.6e-07	-0.0013702680265722622	2.195315
-7.5e-07	-0.001003990347864439	2.1714450000000003
-7.4e-07	-0.002757833050778934	2.0413575
-7.3e-07	-0.00045622392094289786	2.1697
-7.2e-07	0.0015286044762946225	2.1487450000000003
-7.1e-07	-0.0036240298830617487	2.30838
-7e-07	-0.002769382244845589	2.133175
-6.9e-07	-0.003892963681487553	2.0937400000000004
-6.8e-07	-0.00360093141423032	2.081365
-6.699999999999999e-07	-0.00016749171681755982	2.0777315
-6.6e-07	0.002949167372650831	2.0679835
-6.5e-07	-0.000687209757686321	2.0800600000000005
-6.4e-07	-0.0024377526013953216	2.047174
-6.3e-07	-0.0028353781411910575	1.9586934999999999
-6.2e-07	-0.003760971539615734	1.8527595000000001
-6.1e-07	-4.374914222756842e-05	1.8380615000000002
-6e-07	-0.0019807304651485017	1.8537780000000001
-5.9e-07	-0.000990791172035285	1.7533695
-5.8e-07	-0.0033369475845775676	1.7134970000000003
-5.699999999999999e-07	0.0018255862977952669	1.749003
-5.599999999999999e-07	-0.002056625786524279	1.754388
-5.499999999999999e-07	0.0007432526246591391	1.591552
-5.4e-07	-0.004706363735486193	1.672024
-5.3e-07	-0.0002037894203669431	1.507442
-5.2e-07	-0.004495176635914123	1.5668135
-5.1e-07	-0.0009511936300426166	1.483286
-5e-07	-0.0027924808822927904	1.1937005
-4.9e-07	-8.169689835114589e-05	1.5006025
-4.8e-07	-0.002830428567563493	1.2485625
-4.6999999999999995e-07	-0.0006987590489011911	1.168527
-4.6e-07	-0.0024740504756891085	1.0886334999999998
-4.5e-07	-0.0012960223651863737	1.1695445000000002
-4.3999999999999997e-07	-0.000890147590143631	1.1173015000000002
-4.2999999999999996e-07	-0.0016474510998617867	0.8837425000000001
-4.1999999999999995e-07	-0.0002202885170041176	1.0927075
-4.0999999999999994e-07	-0.0007944531301896885	1.2687890000000002
-3.9999999999999993e-07	-0.003228054119385608	1.05502
-3.899999999999999e-07	0.0002235345230119843	1.0202395
-3.799999999999999e-07	0.0007498521243428566	0.9103720000000001
-3.699999999999999e-07	-0.0019807306171945893	0.997394
-3.599999999999999e-07	-0.0030762634353501106	0.7907545
-3.499999999999999e-07	0.0003522264400375782	0.840669
-3.400000000000001e-07	-0.0010567870903737992	0.7312379999999999
-3.3000000000000007e-07	-0.001081535775662063	0.576987
-3.2000000000000006e-07	-0.004777309517104077	0.6708475
-3.1000000000000005e-07	-0.004044754250036327	0.7363315
-3.0000000000000004e-07	0.0005848623818557029	0.5989599999999999
-2.9000000000000003e-07	-0.0017612939166913634	0.543808
-2.8e-07	-0.001629301963819036	0.5573410000000001
-2.7e-07	-0.0007251575300387789	0.5704375
-2.6e-07	-8.829639650478004e-05	0.6164225
-2.5e-07	-0.003312199121201688	0.6932565
-2.4e-07	0.0012629706725886037	0.457951
-2.3e-07	-0.0014346139251751099	0.28885675
-2.1999999999999998e-07	0.0009049426771294839	0.5196525000000001
-2.0999999999999997e-07	-0.0016952980902987266	0.4573685
-1.9999999999999996e-07	-0.004406082063385654	0.47585050000000007
-1.8999999999999995e-07	0.0013289666724486907	0.406146
-1.7999999999999994e-07	-0.00022523815841127759	0.6574590000000001
-1.6999999999999993e-07	-0.0018107908427557337	0.445728
-1.5999999999999992e-07	-0.0001031454916494976	0.3588525
-1.4999999999999991e-07	-0.00224141467247196	0.2951147
-1.399999999999999e-07	-0.002459201289720006	0.5634529500000001
-1.299999999999999e-07	-0.003729623443720725	0.4968052
-1.1999999999999988e-07	-3.0549906025279536e-05	0.5001515
-1.0999999999999987e-07	-0.004371434198761521	0.575822
-9.999999999999986e-08	-0.0005552178585955686	0.43539550000000005
-9.000000000000008e-08	-0.0027413342154803907	0.382426
-8.000000000000007e-08	-0.0015996039486298442	0.39246649999999994
-7.000000000000006e-08	0.0026406362603691364	0.324364
-6.000000000000005e-08	-0.003871514759282511	0.30093600000000004
-5.0000000000000044e-08	-0.00021038894016653029	0.42855600000000005
-4.0000000000000034e-08	0.0034012396137621617	0.334114
-3.0000000000000024e-08	-0.0023107104232851436	0.355069
-2.0000000000000017e-08	-0.003097712079981719	0.39144850000000003
-1.0000000000000008e-08	-0.0038022190117877725	0.3237815
0.0	-0.004130548968789007	0.45809649999999996
1.0000000000000008e-08	-4.209935453471146e-05	0.23850765
2.0000000000000017e-08	-0.00028628461576490037	0.33760650000000003
3.0000000000000024e-08	-0.0005568678827551935	0.346483
4.0000000000000034e-08	-0.00519143417458885	0.09400565500000001
5.0000000000000044e-08	0.0019229303369932556	0.39479600000000004
6.000000000000005e-08	-0.004415981502354229	0.4403435
7.000000000000006e-08	-0.003025116679768156	0.43830575000000005
8.000000000000007e-08	0.002389851599873127	0.4682835
9.000000000000008e-08	-0.00039187796860765833	0.54089785
1.0000000000000009e-07	0.0011375783509261907	0.4483465
1.100000000000001e-07	-0.004379683740007535	0.23006683000000006
1.200000000000001e-07	0.00015093878711152286	0.3674375
1.300000000000001e-07	-0.002221615840987962	0.4266645
1.4000000000000012e-07	-0.00017739115583968496	0.35317750000000003
1.5000000000000013e-07	0.0002433331116817488	0.577423
1.6000000000000014e-07	-0.003589382115601541	0.3009354
1.6999999999999993e-07	-0.0014791614157510483	0.484727
1.7999999999999994e-07	-0.0005634672568662317	0.4125495
1.8999999999999995e-07	-0.0007004090667784716	0.434668
1.9999999999999996e-07	-0.0035761829697448042	0.471921
2.0999999999999997e-07	-0.0005783164160219571	0.5470095000000001
2.1999999999999998e-07	0.0028567730385918207	0.5518115
2.3e-07	-0.0008307509237191967	0.6720115
2.4e-07	-0.004076102445496622	0.5299835
2.5e-07	-0.0027792816486497188	0.6888915
2.6e-07	-0.0007235075433028413	0.6947120000000001
2.7e-07	0.0006096108049828659	0.6887455
2.8e-07	0.0006277597036265121	0.6938395
2.9000000000000003e-07	-0.0018289397720353123	0.730074
3.0000000000000004e-07	-0.0018289398606191319	0.7406969999999999
3.1000000000000005e-07	0.0020747210301197854	0.5948850000000001
3.2000000000000006e-07	-0.00013779331426753798	0.7680549999999999
3.3000000000000007e-07	-0.004826806466224279	0.7424430000000001
3.400000000000001e-07	-0.001965881507626806	0.7824614999999999
3.500000000000001e-07	-0.0010914349473635605	0.8779215
3.600000000000001e-07	-0.002223265776096263	0.879231
3.700000000000001e-07	0.0008917434754650658	0.8387765
3.800000000000001e-07	0.0006607575095821533	1.148735
3.9000000000000013e-07	0.0015814012635056271	0.9659610000000001
4.0000000000000014e-07	-0.0041684965831105016	1.1362195000000002
4.1000000000000015e-07	0.00031097899797035756	1.0893610000000002
4.1999999999999995e-07	-0.003457390259681169	1.0848495
4.2999999999999996e-07	-0.004203144481649653	1.1100245
4.3999999999999997e-07	0.0017067935908720898	1.1242855
4.5e-07	-0.0032726014839284745	1.2660255
4.6e-07	0.002921119049701039	1.283051
4.6999999999999995e-07	0.0033632919487576176	1.335293
4.8e-07	-0.0031917565520776085	1.3849150000000001
4.9e-07	-0.0009709925162310615	1.3393675
5e-07	4.20455997409547e-05	1.4496715
5.100000000000002e-07	-9.324615091794032e-05	1.496237
5.2e-07	-0.004739361724997004	1.4399205000000002
5.300000000000002e-07	-0.0002136891659590375	1.547751
5.4e-07	0.00013279004173553943	1.495073
5.499999999999998e-07	-0.0025284970393513934	1.3575545
5.6e-07	-0.00021203884851900322	1.5676855
5.699999999999998e-07	0.002224861771019028	1.4918715
5.800000000000001e-07	0.0015517029781104193	1.7337245000000001
5.899999999999999e-07	-0.0012795236784838796	1.812159
6.000000000000001e-07	8.329280855982131e-05	1.839953
6.099999999999999e-07	0.0004165720691081925	1.9124195
6.200000000000001e-07	-0.0014973101401743107	1.8900115000000002
6.299999999999999e-07	1.5647148763182146e-05	2.1669350000000005
6.400000000000001e-07	0.001033634775914896	1.9667025000000002
6.499999999999999e-07	-0.0021853179576195184	1.9866335
6.600000000000001e-07	-0.0022199659427825126	2.4720950000000004
6.699999999999999e-07	0.0014527091128520649	2.128225
6.800000000000002e-07	0.0005254658359021992	1.9524409999999999
6.9e-07	-0.000746606106179626	2.0340735000000003
7.000000000000002e-07	-0.001178879677631128	2.079912
7.1e-07	0.0010402344285388896	2.1320050000000004
7.200000000000002e-07	-0.0013719177583891519	2.1427850000000004
7.3e-07	-0.0021242716974614563	1.9793604999999999
7.400000000000002e-07	-7.509743808004467e-05	2.28627
7.5e-07	0.002020274355952711	2.1777100000000003
7.600000000000002e-07	-0.0037609717096387693	2.120224
7.7e-07	-0.0024822998800014978	2.1598070000000003
7.800000000000003e-07	0.003574478987915826	2.1785750000000004
7.900000000000001e-07	-0.0023800061394933965	2.0624505
8.000000000000003e-07	-0.0014808112247716829	2.2724349999999998
8.100000000000001e-07	0.00020868537376296796	2.2594849999999997
8.199999999999999e-07	-0.0003704291103762377	2.3642650000000005
8.300000000000001e-07	-0.0037263236276791996	2.281025
8.399999999999999e-07	-0.00429058912395479	2.19953
8.500000000000001e-07	-0.0037774706320037607	1.943851
8.599999999999999e-07	0.003826913482478953	2.3219155000000002
8.700000000000001e-07	0.0019410792063589192	2.51793
8.799999999999999e-07	-0.0009874913208185242	2.2469705
8.900000000000002e-07	-0.0033171486537128137	2.38696
9e-07	-0.0015633062247249647	2.173195
9.100000000000002e-07	0.0023618033681475437	2.3143450000000003
9.2e-07	-0.005264029715570965	2.1902150000000002
9.300000000000002e-07	-0.00014604294997684912	2.322935
9.399999999999999e-07	-0.0016392018205696511	2.24901
9.500000000000002e-07	-0.005542862769138814	2.1749400000000003
9.6e-07	-0.002507048255669054	2.0826800000000003
9.700000000000002e-07	-0.0007350567469443074	2.117607
9.8e-07	0.0012613208148162492	2.251335
9.900000000000003e-07	-0.0006377128271046089	2.37008
1e-06	-0.002444352168861589	1.9077650000000002
1.0100000000000003e-06	-0.0053498244151300505	2.277095
1.02e-06	0.0023403547140975946	2.1536915
1.0300000000000003e-06	-0.0022991610002924246	2.1458350000000004
1.04e-06	0.0019031315251208363	2.243046
1.0500000000000003e-06	0.0002713815283834425	2.206375
1.06e-06	-0.0017414952043399265	2.34244
1.07e-06	-0.0021556198979696644	2.27433
1.08e-06	-0.0009330446044640117	2.0471735
1.09e-06	-0.006125277094687014	2.14365
1.1e-06	-0.0027215352988469114	2.1077095
1.11e-06	0.00010639164545622488	2.014725
1.12e-06	-0.001992279812625849	2.12896
1.13e-06	-0.001167330504802373	2.031605
1.14e-06	0.0011029305406494235	1.9141700000000001
1.15e-06	0.002180314526499797	2.031454
1.1600000000000001e-06	-0.0010023406180726289	2.0250545
1.17e-06	-0.0039094625108035234	2.0023525
1.1800000000000001e-06	-0.004143748120399417	1.858141
1.19e-06	0.002673634277326099	2.0221455
1.2000000000000002e-06	-0.002751233342873275	1.9451650000000003
1.21e-06	-0.0022249157003150838	1.984598
1.2200000000000002e-06	-7.344736494015148e-05	1.9508395000000003
1.23e-06	-0.0008653988883804704	1.9470554999999998
1.2400000000000002e-06	-0.0017563444689061088	1.897288
1.25e-06	-0.005033043768099871	1.9175149999999999
1.2600000000000002e-06	0.0009395905500224268	1.9100940000000002
1.2700000000000001e-06	0.0018140369879943588	1.8315130000000002
1.2800000000000002e-06	0.0013982624829951872	1.6446665
1.29e-06	0.0025548415704755266	1.8646915
1.3000000000000003e-06	-0.0013042719023547524	1.898304
1.31e-06	-0.0008043525557049943	1.7967345000000001
1.3199999999999999e-06	-0.00081590188985387	1.8319495000000001
1.33e-06	-0.0027330846285255	1.6771175
1.3399999999999999e-06	-0.0015534067828181495	1.8882655000000002
1.35e-06	-0.0017266461745229127	1.853923
1.36e-06	-0.002356907599850389	1.8015370000000002
1.37e-06	-0.004155297500630654	1.7887304999999998
1.38e-06	-0.0003027832635193534	1.729941
1.39e-06	-0.0015270082679039293	1.866438
1.4e-06	0.002180314548850655	1.779999
1.41e-06	0.00010804153912841879	1.8348595
1.42e-06	-0.0015996038471174242	1.7880035000000003
1.43e-06	0.0003175787044172814	1.7414370000000001
1.44e-06	-8.004703107256268e-05	1.7038925000000003
1.45e-06	-0.004491876859625527	1.7361980000000001
1.46e-06	-0.001903185197764053	1.8182705000000001
1.4700000000000001e-06	-0.004161897187999699	1.8155060000000003
1.48e-06	-0.002767732319000344	1.809685
1.4900000000000001e-06	-0.005645156478519486	1.7264485
1.5e-06	0.0017199927707837342	1.6685315
1.5e-06	-0.002863426552754569	1.9457460000000002
1.4900000000000001e-06	-0.0018767868671579389	1.6657665000000001
1.48e-06	-0.0008950971158709173	1.6260400000000002
1.4700000000000001e-06	0.0035035333321340846	1.7676300000000003
1.46e-06	-0.0030053181291476317	1.6752260000000003
1.45e-06	0.0004281219740184588	1.8322405000000002
1.44e-06	-0.002695136711849718	1.7558429999999998
1.43e-06	-0.001061736749604039	1.8428640000000003
1.42e-06	0.003059710555462343	1.7618095
1.41e-06	-0.0024839497985161482	1.7133515000000001
1.4e-06	-0.0029442715602510175	1.8351510000000002
1.39e-06	-0.002855176989726552	1.7914955
1.38e-06	0.0001756874715649369	1.8181255
1.37e-06	0.00047266898978706924	1.8568335
1.36e-06	-0.003968858936457681	1.7981889999999998
1.35e-06	-0.0003902280840470036	1.8056105
1.3399999999999999e-06	-0.004465478491561855	1.8895775000000001
1.33e-06	-0.001165680486647044	1.8239465
1.3199999999999999e-06	-0.00020873934830648922	1.8924875
1.31e-06	-0.0015715556206609249	1.8977245
1.3000000000000003e-06	0.0035596299057845107	1.8689115
1.29e-06	-0.0009099461753440514	1.7092749999999999
1.2800000000000002e-06	0.001754640613836227	1.9816885
1.2700000000000001e-06	-0.0013570687847236512	1.85727
1.2600000000000002e-06	-0.0051848345658689655	1.81376
1.25e-06	0.0004908179538827062	1.9063105
1.2400000000000002e-06	-0.0009726423743703633	1.95797
1.23e-06	-0.0009115960253426393	1.8937955
1.2200000000000002e-06	0.0021341173317130035	1.8047375
1.21e-06	-0.0011986785509279106	1.9992965
1.2000000000000002e-06	0.0005386651407964496	1.9707770000000002
1.19e-06	-0.001969181554863815	1.8377705
1.1800000000000001e-06	0.0024261494370320033	1.9499655
1.17e-06	0.00023508344692686837	1.9543335
