Initial Temperature (K)	0.128114
Excitation Current (A)	2e-07
Axis 1,2	y,x
Field Magnitude	-0.1
Current (A)	Resistance (Ohms)
-0.00012	0.14886562500000006
-0.000119	0.091593775
-0.00011800000000000001	0.07949577499999999
-0.00011700000000000001	0.09040402499999999
-0.00011600000000000001	0.1050957
-0.00011500000000000002	0.084802075
-0.00011400000000000002	0.08562392499999998
-0.00011300000000000002	0.1010374
-0.00011200000000000003	0.0991888
-0.00011100000000000003	0.08802900000000001
-0.00011000000000000003	0.08730965000000002
-0.00010900000000000003	0.09096972500000002
-0.00010800000000000004	0.09018739999999999
-0.00010700000000000004	0.086369025
-0.00010600000000000006	0.09244127499999999
-0.00010500000000000006	0.07939792499999998
-0.00010400000000000006	0.10853465000000001
-0.00010300000000000006	0.10574305
-0.00010200000000000007	0.1006044
-0.00010100000000000007	0.10090012500000002
-0.00010000000000000007	0.09904907500000001
-9.900000000000008e-05	0.0861688
-9.800000000000008e-05	0.08262035000000001
-9.700000000000008e-05	0.0900454
-9.600000000000008e-05	0.09619685
-9.500000000000009e-05	0.09992917500000001
-9.400000000000009e-05	0.10246467499999999
-9.300000000000009e-05	0.10187797499999998
-9.20000000000001e-05	0.09662762500000001
-9.10000000000001e-05	0.1067791
-9.00000000000001e-05	0.099901225
-8.900000000000012e-05	0.09848107500000002
-8.800000000000012e-05	0.100210875
-8.700000000000012e-05	0.10632037500000001
-8.600000000000013e-05	0.10941945
-8.500000000000013e-05	0.11644394999999999
-8.400000000000013e-05	0.10032257500000002
-8.300000000000013e-05	0.10990597500000002
-8.200000000000014e-05	0.10869522499999999
-8.100000000000014e-05	0.10188265000000002
-8.000000000000014e-05	0.11122152500000002
-7.900000000000014e-05	0.1162297
-7.800000000000015e-05	0.107459025
-7.700000000000015e-05	0.113968975
-7.600000000000015e-05	0.12493997500000002
-7.500000000000016e-05	0.101139875
-7.400000000000016e-05	0.11244389999999999
-7.300000000000016e-05	0.1042342
-7.200000000000016e-05	0.11589917500000002
-7.100000000000018e-05	0.10650665
-7.000000000000018e-05	0.115528925
-6.900000000000019e-05	0.126479025
-6.800000000000019e-05	0.12917285
-6.700000000000019e-05	0.12585265
-6.60000000000002e-05	0.131487175
-6.50000000000002e-05	0.127966775
-6.40000000000002e-05	0.13680735000000002
-6.30000000000002e-05	0.146125225
-6.20000000000002e-05	0.18048192500000002
-6.100000000000021e-05	0.193120125
-6.000000000000021e-05	0.19487342500000002
-5.9000000000000214e-05	0.241209175
-5.800000000000022e-05	0.259479425
-5.700000000000023e-05	0.28616900000000006
-5.600000000000023e-05	0.304788
-5.500000000000023e-05	0.31951975000000005
-5.4000000000000235e-05	0.330328
-5.300000000000024e-05	0.3084785
-5.200000000000024e-05	0.30151025
-5.1000000000000244e-05	0.254452775
-5.0000000000000246e-05	0.2290995
-4.900000000000025e-05	0.19268005
-4.800000000000026e-05	0.15523819999999997
-4.700000000000026e-05	0.12204347500000001
-4.6000000000000264e-05	0.10139602499999999
-4.500000000000027e-05	0.08381717500000001
-4.400000000000027e-05	0.076787975
-4.300000000000027e-05	0.062149825000000006
-4.2000000000000276e-05	0.0559752
-4.100000000000028e-05	0.04955590000000001
-4.000000000000028e-05	0.03002133025
-3.900000000000029e-05	0.033036497500000005
-3.8000000000000293e-05	0.0113179675
-3.7000000000000296e-05	0.0298397175
-3.60000000000003e-05	0.021464777499999997
-3.50000000000003e-05	0.008246897999999997
-3.4000000000000305e-05	0.01281507025
-3.300000000000031e-05	0.0013015352500000002
-3.200000000000031e-05	-0.011408749999999999
-3.100000000000031e-05	-0.0033341375000000006
-3.000000000000032e-05	0.016107324000000003
-2.9000000000000322e-05	0.007618255000000002
-2.8000000000000328e-05	0.0118162225
-2.700000000000033e-05	-0.005725334999999999
-2.6000000000000334e-05	-0.007073438750000002
-2.5000000000000337e-05	0.012482120000000001
-2.400000000000034e-05	0.00196278
-2.3000000000000346e-05	0.029211122500000002
-2.200000000000035e-05	0.0079977815
-2.100000000000035e-05	0.0042794585
-2.0000000000000354e-05	0.023844336499999997
-1.900000000000036e-05	-0.008028045000000001
-1.8000000000000363e-05	0.0010104987500000003
-1.7000000000000366e-05	0.009043192250000004
-1.600000000000037e-05	0.0039185575
-1.5000000000000373e-05	0.0004377323999999998
-1.4000000000000376e-05	0.011881397000000002
-1.300000000000038e-05	-0.0006775572499999991
-1.2000000000000383e-05	-0.01174635125
-1.1000000000000388e-05	0.012414592299999997
-1.000000000000039e-05	-0.014696345
-9.000000000000395e-06	-0.006470412249999999
-8.000000000000398e-06	0.0007380580000000003
-7.000000000000401e-06	0.009415704249999999
-6.000000000000405e-06	0.005704392
-5.000000000000409e-06	-0.0014272639999999993
-4.000000000000412e-06	-0.00381844875
-3.0000000000004155e-06	0.0026915399999999988
-2.000000000000419e-06	-0.0055507315
-1.0000000000004228e-06	0.00401401655
-4.263256414560601e-19	-0.0038743090999999994
9.9999999999957e-07	0.00115952
1.9999999999995667e-06	-0.0010454134999999995
2.999999999999563e-06	-0.013404137500000001
3.999999999999559e-06	0.006039657500000001
4.999999999999556e-06	0.0034971332500000007
5.999999999999552e-06	-0.0077905579999999995
6.9999999999995484e-06	-0.004775364999999999
7.999999999999546e-06	0.0014295719999999996
8.999999999999541e-06	0.0019790875000000006
9.999999999999538e-06	-0.0007590205000000002
1.0999999999999534e-05	-0.0110432175
1.1999999999999531e-05	-0.012177109250000002
1.2999999999999528e-05	0.003448228
1.3999999999999524e-05	-0.004507614250000002
1.4999999999999521e-05	-0.0028941075000000005
1.5999999999999518e-05	-0.003338807250000001
1.6999999999999512e-05	0.0063865877500000005
1.799999999999951e-05	0.009110717499999999
1.8999999999999506e-05	-0.0015995574999999995
1.9999999999999504e-05	0.007727676750000001
2.0999999999999497e-05	-0.0029429885
2.1999999999999495e-05	0.0017998002499999993
2.2999999999999492e-05	0.014444909899999999
2.399999999999949e-05	0.005909267000000001
2.4999999999999486e-05	-0.0016647815000000016
2.599999999999948e-05	-0.006090880000000001
2.6999999999999477e-05	-0.0032480250000000003
2.7999999999999474e-05	-0.003653140000000001
2.899999999999947e-05	0.013478643500000003
2.9999999999999465e-05	0.004430801500000001
3.0999999999999466e-05	-0.0097044471
3.199999999999946e-05	-0.006714862499999999
3.2999999999999454e-05	-0.010670694500000001
3.399999999999945e-05	-0.006405206075
3.499999999999945e-05	0.0016926849999999991
3.5999999999999445e-05	0.0066915837500000006
3.699999999999944e-05	0.009669509250000001
3.799999999999944e-05	-0.004766065000000001
3.899999999999944e-05	0.006179365000000001
3.9999999999999434e-05	0.028424157499999998
4.0999999999999445e-05	0.01517367375
4.199999999999942e-05	0.029234370250000002
4.2999999999999405e-05	0.026871150000000003
4.3999999999999416e-05	0.040349787500000005
4.4999999999999434e-05	0.06316495000000001
4.599999999999941e-05	0.08906517500000001
4.699999999999939e-05	0.10661844999999999
4.7999999999999405e-05	0.142844675
4.8999999999999416e-05	0.184873275
4.99999999999994e-05	0.23195652500000002
5.0999999999999376e-05	0.265099725
5.199999999999939e-05	0.2890936
5.2999999999999404e-05	0.32329175000000004
5.399999999999938e-05	0.33490749999999997
5.499999999999936e-05	0.34192750000000005
5.5999999999999376e-05	0.33561025
5.6999999999999386e-05	0.3094145
5.799999999999937e-05	0.30365425000000007
5.899999999999935e-05	0.2769280249999999
5.999999999999936e-05	0.245416325
6.0999999999999375e-05	0.2123731
6.199999999999935e-05	0.1964055
6.299999999999934e-05	0.16629780000000005
6.399999999999935e-05	0.151878475
6.499999999999936e-05	0.1463534
6.599999999999934e-05	0.14077015000000004
6.699999999999932e-05	0.1485327
6.799999999999934e-05	0.11074882500000001
6.899999999999935e-05	0.12016930000000002
6.999999999999933e-05	0.11605967500000001
7.09999999999993e-05	0.127256625
7.199999999999932e-05	0.11775009999999998
7.299999999999933e-05	0.09722367500000001
7.39999999999993e-05	0.118350825
7.499999999999929e-05	0.12533110000000003
7.59999999999993e-05	0.12020412500000001
7.699999999999932e-05	0.11888172500000001
7.79999999999993e-05	0.099563625
7.899999999999928e-05	0.10752887500000002
7.999999999999929e-05	0.09487667500000001
8.09999999999993e-05	0.10535185000000002
8.199999999999928e-05	0.098792875
8.299999999999927e-05	0.10722147500000002
8.399999999999928e-05	0.098373875
8.499999999999929e-05	0.117154025
8.599999999999927e-05	0.0958406
8.699999999999924e-05	0.1082319
8.799999999999927e-05	0.11238575
8.899999999999928e-05	0.10900967499999999
8.999999999999926e-05	0.09549605000000001
9.099999999999923e-05	0.11534027500000002
9.199999999999924e-05	0.097384325
9.299999999999927e-05	0.0953401
9.399999999999924e-05	0.09913759999999999
9.499999999999922e-05	0.09800365
9.599999999999923e-05	0.10829247500000001
9.699999999999924e-05	0.10314924999999998
9.799999999999922e-05	0.0957172
9.899999999999921e-05	0.09482547499999999
9.999999999999922e-05	0.10094662500000001
0.00010099999999999923	0.10304217499999999
0.00010199999999999921	0.08856455
0.00010299999999999918	0.09218277500000002
0.00010399999999999921	0.1061947
0.00010499999999999922	0.11793642500000001
0.0001059999999999992	0.11216915000000002
0.00010699999999999917	0.080429425
0.0001079999999999992	0.09933070000000001
0.00010899999999999921	0.092350425
0.00010999999999999918	0.106155075
0.00011099999999999916	0.08909775000000002
0.00011199999999999917	0.10906550000000001
0.0001129999999999992	0.10511210000000001
0.00011399999999999917	0.084040675
0.00011499999999999915	0.09175205000000002
0.00011599999999999916	0.09777080000000002
0.00011699999999999917	0.11598057500000002
0.00011799999999999915	0.092348125
0.00011899999999999914	0.09398495000000001
0.00011999999999999915	0.0954635
