Initial Temperature (K)	0.0166128
Excitation Current (A)	2e-07
Axis 1,2	x,y
Field Magnitude	0.01
Current (A)	Resistance (Ohms)
-0.00012	0.05544905
-0.000119	0.09659037500000002
-0.00011800000000000001	0.08705349999999999
-0.00011700000000000001	0.07771462500000001
-0.00011600000000000001	0.0886252
-0.00011500000000000002	0.09115367500000002
-0.00011400000000000002	0.09446924999999999
-0.00011300000000000002	0.09448085
-0.00011200000000000003	0.08482762500000002
-0.00011100000000000003	0.08343070000000001
-0.00011000000000000003	0.0847322
-0.00010900000000000003	0.10282102499999998
-0.00010800000000000004	0.093107125
-0.00010700000000000004	0.10047165
-0.00010600000000000006	0.10875355
-0.00010500000000000006	0.08163082500000002
-0.00010400000000000006	0.08988242500000002
-0.00010300000000000006	0.09192667500000001
-0.00010200000000000007	0.10129587500000004
-0.00010100000000000007	0.104406525
-0.00010000000000000007	0.08608034999999999
-9.900000000000008e-05	0.08493947500000001
-9.800000000000008e-05	0.085400375
-9.700000000000008e-05	0.09096742500000002
-9.600000000000008e-05	0.0913283
-9.500000000000009e-05	0.087470325
-9.400000000000009e-05	0.08038287499999999
-9.300000000000009e-05	0.0922899
-9.20000000000001e-05	0.0958639
-9.10000000000001e-05	0.0823922
-9.00000000000001e-05	0.095801
-8.900000000000012e-05	0.08944935
-8.800000000000012e-05	0.086299075
-8.700000000000012e-05	0.09607570000000001
-8.600000000000013e-05	0.08201270000000002
-8.500000000000013e-05	0.0952935
-8.400000000000013e-05	0.099614825
-8.300000000000013e-05	0.09456937500000002
-8.200000000000014e-05	0.10184535
-8.100000000000014e-05	0.09811307500000002
-8.000000000000014e-05	0.095507725
-7.900000000000014e-05	0.096667175
-7.800000000000015e-05	0.085859075
-7.700000000000015e-05	0.0912329
-7.600000000000015e-05	0.09669745
-7.500000000000016e-05	0.10611792500000002
-7.400000000000016e-05	0.09859032500000002
-7.300000000000016e-05	0.081034825
-7.200000000000016e-05	0.09543780000000002
-7.100000000000018e-05	0.088480825
-7.000000000000018e-05	0.091172425
-6.900000000000019e-05	0.099577525
-6.800000000000019e-05	0.09364270000000001
-6.700000000000019e-05	0.09701407499999998
-6.60000000000002e-05	0.096895375
-6.50000000000002e-05	0.089821875
-6.40000000000002e-05	0.10448567500000001
-6.30000000000002e-05	0.07967037500000002
-6.20000000000002e-05	0.079665875
-6.100000000000021e-05	0.09714905
-6.000000000000021e-05	0.110013175
-5.9000000000000214e-05	0.09395705
-5.800000000000022e-05	0.10518422500000002
-5.700000000000023e-05	0.10031805000000002
-5.600000000000023e-05	0.09894897500000002
-5.500000000000023e-05	0.093968675
-5.4000000000000235e-05	0.09132365
-5.300000000000024e-05	0.09847155
-5.200000000000024e-05	0.10151012500000002
-5.1000000000000244e-05	0.10069285000000003
-5.0000000000000246e-05	0.10612485
-4.900000000000025e-05	0.11131235
-4.800000000000026e-05	0.1177758
-4.700000000000026e-05	0.09542855
-4.6000000000000264e-05	0.1186023
-4.500000000000027e-05	0.11193405000000002
-4.400000000000027e-05	0.118343825
-4.300000000000027e-05	0.110707
-4.2000000000000276e-05	0.10682342500000001
-4.100000000000028e-05	0.1238061
-4.000000000000028e-05	0.12829505000000002
-3.900000000000029e-05	0.132304375
-3.8000000000000293e-05	0.136367275
-3.7000000000000296e-05	0.119757125
-3.60000000000003e-05	0.12909835
-3.50000000000003e-05	0.13753845
-3.4000000000000305e-05	0.127573275
-3.300000000000031e-05	0.13722177500000002
-3.200000000000031e-05	0.14130097500000002
-3.100000000000031e-05	0.14040692500000002
-3.000000000000032e-05	0.134337025
-2.9000000000000322e-05	0.132541875
-2.8000000000000328e-05	0.12366872500000003
-2.700000000000033e-05	0.12069545
-2.6000000000000334e-05	0.1212962
-2.5000000000000337e-05	0.10927970000000002
-2.400000000000034e-05	0.103540375
-2.3000000000000346e-05	0.09070440000000002
-2.200000000000035e-05	0.08786377499999999
-2.100000000000035e-05	0.07429437500000001
-2.0000000000000354e-05	0.077961425
-1.900000000000036e-05	0.064676
-1.8000000000000363e-05	0.05727432500000001
-1.7000000000000366e-05	0.057858734999999994
-1.600000000000037e-05	0.037928332499999995
-1.5000000000000373e-05	0.042845705
-1.4000000000000376e-05	0.03620068
-1.300000000000038e-05	0.018254043
-1.2000000000000383e-05	0.021027067500000003
-1.1000000000000388e-05	0.0155322225
-1.000000000000039e-05	0.016912941
-9.000000000000395e-06	0.009881395999999999
-8.000000000000398e-06	0.009413395000000001
-7.000000000000401e-06	0.0023003775000000008
-6.000000000000405e-06	0.007222449000000003
-5.000000000000409e-06	0.011643905000000001
-4.000000000000412e-06	0.008347012499999999
-3.0000000000004155e-06	0.01317363
-2.000000000000419e-06	0.0011315360000000005
-1.0000000000004228e-06	0.012959437500000002
-4.263256414560601e-19	0.004319033000000001
9.9999999999957e-07	-0.0010826777500000007
1.9999999999995667e-06	-0.001012824500000001
2.999999999999563e-06	0.0002025674999999998
3.999999999999559e-06	-0.0028032925000000004
4.999999999999556e-06	0.01800256925
5.999999999999552e-06	-0.00040745010000000004
6.9999999999995484e-06	-0.003583262499999999
7.999999999999546e-06	0.0057835675
8.999999999999541e-06	0.007827811500000002
9.999999999999538e-06	0.0037928107500000002
1.0999999999999534e-05	0.014011802500000003
1.1999999999999531e-05	0.005648495
1.2999999999999528e-05	0.025243665000000002
1.3999999999999524e-05	0.02636124
1.4999999999999521e-05	0.026533555000000004
1.5999999999999518e-05	0.022854770000000003
1.6999999999999512e-05	0.06605444999999999
1.799999999999951e-05	0.040554690000000004
1.8999999999999506e-05	0.0616631875
1.9999999999999504e-05	0.06011255
2.0999999999999497e-05	0.08438527500000001
2.1999999999999495e-05	0.10697465
2.2999999999999492e-05	0.09257865000000001
2.399999999999949e-05	0.1068396
2.4999999999999486e-05	0.127345125
2.599999999999948e-05	0.14272824999999997
2.6999999999999477e-05	0.137275375
2.7999999999999474e-05	0.14902634999999997
2.899999999999947e-05	0.14541980000000002
2.9999999999999465e-05	0.155710875
3.0999999999999466e-05	0.1558157
3.199999999999946e-05	0.14816485000000001
3.2999999999999454e-05	0.15154320000000002
3.399999999999945e-05	0.14323812500000002
3.499999999999945e-05	0.14927310000000002
3.5999999999999445e-05	0.13538940000000002
3.699999999999944e-05	0.12887945
3.799999999999944e-05	0.11518902500000001
3.899999999999944e-05	0.129505775
3.9999999999999434e-05	0.1182181
4.0999999999999445e-05	0.12828340000000002
4.199999999999942e-05	0.11902607500000001
4.2999999999999405e-05	0.11309115
4.3999999999999416e-05	0.11238102500000002
4.4999999999999434e-05	0.102522875
4.599999999999941e-05	0.09531205000000002
4.699999999999939e-05	0.107831525
4.7999999999999405e-05	0.10042505000000002
4.8999999999999416e-05	0.10610632500000002
4.99999999999994e-05	0.104574125
5.0999999999999376e-05	0.10043907500000002
5.199999999999939e-05	0.10285817500000002
5.2999999999999404e-05	0.09641105
5.399999999999938e-05	0.10476505
5.499999999999936e-05	0.10413870000000001
5.5999999999999376e-05	0.11058352500000002
5.6999999999999386e-05	0.09100697499999999
5.799999999999937e-05	0.09523752500000002
5.899999999999935e-05	0.10885827500000002
5.999999999999936e-05	0.0934983
6.0999999999999375e-05	0.100150375
6.199999999999935e-05	0.09591737500000001
6.299999999999934e-05	0.109775725
6.399999999999935e-05	0.09395702500000003
6.499999999999936e-05	0.08241769999999998
6.599999999999934e-05	0.09518399999999998
6.699999999999932e-05	0.10861375000000001
6.799999999999934e-05	0.091794025
6.899999999999935e-05	0.10342630000000003
6.999999999999933e-05	0.10424592500000002
7.09999999999993e-05	0.098250475
7.199999999999932e-05	0.09352390000000002
7.299999999999933e-05	0.08281364999999999
7.39999999999993e-05	0.10531922500000002
7.499999999999929e-05	0.09557057500000003
7.59999999999993e-05	0.093845225
7.699999999999932e-05	0.11149625000000002
7.79999999999993e-05	0.10331459999999999
7.899999999999928e-05	0.10068115000000002
7.999999999999929e-05	0.09092322500000001
8.09999999999993e-05	0.09249022499999998
8.199999999999928e-05	0.08083932499999999
8.299999999999927e-05	0.08663907500000002
8.399999999999928e-05	0.0824620975
8.499999999999929e-05	0.08578695000000001
8.599999999999927e-05	0.07855525000000001
8.699999999999924e-05	0.11060687500000001
8.799999999999927e-05	0.094310925
8.899999999999928e-05	0.09163797500000001
8.999999999999926e-05	0.08992435
9.099999999999923e-05	0.082802025
9.199999999999924e-05	0.081246725
9.299999999999927e-05	0.0856589
9.399999999999924e-05	0.10103742500000001
9.499999999999922e-05	0.09206642500000001
9.599999999999923e-05	0.097093275
9.699999999999924e-05	0.09416887500000003
9.799999999999922e-05	0.08094865000000001
9.899999999999921e-05	0.10079295
9.999999999999922e-05	0.0973517
0.00010099999999999923	0.08208952500000001
0.00010199999999999921	0.099959375
0.00010299999999999918	0.09540062500000002
0.00010399999999999921	0.0880268
0.00010499999999999922	0.10301187500000002
0.0001059999999999992	0.09363335
0.00010699999999999917	0.08664132499999999
0.0001079999999999992	0.09327244999999999
0.00010899999999999921	0.07442705000000001
0.00010999999999999918	0.09082545
0.00011099999999999916	0.09764732500000001
0.00011199999999999917	0.08666705000000001
0.0001129999999999992	0.10059275
0.00011399999999999917	0.09096040000000002
0.00011499999999999915	0.089745075
0.00011599999999999916	0.10060207500000001
0.00011699999999999917	0.08754247500000002
0.00011799999999999915	0.09384290000000002
0.00011899999999999914	0.0800639
0.00011999999999999915	0.090154875
