Initial Temperature (K)	0.0184241
Excitation Current (A)	2e-07
Axis 1,2	y,z
Field Magnitude	0.05
Angle (°)	Resistance (Ohms)
0.0	0.012051364750000002
2.0	0.011501911250000003
4.0	0.006509970500000001
6.0	0.0115857475
8.0	0.007916286500000001
10.0	0.011427387499999999
12.0	0.0074878717500000015
14.0	0.004498312250000001
16.0	0.022929292750000007
18.0	0.008782396999999999
20.0	0.0155717575
22.0	0.016698730000000002
24.0	0.004926710249999999
26.0	0.0065472292500000015
28.0	0.007441307700000002
30.0	0.007832459350000001
32.0	0.0240282608
34.0	0.009946593750000001
36.0	0.01073819425
38.0	0.008689298000000002
40.0	0.012088661500000002
42.0	0.015012997250000003
44.0	0.0078417975
46.0	0.00698496875
48.0	0.020442652500000002
50.0	0.0157487275
52.0	0.007236414750000002
54.0	0.013057189999999998
56.0	0.023897869999999998
58.0	0.01583259
60.0	0.00432135925
62.0	0.014584591500000004
64.0	0.007273674500000002
66.0	0.019641707500000005
68.0	0.008922115000000001
70.0	0.00512230475
72.0	0.011976889099999999
74.0	0.0129361275
76.0	0.004759101
78.0	0.007208471000000001
80.0	0.010086267
82.0	0.010151452750000001
84.0	0.01459389575
86.0	0.007553070750000001
88.0	0.01634483
90.0	0.00655654375
92.0	0.006658989999999999
94.0	0.014258616000000002
96.0	0.0121724575
98.0	0.00849371
100.0	0.01668009525
102.0	0.00795353775
104.0	0.013159651249999998
106.0	0.00510366965
108.0	0.014323835000000002
110.0	0.006891822500000001
112.0	0.014761545000000003
114.0	0.015841877500000004
116.0	0.012572924750000002
118.0	0.0092201375
120.0	0.007310919
122.0	0.0034831625
124.0	0.02256607325
126.0	0.01272195
128.0	0.0057835455
130.0	0.013159670000000002
132.0	0.0059791227499999995
134.0	0.0122097215
136.0	0.013634655000000002
138.0	0.0071712215
140.0	0.01148326425
142.0	0.009499538750000001
144.0	0.00256115575
146.0	0.0047311558
148.0	0.00535513625
150.0	0.013457702499999996
152.0	0.02190485775
154.0	0.01648451025
156.0	0.0112690851
158.0	0.011818539000000001
160.0	0.010030391000000001
162.0	0.014174799999999998
164.0	0.0142400075
166.0	0.0092946505
168.0	0.011120059750000001
170.0	0.0182912525
172.0	0.011706805
174.0	0.023767490750000002
176.0	0.024624325
178.0	0.01579531025
180.0	0.012107247500000003
182.0	0.0232924875
184.0	0.008521654250000002
186.0	0.006929076449999999
188.0	0.021904835
190.0	0.01495714425
192.0	0.003930207500000001
194.0	0.01185579975
196.0	0.016391353250000004
198.0	0.0110641875
200.0	0.009890709250000001
202.0	0.0070035966
204.0	0.007450625000000001
206.0	0.019129487500000004
208.0	0.012237669
210.0	0.009154969750000002
212.0	0.011213179500000002
214.0	0.01311308575
216.0	0.013886085
218.0	0.015348267500000004
220.0	0.014836070750000001
222.0	0.00903386675
224.0	0.017061908999999997
226.0	0.0136160101
228.0	0.02008872825
230.0	0.01697811
232.0	0.015171335000000003
234.0	0.005196800250000001
236.0	0.015553165249999999
238.0	0.013513561749999998
240.0	0.017331995
242.0	0.019669645000000003
244.0	0.014389009
246.0	0.007851091
248.0	0.009685812250000002
250.0	0.010365667850000003
252.0	0.009657852500000001
254.0	0.012125869999999997
256.0	0.00801873575
258.0	0.015143408999999998
260.0	0.0176393695
262.0	0.006333020250000001
264.0	0.0164565908
266.0	0.006165412
268.0	0.015106148500000001
270.0	0.006752130750000001
272.0	0.011213198499999999
274.0	0.010449488250000001
276.0	0.01285233
278.0	0.00937848
280.0	0.014193431000000003
282.0	0.012982702749999997
284.0	0.0131969145
286.0	0.016177160000000003
288.0	0.016875675
290.0	0.014100334250000004
292.0	0.009024561
294.0	0.0056252425
296.0	0.012461177500000002
298.0	0.01197688
300.0	0.0089686891
302.0	0.013960618999999999
304.0	0.01718298
306.0	0.010142148
308.0	0.021066630000000003
310.0	0.01317830125
312.0	0.01333661
314.0	0.01279643975
316.0	0.0115205265
318.0	0.015748752500000004
320.0	0.020498534250000006
322.0	0.02077792275
324.0	0.021504375000000003
326.0	0.011054853949999999
328.0	0.02177444325
330.0	0.0062678345000000005
332.0	0.0029429947499999996
334.0	0.007282984000000001
336.0	0.00825156575
338.0	0.015292405000000002
340.0	0.020582325
342.0	0.021541577500000006
344.0	0.00665899325
346.0	0.01538554175
348.0	0.0135508275
350.0	0.008186361599999999
352.0	0.009927950000000001
354.0	0.00796286925
356.0	0.009583354999999998
358.0	0.01718299125
360.0	0.023553267750000006
360.0	0.011827870000000002
358.0	0.0098813775
356.0	0.012004811000000002
354.0	0.023404275000000002
352.0	0.01517134
350.0	0.018160889000000003
348.0	0.020684784999999997
346.0	0.020498535000000002
344.0	0.012833692500000002
342.0	0.0144169685
340.0	0.025183110000000005
338.0	0.013923339250000001
336.0	0.02078723425
334.0	0.01367189975
332.0	0.01933436
330.0	0.014752217250000001
328.0	0.004973319
326.0	0.018989774
324.0	0.02511787675
322.0	0.012861613249999999
320.0	0.008763802499999999
318.0	0.013383175
316.0	0.0145194042
314.0	0.01129700575
312.0	0.01166956075
310.0	0.018961821
308.0	0.015487980750000001
306.0	0.010337722500000002
304.0	0.019073597499999997
302.0	0.016018840750000003
300.0	0.019557890000000005
298.0	0.01518062925
296.0	0.010551952500000001
294.0	0.0147801725
292.0	0.01838442
290.0	0.012088637750000002
288.0	0.014146849999999999
286.0	0.01390473
284.0	0.020712739999999997
282.0	0.017779035000000002
280.0	0.016382075
278.0	0.006714875
276.0	0.011166611750000001
274.0	0.010384294999999998
272.0	0.0213926023
270.0	0.014193431749999999
268.0	0.011380814999999999
266.0	0.015543845
264.0	0.018784885
262.0	0.014277242500000002
260.0	0.021420569200000003
258.0	0.0126381085
256.0	0.01300133475
254.0	0.0159536625
252.0	0.0189897725
250.0	0.015832560250000002
248.0	0.010887225
246.0	0.0199490575
244.0	0.010607819999999999
242.0	0.012284207500000002
240.0	0.016251665
238.0	0.015953630000000003
236.0	0.0102353125
234.0	0.0170805385
232.0	0.017518275000000003
230.0	0.00947161
228.0	0.014575285
226.0	0.0130665525
224.0	0.012852324100000003
222.0	0.012293538950000002
220.0	0.024000314999999998
218.0	0.0154414275
216.0	0.0020861502500000005
214.0	0.014230694100000002
212.0	0.011855815
210.0	0.0061374505
208.0	0.0044517525
206.0	-0.031041285000000002
204.0	0.0161678375
202.0	0.010468132750000001
200.0	-0.004302747500000002
198.0	0.0081118615
196.0	0.016847745
194.0	0.010952390499999999
192.0	0.019613752500000005
190.0	0.0180398225
188.0	0.014705667500000002
186.0	0.014416961750000002
184.0	0.015553177250000001
182.0	0.01605607075
180.0	0.012256241600000002
178.0	0.01945542225
176.0	0.01801187
174.0	0.007646215750000001
172.0	0.013373880000000003
170.0	0.0160188365
168.0	0.005075735000000001
166.0	0.018365787500000005
164.0	0.0134949425
162.0	0.018691747500000005
160.0	0.023068952499999996
158.0	0.010728879699999997
156.0	0.020973485500000003
154.0	0.010989652499999997
152.0	0.018440312499999997
150.0	0.010859297499999998
148.0	0.0264031575
146.0	0.017248190900000005
144.0	0.014351762500000002
142.0	0.0167545825
140.0	0.016335495
138.0	0.01162297825
136.0	0.01840303725
134.0	0.01476154
132.0	0.0172575075
130.0	0.011492572499999998
128.0	0.016791864250000003
126.0	0.015134080499999997
124.0	0.012423887250000001
122.0	0.014146872500000001
120.0	0.0259747615
118.0	0.01237734835
116.0	0.01478017575
114.0	0.012395972500000003
112.0	0.00434930975
110.0	0.017574134999999998
108.0	0.00934122375
106.0	0.022370495000000004
104.0	0.018645195800000004
102.0	0.017695224999999995
100.0	0.018850082499999997
98.0	0.016866344999999998
96.0	0.025788495750000005
94.0	0.01844959185
92.0	0.010151472500000001
90.0	0.0248105667
88.0	0.018188832500000002
86.0	0.012461165250000001
84.0	0.013504265750000001
82.0	0.016260964750000002
80.0	0.015553157500000003
78.0	0.020125986999999998
76.0	0.016773198500000003
74.0	0.008912799999999999
72.0	0.0144262715
70.0	0.018673103750000003
68.0	0.01481742275
66.0	0.010775462500000001
64.0	0.02284547075
62.0	0.014724292000000002
60.0	0.0165404075
58.0	0.017900105
56.0	0.021131815000000005
54.0	0.007860408950000002
52.0	0.01697810075
50.0	0.016819761500000002
48.0	0.019949053499999998
46.0	0.019697574750000002
44.0	0.016382075
42.0	0.018868697500000003
40.0	0.012163162499999998
38.0	0.020414707499999997
36.0	0.0010710535000000001
34.0	0.033956215000000005
32.0	0.020302942499999997
30.0	0.012135227
28.0	0.00800011
26.0	0.013373858500000002
24.0	0.022752334000000003
22.0	0.0262448075
20.0	0.018542735
18.0	0.0160747295
16.0	0.007934909
14.0	0.011874450000000002
12.0	0.019101537499999998
10.0	0.014621835000000001
8.0	0.0112224985
6.0	0.015106157000000002
4.0	0.01846822
2.0	0.00902457025
0.0	0.017564837750000003
