Initial Temperature (K)	0.0250612
Excitation Current (A)	3.7833766233766237e-13
Axis 1,2	x,y
Angle	0
Field (T)	Current (A)	Resistance (Ohms)
-0.015	-0.0002	0.088695
-0.015	-0.000199	0.08937953
-0.015	-0.000198	0.09405475
-0.015	-0.000197	0.09368228
-0.015	-0.000196	0.09778482
-0.015	-0.000195	0.09628068
-0.015	-0.000194	0.08112328
-0.015	-0.000193	0.09212233
-0.015	-0.000192	0.0846484
-0.015	-0.000191	0.09498145
-0.015	-0.00019	0.09488367
-0.015	-0.000189	0.09486975
-0.015	-0.000188	0.0943668
-0.015	-0.000187	0.09570325
-0.015	-0.000186	0.08008017
-0.015	-0.000185	0.09957303
-0.015	-0.000184	0.09283472
-0.015	-0.000183	0.0953586
-0.015	-0.000182	0.09184288
-0.015	-0.000181	0.0830279
-0.015	-0.00018	0.09908868
-0.015	-0.000179	0.09646685
-0.015	-0.000178	0.09644835
-0.015	-0.000177	0.09079052
-0.015	-0.000176	0.10877907
-0.015	-0.000175	0.09540523
-0.015	-0.000174	0.08580795
-0.015	-0.000173	0.10173368
-0.015	-0.000172	0.090688
-0.015	-0.000171	0.10840662
-0.015	-0.00017	0.10284198
-0.015	-0.000169	0.08615712
-0.015	-0.000168	0.08572397
-0.015	-0.000167	0.08937485
-0.015	-0.000166	0.09088365
-0.015	-0.000165	0.1021853
-0.015	-0.000164	0.08578922
-0.015	-0.000163	0.1072843
-0.015	-0.000162	0.1061062
-0.015	-0.000161	0.09347275
-0.015	-0.00016	0.0965834
-0.015	-0.000159	0.09161935
-0.015	-0.000158	0.09661138
-0.015	-0.000157	0.07905103
-0.015	-0.000156	0.09170313
-0.015	-0.000155	0.0828602
-0.015	-0.000154	0.10059738
-0.015	-0.000153	0.08913748
-0.015	-0.000152	0.1022691
-0.015	-0.000151	0.09797568
-0.015	-0.00015	0.0883691
-0.015	-0.000149	0.08410817
-0.015	-0.000148	0.10307003
-0.015	-0.000147	0.09478588
-0.015	-0.000146	0.08692553
-0.015	-0.000145	0.08661812
-0.015	-0.000144	0.07982875
-0.015	-0.000143	0.09383592
-0.015	-0.000142	0.09591278
-0.015	-0.000141	0.09534938
-0.015	-0.00014	0.1105254
-0.015	-0.000139	0.09694195
-0.015	-0.000138	0.0970677
-0.015	-0.000137	0.09171253
-0.015	-0.000136	0.08344685
-0.015	-0.000135	0.0801035
-0.015	-0.000134	0.08732128
-0.015	-0.000133	0.10785253
-0.015	-0.000132	0.08842028
-0.015	-0.000131	0.09431085
-0.015	-0.00013	0.09662995
-0.015	-0.000129	0.09196395
-0.015	-0.000128	0.08919792
-0.015	-0.000127	0.09234118
-0.015	-0.000126	0.08164485
-0.015	-0.000125	0.0988931
-0.015	-0.000124	0.10034598
-0.015	-0.000123	0.09740765
-0.015	-0.000122	0.10011305
-0.015	-0.000121	0.09050645
-0.015	-0.00012	0.10286055
-0.015	-0.000119	0.0986602
-0.015	-0.000118	0.11105622
-0.015	-0.000117	0.0903434
-0.015	-0.000116	0.09195465
-0.015	-0.000115	0.10676758
-0.015	-0.000114	0.10503518
-0.015	-0.000113	0.1090772
-0.015	-0.000112	0.0813142
-0.015	-0.000111	0.09626208
-0.015	-0.00011	0.08904428
-0.015	-0.000109	0.09563805
-0.015	-0.000108	0.09946115
-0.015	-0.000107	0.0891607
-0.015	-0.000106	0.09532142
-0.015	-0.000105	0.08610118
-0.015	-0.000104	0.0974261
-0.015	-0.000103	0.09900485
-0.015	-0.000102	0.09285335
-0.015	-0.000101	0.10007125
-0.015	-0.0001	0.09458568
-0.015	-9.9e-05	0.0958151
-0.015	-9.8e-05	0.08487652
-0.015	-9.7e-05	0.08479735
-0.015	-9.6e-05	0.09378473
-0.015	-9.5e-05	0.09364508
-0.015	-9.4e-05	0.1006952
-0.015	-9.3e-05	0.0974076
-0.015	-9.2e-05	0.10427623
-0.015	-9.1e-05	0.09671845
-0.015	-9e-05	0.09400357
-0.015	-8.9e-05	0.09521893
-0.015	-8.8e-05	0.10240422
-0.015	-8.7e-05	0.09559613
-0.015	-8.6e-05	0.10905855
-0.015	-8.5e-05	0.10064862
-0.015	-8.4e-05	0.09456702
-0.015	-8.3e-05	0.09884185
-0.015	-8.2e-05	0.0858917
-0.015	-8.1e-05	0.0896776
-0.015	-8e-05	0.10266038
-0.015	-7.9e-05	0.10122608
-0.015	-7.8e-05	0.10440192
-0.015	-7.7e-05	0.10008982
-0.015	-7.6e-05	0.09700242
-0.015	-7.5e-05	0.10014572
-0.015	-7.4e-05	0.08206392
-0.015	-7.3e-05	0.10391763
-0.015	-7.2e-05	0.1033635
-0.015	-7.1e-05	0.08435498
-0.015	-7e-05	0.1110096
-0.015	-6.9e-05	0.08188707
-0.015	-6.8e-05	0.10572905
-0.015	-6.7e-05	0.0953773
-0.015	-6.6e-05	0.09595005
-0.015	-6.5e-05	0.10151935
-0.015	-6.4e-05	0.10123078
-0.015	-6.3e-05	0.09202918
-0.015	-6.2e-05	0.09529342
-0.015	-6.1e-05	0.10050898
-0.015	-6e-05	0.09126552
-0.015	-5.9e-05	0.10752185
-0.015	-5.8e-05	0.10289783
-0.015	-5.7e-05	0.10203158
-0.015	-5.6e-05	0.09243425
-0.015	-5.5e-05	0.1051004
-0.015	-5.4e-05	0.09654145
-0.015	-5.3e-05	0.10261375
-0.015	-5.2e-05	0.09353795
-0.015	-5.1e-05	0.1051004
-0.015	-5e-05	0.11818093
-0.015	-4.9e-05	0.0996149
-0.015	-4.8e-05	0.11104225
-0.015	-4.7e-05	0.11867453
-0.015	-4.6e-05	0.11466505
-0.015	-4.5e-05	0.0957405
-0.015	-4.4e-05	0.10173832
-0.015	-4.3e-05	0.10927743
-0.015	-4.2e-05	0.11978278
-0.015	-4.1e-05	0.113813
-0.015	-4e-05	0.11215048
-0.015	-3.9e-05	0.1255011
-0.015	-3.8e-05	0.120281
-0.015	-3.7e-05	0.12937543
-0.015	-3.6e-05	0.13802738
-0.015	-3.5e-05	0.12376885
-0.015	-3.4e-05	0.12575255
-0.015	-3.3e-05	0.14104018
-0.015	-3.2e-05	0.14586913
-0.015	-3.1e-05	0.14342902
-0.015	-3e-05	0.1433173
-0.015	-2.9e-05	0.14820675
-0.015	-2.8e-05	0.1473313
-0.015	-2.7e-05	0.15364565
-0.015	-2.6e-05	0.14428582
-0.015	-2.5e-05	0.13562455
-0.015	-2.4e-05	0.13943838
-0.015	-2.3e-05	0.1336222
-0.015	-2.2e-05	0.1323929
-0.015	-2.1e-05	0.1223532
-0.015	-2e-05	0.10399212
-0.015	-1.9e-05	0.11681652
-0.015	-1.8e-05	0.09111178
-0.015	-1.7e-05	0.086646
-0.015	-1.6e-05	0.07578672
-0.015	-1.5e-05	0.06997525
-0.015	-1.4e-05	0.0566294
-0.015	-1.3e-05	0.0547248
-0.015	-1.2e-05	0.0494535
-0.015	-1.1e-05	0.04741389
-0.015	-1e-05	0.03977698
-0.015	-9e-06	0.03529265
-0.015	-8e-06	0.02565811
-0.015	-7e-06	0.01455665
-0.015	-6e-06	0.01676391
-0.015	-5e-06	0.01567888
-0.015	-4e-06	0.01167417
-0.015	-3e-06	0.0117813
-0.015	-2e-06	0.02471745
-0.015	-1e-06	0.00917822
-0.015	0.0	0.00745994
-0.015	1e-06	0.00481961
-0.015	2e-06	-0.00669158
-0.015	3e-06	0.01699671
-0.015	4e-06	0.01306187
-0.015	5e-06	0.00781384
-0.015	6e-06	0.01824469
-0.015	7e-06	0.02354395
-0.015	8e-06	0.01758349
-0.015	9e-06	0.02962551
-0.015	1e-05	0.02841946
-0.015	1.1e-05	0.0371041
-0.015	1.2e-05	0.05725335
-0.015	1.3e-05	0.0556515
-0.015	1.4e-05	0.07059928
-0.015	1.5e-05	0.07002188
-0.015	1.6e-05	0.07790088
-0.015	1.7e-05	0.09109318
-0.015	1.8e-05	0.10039712
-0.015	1.9e-05	0.10350312
-0.015	2e-05	0.12368503
-0.015	2.1e-05	0.12975728
-0.015	2.2e-05	0.1447608
-0.015	2.3e-05	0.14666538
-0.015	2.4e-05	0.1465257
-0.015	2.5e-05	0.1476526
-0.015	2.6e-05	0.14413225
-0.015	2.7e-05	0.14859328
-0.015	2.8e-05	0.14951988
-0.015	2.9e-05	0.14633478
-0.015	3e-05	0.1531195
-0.015	3.1e-05	0.14364325
-0.015	3.2e-05	0.13822298
-0.015	3.3e-05	0.1391077
-0.015	3.4e-05	0.1327841
-0.015	3.5e-05	0.12853722
-0.015	3.6e-05	0.1258084
-0.015	3.7e-05	0.10906788
-0.015	3.8e-05	0.1242252
-0.015	3.9e-05	0.11615525
-0.015	4e-05	0.1223998
-0.015	4.1e-05	0.11423205
-0.015	4.2e-05	0.1094217
-0.015	4.3e-05	0.1152053
-0.015	4.4e-05	0.11744975
-0.015	4.5e-05	0.10730298
-0.015	4.6e-05	0.10230645
-0.015	4.7e-05	0.10905858
-0.015	4.8e-05	0.10040642
-0.015	4.9e-05	0.11353822
-0.015	5e-05	0.0936264
-0.015	5.1e-05	0.10371278
-0.015	5.2e-05	0.10514233
-0.015	5.3e-05	0.094879
-0.015	5.4e-05	0.09919575
-0.015	5.5e-05	0.10408522
-0.015	5.6e-05	0.1117873
-0.015	5.7e-05	0.09968478
-0.015	5.8e-05	0.0927183
-0.015	5.9e-05	0.10041577
-0.015	6e-05	0.11034838
-0.015	6.1e-05	0.08822005
-0.015	6.2e-05	0.08860652
-0.015	6.3e-05	0.10521683
-0.015	6.4e-05	0.0980549
-0.015	6.5e-05	0.100481
-0.015	6.6e-05	0.09645292
-0.015	6.7e-05	0.09354728
-0.015	6.8e-05	0.0890163
-0.015	6.9e-05	0.1032517
-0.015	7e-05	0.11192238
-0.015	7.1e-05	0.09054357
-0.015	7.2e-05	0.09240627
-0.015	7.3e-05	0.09741225
-0.015	7.4e-05	0.0969466
-0.015	7.5e-05	0.09968938
-0.015	7.6e-05	0.09336095
-0.015	7.7e-05	0.0894168
-0.015	7.8e-05	0.10538915
-0.015	7.9e-05	0.10529595
-0.015	8e-05	0.09299305
-0.015	8.1e-05	0.09631785
-0.015	8.2e-05	0.10722845
-0.015	8.3e-05	0.09247625
-0.015	8.4e-05	0.0960292
-0.015	8.5e-05	0.10062528
-0.015	8.6e-05	0.09332365
-0.015	8.7e-05	0.09681628
-0.015	8.8e-05	0.10137042
-0.015	8.9e-05	0.09150762
-0.015	9e-05	0.0986509
-0.015	9.1e-05	0.1015613
-0.015	9.2e-05	0.09439008
-0.015	9.3e-05	0.08864382
-0.015	9.4e-05	0.09205712
-0.015	9.5e-05	0.09208502
-0.015	9.6e-05	0.09485572
-0.015	9.7e-05	0.09687213
-0.015	9.8e-05	0.0929512
-0.015	9.9e-05	0.11252778
-0.015	0.0001	0.0951119
-0.015	0.000101	0.0904226
-0.015	0.000102	0.11096773
-0.015	0.000103	0.08827592
-0.015	0.000104	0.0854353
-0.015	0.000105	0.08538408
-0.015	0.000106	0.09503745
-0.015	0.000107	0.09656935
-0.015	0.000108	0.09516313
-0.015	0.000109	0.09065075
-0.015	0.00011	0.09712823
-0.015	0.000111	0.09682088
-0.015	0.000112	0.09194992
-0.015	0.000113	0.08372168
-0.015	0.000114	0.09510253
-0.015	0.000115	0.10370805
-0.015	0.000116	0.09191272
-0.015	0.000117	0.10259048
-0.015	0.000118	0.10289775
-0.015	0.000119	0.10902132
-0.015	0.00012	0.09519105
-0.015	0.000121	0.09613638
-0.015	0.000122	0.0945298
-0.015	0.000123	0.09026428
-0.015	0.000124	0.09702572
-0.015	0.000125	0.0973983
-0.015	0.000126	0.0959501
-0.015	0.000127	0.09617355
-0.015	0.000128	0.10017365
-0.015	0.000129	0.09588485
-0.015	0.00013	0.09226662
-0.015	0.000131	0.09406417
-0.015	0.000132	0.09527023
-0.015	0.000133	0.0901246
-0.015	0.000134	0.0906834
-0.015	0.000135	0.10344263
-0.015	0.000136	0.08672052
-0.015	0.000137	0.0840663
-0.015	0.000138	0.0939523
-0.015	0.000139	0.09384993
-0.015	0.00014	0.09604788
-0.015	0.000141	0.08569145
-0.015	0.000142	0.0960152
-0.015	0.000143	0.09673243
-0.015	0.000144	0.0994658
-0.015	0.000145	0.10620405
-0.015	0.000146	0.092546
-0.015	0.000147	0.09054832
-0.015	0.000148	0.09110248
-0.015	0.000149	0.11134492
-0.015	0.00015	0.08772178
-0.015	0.000151	0.09495358
-0.015	0.000152	0.09034808
-0.015	0.000153	0.08468565
-0.015	0.000154	0.1016731
-0.015	0.000155	0.0897521
-0.015	0.000156	0.10174768
-0.015	0.000157	0.10210155
-0.015	0.000158	0.08646445
-0.015	0.000159	0.0952283
-0.015	0.00016	0.09732382
-0.015	0.000161	0.09787328
-0.015	0.000162	0.09225733
-0.015	0.000163	0.1111494
-0.015	0.000164	0.09198717
-0.015	0.000165	0.10265098
-0.015	0.000166	0.08843892
-0.015	0.000167	0.0993821
-0.015	0.000168	0.08928638
-0.015	0.000169	0.09489298
-0.015	0.00017	0.10279065
-0.015	0.000171	0.10165918
-0.015	0.000172	0.09442265
-0.015	0.000173	0.10538445
-0.015	0.000174	0.097999
-0.015	0.000175	0.09950775
-0.015	0.000176	0.09844598
-0.015	0.000177	0.09816198
-0.015	0.000178	0.0879033
-0.015	0.000179	0.09103265
-0.015	0.00018	0.10245075
-0.015	0.000181	0.09778018
-0.015	0.000182	0.09933538
-0.015	0.000183	0.09361705
-0.015	0.000184	0.09730513
-0.015	0.000185	0.08692548
-0.015	0.000186	0.08909078
-0.015	0.000187	0.0983948
-0.015	0.000188	0.09656013
-0.015	0.000189	0.0956334
-0.015	0.00019	0.09204308
-0.015	0.000191	0.09385458
-0.015	0.000192	0.09763113
-0.015	0.000193	0.1071401
-0.015	0.000194	0.09230385
-0.015	0.000195	0.09745417
-0.015	0.000196	0.0932865
-0.015	0.000197	0.10945902
-0.015	0.000198	0.09779418
-0.015	0.000199	0.09237838
-0.015	0.0002	0.08656688
-0.0146	0.0002	0.09229465
-0.0146	0.000199	0.10133317
-0.0146	0.000198	0.08520248
-0.0146	0.000197	0.09944255
-0.0146	0.000196	0.08998492
-0.0146	0.000195	0.10658115
-0.0146	0.000194	0.0881269
-0.0146	0.000193	0.10507702
-0.0146	0.000192	0.09455308
-0.0146	0.000191	0.0879453
-0.0146	0.00019	0.10013643
-0.0146	0.000189	0.0967463
-0.0146	0.000188	0.11119125
-0.0146	0.000187	0.1005694
-0.0146	0.000186	0.0906554
-0.0146	0.000185	0.08818743
-0.0146	0.000184	0.08442015
-0.0146	0.000183	0.07965172
-0.0146	0.000182	0.09253205
-0.0146	0.000181	0.09873938
-0.0146	0.00018	0.08720485
-0.0146	0.000179	0.08517458
-0.0146	0.000178	0.0959734
-0.0146	0.000177	0.0985252
-0.0146	0.000176	0.09692325
-0.0146	0.000175	0.08713038
-0.0146	0.000174	0.0944878
-0.0146	0.000173	0.1099247
-0.0146	0.000172	0.10278605
-0.0146	0.000171	0.09313275
-0.0146	0.00017	0.09777082
-0.0146	0.000169	0.08300448
-0.0146	0.000168	0.084802
-0.0146	0.000167	0.0951305
-0.0146	0.000166	0.08849017
-0.0146	0.000165	0.09590345
-0.0146	0.000164	0.09253682
-0.0146	0.000163	0.08520248
-0.0146	0.000162	0.08302325
-0.0146	0.000161	0.08676715
-0.0146	0.00016	0.09157748
-0.0146	0.000159	0.08273918
-0.0146	0.000158	0.10454155
-0.0146	0.000157	0.0975985
-0.0146	0.000156	0.0860081
-0.0146	0.000155	0.0822688
-0.0146	0.000154	0.0920152
-0.0146	0.000153	0.09552168
-0.0146	0.000152	0.09265778
-0.0146	0.000151	0.08582653
-0.0146	0.00015	0.0982504
-0.0146	0.000149	0.0909953
-0.0146	0.000148	0.09831568
-0.0146	0.000147	0.10126795
-0.0146	0.000146	0.08869965
-0.0146	0.000145	0.08848545
-0.0146	0.000144	0.09232718
-0.0146	0.000143	0.10456488
-0.0146	0.000142	0.08428525
-0.0146	0.000141	0.0876286
-0.0146	0.00014	0.08259942
-0.0146	0.000139	0.08989645
-0.0146	0.000138	0.07827802
-0.0146	0.000137	0.0823992
-0.0146	0.000136	0.10252058
-0.0146	0.000135	0.09617352
-0.0146	0.000134	0.10212018
-0.0146	0.000133	0.09229458
-0.0146	0.000132	0.08767985
-0.0146	0.000131	0.09577305
-0.0146	0.00013	0.08736783
-0.0146	0.000129	0.0850349
-0.0146	0.000128	0.10498398
-0.0146	0.000127	0.09602925
-0.0146	0.000126	0.0864691
-0.0146	0.000125	0.09891172
-0.0146	0.000124	0.09029225
-0.0146	0.000123	0.10187335
-0.0146	0.000122	0.09752395
-0.0146	0.000121	0.0979478
-0.0146	0.00012	0.09228065
-0.0146	0.000119	0.1067721
-0.0146	0.000118	0.1011096
-0.0146	0.000117	0.09934945
-0.0146	0.000116	0.10127738
-0.0146	0.000115	0.0995962
-0.0146	0.000114	0.0982923
-0.0146	0.000113	0.08907218
-0.0146	0.000112	0.0988139
-0.0146	0.000111	0.0945717
-0.0146	0.00011	0.09201052
-0.0146	0.000109	0.09890235
-0.0146	0.000108	0.07780768
-0.0146	0.000107	0.10233895
-0.0146	0.000106	0.09949385
-0.0146	0.000105	0.0960013
-0.0146	0.000104	0.08869032
-0.0146	0.000103	0.0977522
-0.0146	0.000102	0.09218278
-0.0146	0.000101	0.08849012
-0.0146	0.0001	0.10084885
-0.0146	9.9e-05	0.10054617
-0.0146	9.8e-05	0.10102578
-0.0146	9.7e-05	0.08667405
-0.0146	9.6e-05	0.0953447
-0.0146	9.5e-05	0.09551232
-0.0146	9.4e-05	0.09208035
-0.0146	9.3e-05	0.1033868
-0.0146	9.2e-05	0.10804335
-0.0146	9.1e-05	0.0998105
-0.0146	9e-05	0.09093018
-0.0146	8.9e-05	0.09452985
-0.0146	8.8e-05	0.08958905
-0.0146	8.7e-05	0.10123065
-0.0146	8.6e-05	0.09114442
-0.0146	8.5e-05	0.09799432
-0.0146	8.4e-05	0.10538915
-0.0146	8.3e-05	0.10236225
-0.0146	8.2e-05	0.08799183
-0.0146	8.1e-05	0.1069118
-0.0146	8e-05	0.09341222
-0.0146	7.9e-05	0.10987808
-0.0146	7.8e-05	0.08813615
-0.0146	7.7e-05	0.11002245
-0.0146	7.6e-05	0.10413645
-0.0146	7.5e-05	0.10220863
-0.0146	7.4e-05	0.0970211
-0.0146	7.3e-05	0.10158463
-0.0146	7.2e-05	0.10800605
-0.0146	7.1e-05	0.0933936
-0.0146	7e-05	0.1099154
-0.0146	6.9e-05	0.1005508
-0.0146	6.8e-05	0.0882014
-0.0146	6.7e-05	0.09965212
-0.0146	6.6e-05	0.09633652
-0.0146	6.5e-05	0.0953353
-0.0146	6.4e-05	0.0988977
-0.0146	6.3e-05	0.10690245
-0.0146	6.2e-05	0.0955915
-0.0146	6.1e-05	0.1043367
-0.0146	6e-05	0.10914233
-0.0146	5.9e-05	0.09093488
-0.0146	5.8e-05	0.10000605
-0.0146	5.7e-05	0.09775688
-0.0146	5.6e-05	0.09334702
-0.0146	5.5e-05	0.10996192
-0.0146	5.4e-05	0.09595005
-0.0146	5.3e-05	0.10545425
-0.0146	5.2e-05	0.10608752
-0.0146	5.1e-05	0.0972167
-0.0146	5e-05	0.10366155
-0.0146	4.9e-05	0.10666505
-0.0146	4.8e-05	0.09792445
-0.0146	4.7e-05	0.10080225
-0.0146	4.6e-05	0.09685812
-0.0146	4.5e-05	0.1011795
-0.0146	4.4e-05	0.1018407
-0.0146	4.3e-05	0.11005508
-0.0146	4.2e-05	0.1005974
-0.0146	4.1e-05	0.1008675
-0.0146	4e-05	0.09909328
-0.0146	3.9e-05	0.09660672
-0.0146	3.8e-05	0.10233438
-0.0146	3.7e-05	0.09440873
-0.0146	3.6e-05	0.1002248
-0.0146	3.5e-05	0.10754042
-0.0146	3.4e-05	0.10667428
-0.0146	3.3e-05	0.10860682
-0.0146	3.2e-05	0.107317
-0.0146	3.1e-05	0.1204487
-0.0146	3e-05	0.11459055
-0.0146	2.9e-05	0.10947762
-0.0146	2.8e-05	0.11657433
-0.0146	2.7e-05	0.11297015
-0.0146	2.6e-05	0.12231595
-0.0146	2.5e-05	0.12006688
-0.0146	2.4e-05	0.12150572
-0.0146	2.3e-05	0.13195517
-0.0146	2.2e-05	0.12462095
-0.0146	2.1e-05	0.1094404
-0.0146	2e-05	0.1180225
-0.0146	1.9e-05	0.11241598
-0.0146	1.8e-05	0.10782458
-0.0146	1.7e-05	0.11176873
-0.0146	1.6e-05	0.1068047
-0.0146	1.5e-05	0.10138435
-0.0146	1.4e-05	0.11087935
-0.0146	1.3e-05	0.10278598
-0.0146	1.2e-05	0.09390573
-0.0146	1.1e-05	0.08342362
-0.0146	1e-05	0.08033632
-0.0146	9e-06	0.07404983
-0.0146	8e-06	0.06458285
-0.0146	7e-06	0.05622895
-0.0146	6e-06	0.05612647
-0.0146	5e-06	0.05494835
-0.0146	4e-06	0.05147916
-0.0146	3e-06	0.0437817
-0.0146	2e-06	0.03530667
-0.0146	1e-06	0.04167696
-0.0146	0.0	0.03600508
-0.0146	-1e-06	0.04917415
-0.0146	-2e-06	0.03238693
-0.0146	-3e-06	0.03244277
-0.0146	-4e-06	0.02858712
-0.0146	-5e-06	0.0414767
-0.0146	-6e-06	0.03731829
-0.0146	-7e-06	0.04928118
-0.0146	-8e-06	0.03887359
-0.0146	-9e-06	0.06378657
-0.0146	-1e-05	0.05899028
-0.0146	-1.1e-05	0.05633137
-0.0146	-1.2e-05	0.07518145
-0.0146	-1.3e-05	0.08055058
-0.0146	-1.4e-05	0.08796388
-0.0146	-1.5e-05	0.09724928
-0.0146	-1.6e-05	0.10507705
-0.0146	-1.7e-05	0.1019199
-0.0146	-1.8e-05	0.1099945
-0.0146	-1.9e-05	0.1037965
-0.0146	-2e-05	0.10999915
-0.0146	-2.1e-05	0.11780828
-0.0146	-2.2e-05	0.11276985
-0.0146	-2.3e-05	0.11875362
-0.0146	-2.4e-05	0.12480728
-0.0146	-2.5e-05	0.1170354
-0.0146	-2.6e-05	0.11284902
-0.0146	-2.7e-05	0.12534272
-0.0146	-2.8e-05	0.12307498
-0.0146	-2.9e-05	0.12779678
-0.0146	-3e-05	0.1166814
-0.0146	-3.1e-05	0.12161748
-0.0146	-3.2e-05	0.1042576
-0.0146	-3.3e-05	0.10615748
-0.0146	-3.4e-05	0.11951262
-0.0146	-3.5e-05	0.11282112
-0.0146	-3.6e-05	0.11425532
-0.0146	-3.7e-05	0.12180375
-0.0146	-3.8e-05	0.10849975
-0.0146	-3.9e-05	0.10561732
-0.0146	-4e-05	0.09710028
-0.0146	-4.1e-05	0.100481
-0.0146	-4.2e-05	0.09910722
-0.0146	-4.3e-05	0.1021434
-0.0146	-4.4e-05	0.09785465
-0.0146	-4.5e-05	0.09475325
-0.0146	-4.6e-05	0.10976163
-0.0146	-4.7e-05	0.10452297
-0.0146	-4.8e-05	0.0933516
-0.0146	-4.9e-05	0.10087672
-0.0146	-5e-05	0.09723065
-0.0146	-5.1e-05	0.09953565
-0.0146	-5.2e-05	0.10566382
-0.0146	-5.3e-05	0.09458098
-0.0146	-5.4e-05	0.09558682
-0.0146	-5.5e-05	0.104537
-0.0146	-5.6e-05	0.0942691
-0.0146	-5.7e-05	0.10295835
-0.0146	-5.8e-05	0.10189198
-0.0146	-5.9e-05	0.1013844
-0.0146	-6e-05	0.1050166
-0.0146	-6.1e-05	0.1099014
-0.0146	-6.2e-05	0.10633908
-0.0146	-6.3e-05	0.092546
-0.0146	-6.4e-05	0.09570795
-0.0146	-6.5e-05	0.09270905
-0.0146	-6.6e-05	0.09004552
-0.0146	-6.7e-05	0.0988838
-0.0146	-6.8e-05	0.09984765
-0.0146	-6.9e-05	0.10090475
-0.0146	-7e-05	0.09487902
-0.0146	-7.1e-05	0.08625482
-0.0146	-7.2e-05	0.10435538
-0.0146	-7.3e-05	0.10129125
-0.0146	-7.4e-05	0.09598725
-0.0146	-7.5e-05	0.08819205
-0.0146	-7.6e-05	0.09811073
-0.0146	-7.7e-05	0.0953959
-0.0146	-7.8e-05	0.09988497
-0.0146	-7.9e-05	0.09037605
-0.0146	-8e-05	0.09056688
-0.0146	-8.1e-05	0.07996375
-0.0146	-8.2e-05	0.09045523
-0.0146	-8.3e-05	0.09857645
-0.0146	-8.4e-05	0.09384522
-0.0146	-8.5e-05	0.10015038
-0.0146	-8.6e-05	0.09864158
-0.0146	-8.7e-05	0.09926555
-0.0146	-8.8e-05	0.10026685
-0.0146	-8.9e-05	0.0858637
-0.0146	-9e-05	0.09306763
-0.0146	-9.1e-05	0.08586843
-0.0146	-9.2e-05	0.09291395
-0.0146	-9.3e-05	0.09384052
-0.0146	-9.4e-05	0.10089085
-0.0146	-9.5e-05	0.09331442
-0.0146	-9.6e-05	0.09710492
-0.0146	-9.7e-05	0.08807095
-0.0146	-9.8e-05	0.0916566
-0.0146	-9.9e-05	0.09789188
-0.0146	-0.0001	0.0964343
-0.0146	-0.000101	0.09891178
-0.0146	-0.000102	0.09032015
-0.0146	-0.000103	0.09624815
-0.0146	-0.000104	0.106027
-0.0146	-0.000105	0.0829161
-0.0146	-0.000106	0.0908837
-0.0146	-0.000107	0.09755203
-0.0146	-0.000108	0.10136115
-0.0146	-0.000109	0.08462508
-0.0146	-0.00011	0.09629005
-0.0146	-0.000111	0.10552418
-0.0146	-0.000112	0.081086
-0.0146	-0.000113	0.10136582
-0.0146	-0.000114	0.08737245
-0.0146	-0.000115	0.09166595
-0.0146	-0.000116	0.09507455
-0.0146	-0.000117	0.1027488
-0.0146	-0.000118	0.09650415
-0.0146	-0.000119	0.10161715
-0.0146	-0.00012	0.09434352
-0.0146	-0.000121	0.10112832
-0.0146	-0.000122	0.09737505
-0.0146	-0.000123	0.10273015
-0.0146	-0.000124	0.10223195
-0.0146	-0.000125	0.09451115
-0.0146	-0.000126	0.09304433
-0.0146	-0.000127	0.09178705
-0.0146	-0.000128	0.10401535
-0.0146	-0.000129	0.08987777
-0.0146	-0.00013	0.0802339
-0.0146	-0.000131	0.0982365
-0.0146	-0.000132	0.09576378
-0.0146	-0.000133	0.08903022
-0.0146	-0.000134	0.09383592
-0.0146	-0.000135	0.10700495
-0.0146	-0.000136	0.0943109
-0.0146	-0.000137	0.10569645
-0.0146	-0.000138	0.09528883
-0.0146	-0.000139	0.09547042
-0.0146	-0.00014	0.09137253
-0.0146	-0.000141	0.08543995
-0.0146	-0.000142	0.09595
-0.0146	-0.000143	0.09348195
-0.0146	-0.000144	0.08734925
-0.0146	-0.000145	0.09342152
-0.0146	-0.000146	0.09565202
-0.0146	-0.000147	0.09269972
-0.0146	-0.000148	0.10248803
-0.0146	-0.000149	0.09225268
-0.0146	-0.00015	0.09722598
-0.0146	-0.000151	0.09205248
-0.0146	-0.000152	0.09572652
-0.0146	-0.000153	0.10327968
-0.0146	-0.000154	0.10142165
-0.0146	-0.000155	0.11193635
-0.0146	-0.000156	0.0839219
-0.0146	-0.000157	0.08899298
-0.0146	-0.000158	0.1005601
-0.0146	-0.000159	0.09303507
-0.0146	-0.00016	0.1057197
-0.0146	-0.000161	0.08249238
-0.0146	-0.000162	0.08566355
-0.0146	-0.000163	0.09323988
-0.0146	-0.000164	0.08955185
-0.0146	-0.000165	0.09608505
-0.0146	-0.000166	0.08239458
-0.0146	-0.000167	0.09388718
-0.0146	-0.000168	0.08936083
-0.0146	-0.000169	0.10454155
-0.0146	-0.00017	0.09122358
-0.0146	-0.000171	0.09197788
-0.0146	-0.000172	0.09235975
-0.0146	-0.000173	0.0917731
-0.0146	-0.000174	0.1026464
-0.0146	-0.000175	0.08991502
-0.0146	-0.000176	0.10351725
-0.0146	-0.000177	0.09955898
-0.0146	-0.000178	0.10094662
-0.0146	-0.000179	0.09870208
-0.0146	-0.00018	0.0916892
-0.0146	-0.000181	0.10187792
-0.0146	-0.000182	0.08505348
-0.0146	-0.000183	0.09850197
-0.0146	-0.000184	0.09007343
-0.0146	-0.000185	0.0967649
-0.0146	-0.000186	0.09514448
-0.0146	-0.000187	0.09885578
-0.0146	-0.000188	0.08660875
-0.0146	-0.000189	0.09172642
-0.0146	-0.00019	0.10286525
-0.0146	-0.000191	0.10209228
-0.0146	-0.000192	0.0917591
-0.0146	-0.000193	0.09037615
-0.0146	-0.000194	0.09833895
-0.0146	-0.000195	0.09353792
-0.0146	-0.000196	0.10063468
-0.0146	-0.000197	0.10432278
-0.0146	-0.000198	0.08848078
-0.0146	-0.000199	0.09336092
-0.0146	-0.0002	0.0920804
-0.0142	-0.0002	0.09468345
-0.0142	-0.000199	0.09598742
-0.0142	-0.000198	0.09652748
-0.0142	-0.000197	0.08163085
-0.0142	-0.000196	0.095014
-0.0142	-0.000195	0.08943542
-0.0142	-0.000194	0.09073458
-0.0142	-0.000193	0.0961922
-0.0142	-0.000192	0.0902689
-0.0142	-0.000191	0.09222013
-0.0142	-0.00019	0.09716078
-0.0142	-0.000189	0.08431307
-0.0142	-0.000188	0.10100252
-0.0142	-0.000187	0.09663925
-0.0142	-0.000186	0.09178692
-0.0142	-0.000185	0.10213402
-0.0142	-0.000184	0.09157748
-0.0142	-0.000183	0.10165442
-0.0142	-0.000182	0.09468345
-0.0142	-0.000181	0.08801982
-0.0142	-0.00018	0.09949372
-0.0142	-0.000179	0.0913306
-0.0142	-0.000178	0.0927696
-0.0142	-0.000177	0.09833432
-0.0142	-0.000176	0.09162398
-0.0142	-0.000175	0.09164735
-0.0142	-0.000174	0.08224085
-0.0142	-0.000173	0.09259272
-0.0142	-0.000172	0.09004545
-0.0142	-0.000171	0.1051283
-0.0142	-0.00017	0.08827578
-0.0142	-0.000169	0.0902923
-0.0142	-0.000168	0.0891606
-0.0142	-0.000167	0.09832035
-0.0142	-0.000166	0.0929977
-0.0142	-0.000165	0.09076725
-0.0142	-0.000164	0.09445993
-0.0142	-0.000163	0.09080908
-0.0142	-0.000162	0.0985764
-0.0142	-0.000161	0.09466472
-0.0142	-0.00016	0.0858032
-0.0142	-0.000159	0.08779625
-0.0142	-0.000158	0.09228522
-0.0142	-0.000157	0.09909798
-0.0142	-0.000156	0.10273485
-0.0142	-0.000155	0.08324673
-0.0142	-0.000154	0.09131205
-0.0142	-0.000153	0.08912338
-0.0142	-0.000152	0.0873259
-0.0142	-0.000151	0.0949396
-0.0142	-0.00015	0.09767763
-0.0142	-0.000149	0.10394555
-0.0142	-0.000148	0.0968861
-0.0142	-0.000147	0.09890705
-0.0142	-0.000146	0.086958
-0.0142	-0.000145	0.0910699
-0.0142	-0.000144	0.08953783
-0.0142	-0.000143	0.08948663
-0.0142	-0.000142	0.0889092
-0.0142	-0.000141	0.09953572
-0.0142	-0.00014	0.09980112
-0.0142	-0.000139	0.09685815
-0.0142	-0.000138	0.10039252
-0.0142	-0.000137	0.09293712
-0.0142	-0.000136	0.09972658
-0.0142	-0.000135	0.08674845
-0.0142	-0.000134	0.08756805
-0.0142	-0.000133	0.0987627
-0.0142	-0.000132	0.0867625
-0.0142	-0.000131	0.08150045
-0.0142	-0.00013	0.1090725
-0.0142	-0.000129	0.10864875
-0.0142	-0.000128	0.09028755
-0.0142	-0.000127	0.09224337
-0.0142	-0.000126	0.08596148
-0.0142	-0.000125	0.10285592
-0.0142	-0.000124	0.09159605
-0.0142	-0.000123	0.09934475
-0.0142	-0.000122	0.101878
-0.0142	-0.000121	0.09389175
-0.0142	-0.00012	0.08350748
-0.0142	-0.000119	0.08917468
-0.0142	-0.000118	0.09500005
-0.0142	-0.000117	0.09041795
-0.0142	-0.000116	0.08716758
-0.0142	-0.000115	0.10219463
-0.0142	-0.000114	0.08265535
-0.0142	-0.000113	0.09289988
-0.0142	-0.000112	0.07645262
-0.0142	-0.000111	0.08911407
-0.0142	-0.00011	0.10293048
-0.0142	-0.000109	0.09831102
-0.0142	-0.000108	0.098297
-0.0142	-0.000107	0.1029071
-0.0142	-0.000106	0.08887665
-0.0142	-0.000105	0.09663925
-0.0142	-0.000104	0.10494682
-0.0142	-0.000103	0.08838292
-0.0142	-0.000102	0.0954425
-0.0142	-0.000101	0.09186153
-0.0142	-0.0001	0.08483935
-0.0142	-9.9e-05	0.10069982
-0.0142	-9.8e-05	0.1082296
-0.0142	-9.7e-05	0.09018975
-0.0142	-9.6e-05	0.08787542
-0.0142	-9.5e-05	0.1014915
-0.0142	-9.4e-05	0.10554745
-0.0142	-9.3e-05	0.08706528
-0.0142	-9.2e-05	0.09817135
-0.0142	-9.1e-05	0.09636912
-0.0142	-9e-05	0.10808995
-0.0142	-8.9e-05	0.08193358
-0.0142	-8.8e-05	0.10069518
-0.0142	-8.7e-05	0.0905484
-0.0142	-8.6e-05	0.1021899
-0.0142	-8.5e-05	0.09124218
-0.0142	-8.4e-05	0.10580825
-0.0142	-8.3e-05	0.08914205
-0.0142	-8.2e-05	0.1007883
-0.0142	-8.1e-05	0.10062535
-0.0142	-8e-05	0.0966347
-0.0142	-7.9e-05	0.09863222
-0.0142	-7.8e-05	0.10987808
-0.0142	-7.7e-05	0.0841733
-0.0142	-7.6e-05	0.08224088
-0.0142	-7.5e-05	0.10422495
-0.0142	-7.4e-05	0.0977428
-0.0142	-7.3e-05	0.1064788
-0.0142	-7.2e-05	0.09957292
-0.0142	-7.1e-05	0.08783817
-0.0142	-7e-05	0.09883258
-0.0142	-6.9e-05	0.0906694
-0.0142	-6.8e-05	0.11105158
-0.0142	-6.7e-05	0.10544495
-0.0142	-6.6e-05	0.09928885
-0.0142	-6.5e-05	0.1076941
-0.0142	-6.4e-05	0.09165668
-0.0142	-6.3e-05	0.08388005
-0.0142	-6.2e-05	0.0954145
-0.0142	-6.1e-05	0.1014868
-0.0142	-6e-05	0.08893255
-0.0142	-5.9e-05	0.11058128
-0.0142	-5.8e-05	0.09680222
-0.0142	-5.7e-05	0.1062087
-0.0142	-5.6e-05	0.10396885
-0.0142	-5.5e-05	0.10759628
-0.0142	-5.4e-05	0.09487902
-0.0142	-5.3e-05	0.10746598
-0.0142	-5.2e-05	0.1256967
-0.0142	-5.1e-05	0.0974541
-0.0142	-5e-05	0.09817588
-0.0142	-4.9e-05	0.10438795
-0.0142	-4.8e-05	0.1147303
-0.0142	-4.7e-05	0.1174032
-0.0142	-4.6e-05	0.10911902
-0.0142	-4.5e-05	0.10597595
-0.0142	-4.4e-05	0.11545217
-0.0142	-4.3e-05	0.11195498
-0.0142	-4.2e-05	0.1144835
-0.0142	-4.1e-05	0.11959183
-0.0142	-4e-05	0.12213438
-0.0142	-3.9e-05	0.11819015
-0.0142	-3.8e-05	0.11649522
-0.0142	-3.7e-05	0.1479553
-0.0142	-3.6e-05	0.13584808
-0.0142	-3.5e-05	0.13658852
-0.0142	-3.4e-05	0.1435827
-0.0142	-3.3e-05	0.1356525
-0.0142	-3.2e-05	0.15002292
-0.0142	-3.1e-05	0.13702623
-0.0142	-3e-05	0.14768055
-0.0142	-2.9e-05	0.14769915
-0.0142	-2.8e-05	0.14867238
-0.0142	-2.7e-05	0.1380507
-0.0142	-2.6e-05	0.13383177
-0.0142	-2.5e-05	0.13429745
-0.0142	-2.4e-05	0.11467443
-0.0142	-2.3e-05	0.10627848
-0.0142	-2.2e-05	0.11619718
-0.0142	-2.1e-05	0.0897753
-0.0142	-2e-05	0.09109315
-0.0142	-1.9e-05	0.08917925
-0.0142	-1.8e-05	0.07278323
-0.0142	-1.7e-05	0.07218723
-0.0142	-1.6e-05	0.05584242
-0.0142	-1.5e-05	0.04676201
-0.0142	-1.4e-05	0.04079214
-0.0142	-1.3e-05	0.0440378
-0.0142	-1.2e-05	0.04378633
-0.0142	-1.1e-05	0.02236587
-0.0142	-1e-05	0.01858929
-0.0142	-9e-06	0.02749275
-0.0142	-8e-06	0.0177185
-0.0142	-7e-06	0.02011205
-0.0142	-6e-06	0.01358342
-0.0142	-5e-06	0.00597447
-0.0142	-4e-06	0.0212203
-0.0142	-3e-06	0.01246583
-0.0142	-2e-06	0.02645902
-0.0142	-1e-06	0.01205138
-0.0142	0.0	0.00183937
-0.0142	1e-06	0.01211192
-0.0142	2e-06	0.0036415
-0.0142	3e-06	0.01215849
-0.0142	4e-06	0.01088723
-0.0142	5e-06	0.00875913
-0.0142	6e-06	0.01174873
-0.0142	7e-06	0.02384666
-0.0142	8e-06	0.01466376
-0.0142	9e-06	0.02595608
-0.0142	1e-05	0.0264497
-0.0142	1.1e-05	0.02673839
-0.0142	1.2e-05	0.0409086
-0.0142	1.3e-05	0.03992138
-0.0142	1.4e-05	0.05056647
-0.0142	1.5e-05	0.04972362
-0.0142	1.6e-05	0.06768422
-0.0142	1.7e-05	0.08243645
-0.0142	1.8e-05	0.09776615
-0.0142	1.9e-05	0.09886515
-0.0142	2e-05	0.0976125
-0.0142	2.1e-05	0.10806658
-0.0142	2.2e-05	0.11794343
-0.0142	2.3e-05	0.13833475
-0.0142	2.4e-05	0.13674682
-0.0142	2.5e-05	0.1357829
-0.0142	2.6e-05	0.13771075
-0.0142	2.7e-05	0.1503721
-0.0142	2.8e-05	0.1411007
-0.0142	2.9e-05	0.1428889
-0.0142	3e-05	0.14287025
-0.0142	3.1e-05	0.1364162
-0.0142	3.2e-05	0.1329703
-0.0142	3.3e-05	0.14988775
-0.0142	3.4e-05	0.12722868
-0.0142	3.5e-05	0.12639052
-0.0142	3.6e-05	0.13314258
-0.0142	3.7e-05	0.1299575
-0.0142	3.8e-05	0.12464895
-0.0142	3.9e-05	0.12411813
-0.0142	4e-05	0.12555695
-0.0142	4.1e-05	0.11263948
-0.0142	4.2e-05	0.11405043
-0.0142	4.3e-05	0.12173852
-0.0142	4.4e-05	0.11384555
-0.0142	4.5e-05	0.1094823
-0.0142	4.6e-05	0.10347988
-0.0142	4.7e-05	0.11208068
-0.0142	4.8e-05	0.0939663
-0.0142	4.9e-05	0.09208042
-0.0142	5e-05	0.1019991
-0.0142	5.1e-05	0.10066262
-0.0142	5.2e-05	0.09476728
-0.0142	5.3e-05	0.11127978
-0.0142	5.4e-05	0.0988046
-0.0142	5.5e-05	0.09878595
-0.0142	5.6e-05	0.09912118
-0.0142	5.7e-05	0.10206428
-0.0142	5.8e-05	0.1026417
-0.0142	5.9e-05	0.08718622
-0.0142	6e-05	0.0945391
-0.0142	6.1e-05	0.1046766
-0.0142	6.2e-05	0.11392938
-0.0142	6.3e-05	0.10062542
-0.0142	6.4e-05	0.10133785
-0.0142	6.5e-05	0.10476975
-0.0142	6.6e-05	0.08785675
-0.0142	6.7e-05	0.09559155
-0.0142	6.8e-05	0.10322375
-0.0142	6.9e-05	0.10318645
-0.0142	7e-05	0.09568458
-0.0142	7.1e-05	0.0997359
-0.0142	7.2e-05	0.09554492
-0.0142	7.3e-05	0.09571258
-0.0142	7.4e-05	0.09511658
-0.0142	7.5e-05	0.08865313
-0.0142	7.6e-05	0.11219245
-0.0142	7.7e-05	0.08575195
-0.0142	7.8e-05	0.09872548
-0.0142	7.9e-05	0.0833817
-0.0142	8e-05	0.09847393
-0.0142	8.1e-05	0.09503275
-0.0142	8.2e-05	0.10905855
-0.0142	8.3e-05	0.09754738
-0.0142	8.4e-05	0.09018515
-0.0142	8.5e-05	0.10413645
-0.0142	8.6e-05	0.0820034
-0.0142	8.7e-05	0.08523508
-0.0142	8.8e-05	0.09457173
-0.0142	8.9e-05	0.09242955
-0.0142	9e-05	0.0909814
-0.0142	9.1e-05	0.10150545
-0.0142	9.2e-05	0.10586408
-0.0142	9.3e-05	0.0901525
-0.0142	9.4e-05	0.08774965
-0.0142	9.5e-05	0.09452517
-0.0142	9.6e-05	0.09619228
-0.0142	9.7e-05	0.0988884
-0.0142	9.8e-05	0.08686958
-0.0142	9.9e-05	0.09772878
-0.0142	0.0001	0.10050425
-0.0142	0.000101	0.09061355
-0.0142	0.000102	0.09924693
-0.0142	0.000103	0.08914198
-0.0142	0.000104	0.08483468
-0.0142	0.000105	0.09134922
-0.0142	0.000106	0.08528632
-0.0142	0.000107	0.08877888
-0.0142	0.000108	0.08961702
-0.0142	0.000109	0.09572655
-0.0142	0.00011	0.10442518
-0.0142	0.000111	0.09612235
-0.0142	0.000112	0.08968218
-0.0142	0.000113	0.0922434
-0.0142	0.000114	0.09573588
-0.0142	0.000115	0.0925926
-0.0142	0.000116	0.0896683
-0.0142	0.000117	0.0920571
-0.0142	0.000118	0.09165657
-0.0142	0.000119	0.10831348
-0.0142	0.00012	0.09941468
-0.0142	0.000121	0.10375463
-0.0142	0.000122	0.08974272
-0.0142	0.000123	0.1041365
-0.0142	0.000124	0.10709813
-0.0142	0.000125	0.10333087
-0.0142	0.000126	0.09463228
-0.0142	0.000127	0.09090225
-0.0142	0.000128	0.08818738
-0.0142	0.000129	0.09327722
-0.0142	0.00013	0.09039468
-0.0142	0.000131	0.10107238
-0.0142	0.000132	0.08904432
-0.0142	0.000133	0.0883876
-0.0142	0.000134	0.10945905
-0.0142	0.000135	0.09757065
-0.0142	0.000136	0.09348205
-0.0142	0.000137	0.09050642
-0.0142	0.000138	0.0901059
-0.0142	0.000139	0.09911658
-0.0142	0.00014	0.10344728
-0.0142	0.000141	0.08844348
-0.0142	0.000142	0.0904645
-0.0142	0.000143	0.0972912
-0.0142	0.000144	0.10274412
-0.0142	0.000145	0.10348923
-0.0142	0.000146	0.08953315
-0.0142	0.000147	0.0952376
-0.0142	0.000148	0.10344732
-0.0142	0.000149	0.10123068
-0.0142	0.00015	0.09253208
-0.0142	0.000151	0.0960432
-0.0142	0.000152	0.10273952
-0.0142	0.000153	0.09383125
-0.0142	0.000154	0.08549122
-0.0142	0.000155	0.10704683
-0.0142	0.000156	0.0878102
-0.0142	0.000157	0.0966812
-0.0142	0.000158	0.09262988
-0.0142	0.000159	0.09172185
-0.0142	0.00016	0.08880202
-0.0142	0.000161	0.0957638
-0.0142	0.000162	0.09006867
-0.0142	0.000163	0.0971981
-0.0142	0.000164	0.09269978
-0.0142	0.000165	0.0766855
-0.0142	0.000166	0.1015986
-0.0142	0.000167	0.09486043
-0.0142	0.000168	0.10470928
-0.0142	0.000169	0.09532608
-0.0142	0.00017	0.10217135
-0.0142	0.000171	0.09035275
-0.0142	0.000172	0.10055082
-0.0142	0.000173	0.088043
-0.0142	0.000174	0.09257865
-0.0142	0.000175	0.09065545
-0.0142	0.000176	0.09357518
-0.0142	0.000177	0.09539123
-0.0142	0.000178	0.09241562
-0.0142	0.000179	0.09897222
-0.0142	0.00018	0.09448788
-0.0142	0.000181	0.1018222
-0.0142	0.000182	0.09546108
-0.0142	0.000183	0.09877668
-0.0142	0.000184	0.10054618
-0.0142	0.000185	0.0946229
-0.0142	0.000186	0.10070455
-0.0142	0.000187	0.09310948
-0.0142	0.000188	0.08905818
-0.0142	0.000189	0.10478842
-0.0142	0.00019	0.0982179
-0.0142	0.000191	0.0916799
-0.0142	0.000192	0.1011935
-0.0142	0.000193	0.1033542
-0.0142	0.000194	0.10294903
-0.0142	0.000195	0.09170782
-0.0142	0.000196	0.09222938
-0.0142	0.000197	0.0997173
-0.0142	0.000198	0.10045773
-0.0142	0.000199	0.09111645
-0.0142	0.0002	0.08990112
-0.0138	0.0002	0.07968912
-0.0138	0.000199	0.08858325
-0.0138	0.000198	0.1041318
-0.0138	0.000197	0.10968718
-0.0138	0.000196	0.10242745
-0.0138	0.000195	0.0825482
-0.0138	0.000194	0.10331223
-0.0138	0.000193	0.10110033
-0.0138	0.000192	0.09369152
-0.0138	0.000191	0.09448788
-0.0138	0.00019	0.09148898
-0.0138	0.000189	0.08810825
-0.0138	0.000188	0.09201518
-0.0138	0.000187	0.09020373
-0.0138	0.000186	0.09778008
-0.0138	0.000185	0.08439688
-0.0138	0.000184	0.08026175
-0.0138	0.000183	0.09350063
-0.0138	0.000182	0.09683018
-0.0138	0.000181	0.09743093
-0.0138	0.00018	0.09820852
-0.0138	0.000179	0.09774755
-0.0138	0.000178	0.09241565
-0.0138	0.000177	0.08714432
-0.0138	0.000176	0.08915593
-0.0138	0.000175	0.09849262
-0.0138	0.000174	0.08784285
-0.0138	0.000173	0.09222473
-0.0138	0.000172	0.09468808
-0.0138	0.000171	0.09719805
-0.0138	0.00017	0.09897693
-0.0138	0.000169	0.0860873
-0.0138	0.000168	0.0844807
-0.0138	0.000167	0.08826668
-0.0138	0.000166	0.10106312
-0.0138	0.000165	0.09717945
-0.0138	0.000164	0.09984762
-0.0138	0.000163	0.09086032
-0.0138	0.000162	0.0974356
-0.0138	0.000161	0.0960618
-0.0138	0.00016	0.10212938
-0.0138	0.000159	0.10222263
-0.0138	0.000158	0.08642253
-0.0138	0.000157	0.08741443
-0.0138	0.000156	0.08915605
-0.0138	0.000155	0.08988248
-0.0138	0.000154	0.08423395
-0.0138	0.000153	0.09501412
-0.0138	0.000152	0.09949378
-0.0138	0.000151	0.09502338
-0.0138	0.00015	0.09894895
-0.0138	0.000149	0.10057878
-0.0138	0.000148	0.09153093
-0.0138	0.000147	0.09860435
-0.0138	0.000146	0.09590817
-0.0138	0.000145	0.09171713
-0.0138	0.000144	0.09880463
-0.0138	0.000143	0.10351245
-0.0138	0.000142	0.08665072
-0.0138	0.000141	0.09465082
-0.0138	0.00014	0.0836705
-0.0138	0.000139	0.07997778
-0.0138	0.000138	0.08822005
-0.0138	0.000137	0.10207822
-0.0138	0.000136	0.09901878
-0.0138	0.000135	0.08848542
-0.0138	0.000134	0.1022272
-0.0138	0.000133	0.08811282
-0.0138	0.000132	0.1007138
-0.0138	0.000131	0.08712563
-0.0138	0.00013	0.09724
-0.0138	0.000129	0.0949069
-0.0138	0.000128	0.10516558
-0.0138	0.000127	0.08360055
-0.0138	0.000126	0.09331442
-0.0138	0.000125	0.10371265
-0.0138	0.000124	0.09471602
-0.0138	0.000123	0.0839405
-0.0138	0.000122	0.10015965
-0.0138	0.000121	0.0912375
-0.0138	0.00012	0.09994548
-0.0138	0.000119	0.08499298
-0.0138	0.000118	0.10250668
-0.0138	0.000117	0.0852956
-0.0138	0.000116	0.0890629
-0.0138	0.000115	0.09620625
-0.0138	0.000114	0.0953307
-0.0138	0.000113	0.09631792
-0.0138	0.000112	0.09262988
-0.0138	0.000111	0.08595222
-0.0138	0.00011	0.09269038
-0.0138	0.000109	0.0934308
-0.0138	0.000108	0.0772862
-0.0138	0.000107	0.09535867
-0.0138	0.000106	0.09486508
-0.0138	0.000105	0.09760313
-0.0138	0.000104	0.09676498
-0.0138	0.000103	0.1097384
-0.0138	0.000102	0.09873943
-0.0138	0.000101	0.09044123
-0.0138	0.0001	0.1054403
-0.0138	9.9e-05	0.09708162
-0.0138	9.8e-05	0.10105845
-0.0138	9.7e-05	0.09787328
-0.0138	9.6e-05	0.08660885
-0.0138	9.5e-05	0.09945655
-0.0138	9.4e-05	0.099857
-0.0138	9.3e-05	0.09242035
-0.0138	9.2e-05	0.09377075
-0.0138	9.1e-05	0.11266275
-0.0138	9e-05	0.09678825
-0.0138	8.9e-05	0.1046907
-0.0138	8.8e-05	0.09277895
-0.0138	8.7e-05	0.0851885
-0.0138	8.6e-05	0.10261378
-0.0138	8.5e-05	0.09731445
-0.0138	8.4e-05	0.09413388
-0.0138	8.3e-05	0.09378935
-0.0138	8.2e-05	0.09112578
-0.0138	8.1e-05	0.09945648
-0.0138	8e-05	0.09254608
-0.0138	7.9e-05	0.10028077
-0.0138	7.8e-05	0.09538192
-0.0138	7.7e-05	0.08418272
-0.0138	7.6e-05	0.0995031
-0.0138	7.5e-05	0.10185938
-0.0138	7.4e-05	0.0935938
-0.0138	7.3e-05	0.0887975
-0.0138	7.2e-05	0.08878812
-0.0138	7.1e-05	0.10454633
-0.0138	7e-05	0.10135647
-0.0138	6.9e-05	0.09628998
-0.0138	6.8e-05	0.10569182
-0.0138	6.7e-05	0.09121888
-0.0138	6.6e-05	0.09163342
-0.0138	6.5e-05	0.09323063
-0.0138	6.4e-05	0.1027115
-0.0138	6.3e-05	0.09554022
-0.0138	6.2e-05	0.10488618
-0.0138	6.1e-05	0.1031026
-0.0138	6e-05	0.10704693
-0.0138	5.9e-05	0.10263238
-0.0138	5.8e-05	0.09632725
-0.0138	5.7e-05	0.09306755
-0.0138	5.6e-05	0.09097675
-0.0138	5.5e-05	0.0990514
-0.0138	5.4e-05	0.093347
-0.0138	5.3e-05	0.10341008
-0.0138	5.2e-05	0.09535405
-0.0138	5.1e-05	0.10463008
-0.0138	5e-05	0.09336095
-0.0138	4.9e-05	0.1064881
-0.0138	4.8e-05	0.10986408
-0.0138	4.7e-05	0.09744018
-0.0138	4.6e-05	0.11369653
-0.0138	4.5e-05	0.1021061
-0.0138	4.4e-05	0.11226232
-0.0138	4.3e-05	0.09538198
-0.0138	4.2e-05	0.100183
-0.0138	4.1e-05	0.1106511
-0.0138	4e-05	0.10631575
-0.0138	3.9e-05	0.11538685
-0.0138	3.8e-05	0.11341718
-0.0138	3.7e-05	0.1100784
-0.0138	3.6e-05	0.11425062
-0.0138	3.5e-05	0.13246743
-0.0138	3.4e-05	0.13260242
-0.0138	3.3e-05	0.13370138
-0.0138	3.2e-05	0.1344791
-0.0138	3.1e-05	0.13658382
-0.0138	3e-05	0.13684928
-0.0138	2.9e-05	0.13392958
-0.0138	2.8e-05	0.14483072
-0.0138	2.7e-05	0.15121025
-0.0138	2.6e-05	0.1548005
-0.0138	2.5e-05	0.15367365
-0.0138	2.4e-05	0.13952218
-0.0138	2.3e-05	0.1514198
-0.0138	2.2e-05	0.14152913
-0.0138	2.1e-05	0.12637653
-0.0138	2e-05	0.12653955
-0.0138	1.9e-05	0.11785495
-0.0138	1.8e-05	0.10031798
-0.0138	1.7e-05	0.11275122
-0.0138	1.6e-05	0.0886158
-0.0138	1.5e-05	0.06862023
-0.0138	1.4e-05	0.0696679
-0.0138	1.3e-05	0.06294383
-0.0138	1.2e-05	0.04722299
-0.0138	1.1e-05	0.0468644
-0.0138	1e-05	0.0475489
-0.0138	9e-06	0.04503439
-0.0138	8e-06	0.01830058
-0.0138	7e-06	0.03010982
-0.0138	6e-06	0.01059851
-0.0138	5e-06	0.02443339
-0.0138	4e-06	0.0133832
-0.0138	3e-06	0.00503849
-0.0138	2e-06	0.00349712
-0.0138	1e-06	0.01255897
-0.0138	0.0	0.00766016
-0.0138	-1e-06	0.01688965
-0.0138	-2e-06	0.01821673
-0.0138	-3e-06	0.01113404
-0.0138	-4e-06	0.01662418
-0.0138	-5e-06	0.01345767
-0.0138	-6e-06	0.02025173
-0.0138	-7e-06	0.01793271
-0.0138	-8e-06	0.02542989
-0.0138	-9e-06	0.02742759
-0.0138	-1e-05	0.03027283
-0.0138	-1.1e-05	0.04427066
-0.0138	-1.2e-05	0.0527085
-0.0138	-1.3e-05	0.04738135
-0.0138	-1.4e-05	0.0571555
-0.0138	-1.5e-05	0.08674855
-0.0138	-1.6e-05	0.07741665
-0.0138	-1.7e-05	0.09277428
-0.0138	-1.8e-05	0.1067349
-0.0138	-1.9e-05	0.11423672
-0.0138	-2e-05	0.10886758
-0.0138	-2.1e-05	0.1193823
