Initial Temperature (K)	0.0249819
Excitation Current (A)	2e-07
Axis 1,2	y,z
Angle	14
Field (T)	Current (A)	Resistance (Ohms)
0.9	-0.0002	0
0.9	-0.000192	0.09527481
0.9	-0.000184	0.09068797
0.9	-0.000176	0.09017587
0.9	-0.000168	0.09966372
0.9	-0.00016	0.09290575
0.9	-0.000152	0.09286503
0.9	-0.000144	0.11401194
0.9	-0.000136	0.09937272
0.9	-0.000128	0.08766703
0.9	-0.00012	0.08852856
0.9	-0.000112	0.09557753
0.9	-0.000104	0.11589206
0.9	-9.6e-05	0.1176325
0.9	-8.8e-05	0.08897088
0.9	-8e-05	0.10198616
0.9	-7.2e-05	0.10450078
0.9	-6.4e-05	0.10102584
0.9	-5.6e-05	0.10331922
0.9	-4.8e-05	0.11537409
0.9	-4e-05	0.13712047
0.9	-3.2e-05	0.10493159
0.9	-2.4e-05	0.13097369
0.9	-1.6e-05	0.09248084
0.9	-8e-06	0.10160194
0.9	0.0	0.083837
0.9	8e-06	0.06339431
0.9	1.6e-05	0.08967519
0.9	2.4e-05	0.10972794
0.9	3.2e-05	0.09727141
0.9	4e-05	0.07242818
0.9	4.8e-05	0.126742
0.9	5.6e-05	0.11371509
0.9	6.4e-05	0.09504781
0.9	7.2e-05	0.10800494
0.9	8e-05	0.07316161
0.9	8.8e-05	0.08569378
0.9	9.6e-05	0.11243456
0.9	0.000104	0.09223056
0.9	0.000112	0.09507694
0.9	0.00012	0.10644488
0.9	0.000128	0.12536844
0.9	0.000136	0.11198638
0.9	0.000144	0.11602022
0.9	0.000152	0.09120612
0.9	0.00016	0.09650884
0.9	0.000168	0.09129922
0.9	0.000176	0.09789422
0.9	0.000184	0.10426803
0.9	0.000192	0.11434966
0.9	0.0002	0.10239941
0.85	0.0002	0.11831944
0.85	0.000192	0.10373825
0.85	0.000184	0.11723097
0.85	0.000176	0.11379078
0.85	0.000168	0.09734706
0.85	0.00016	0.08627591
0.85	0.000152	0.08828406
0.85	0.000144	0.10099672
0.85	0.000136	0.08370894
0.85	0.000128	0.09023413
0.85	0.00012	0.08634566
0.85	0.000112	0.09483822
0.85	0.000104	0.09969869
0.85	9.6e-05	0.09994309
0.85	8.8e-05	0.10763819
0.85	8e-05	0.07135141
0.85	7.2e-05	0.10581625
0.85	6.4e-05	0.11374431
0.85	5.6e-05	0.10341806
0.85	4.8e-05	0.10411659
0.85	4e-05	0.09160181
0.85	3.2e-05	0.11741125
0.85	2.4e-05	0.12355806
0.85	1.6e-05	0.11168953
0.85	8e-06	0.11188153
0.85	-8e-06	0.09197441
0.85	-1.6e-05	0.09948906
0.85	-2.4e-05	0.09696285
0.85	-3.2e-05	0.12442541
0.85	-4e-05	0.10081041
0.85	-4.8e-05	0.11005391
0.85	-5.6e-05	0.10951256
0.85	-6.4e-05	0.09235866
0.85	-7.2e-05	0.09317344
0.85	-8e-05	0.10563
0.85	-8.8e-05	0.08922119
0.85	-9.6e-05	0.11153809
0.85	-0.000104	0.08744588
0.85	-0.000112	0.0839942
0.85	-0.00012	0.09208506
0.85	-0.000128	0.07830713
0.85	-0.000136	0.09340641
0.85	-0.000144	0.12059522
0.85	-0.000152	0.10335994
0.85	-0.00016	0.09657869
0.85	-0.000168	0.09665425
0.85	-0.000176	0.09666019
0.85	-0.000184	0.10659631
0.85	-0.000192	0.08773688
0.85	-0.0002	0.08880792
0.8	-0.0002	0.09081028
0.8	-0.000192	0.08394759
0.8	-0.000184	0.11745794
0.8	-0.000176	0.08712572
0.8	-0.000168	0.07587406
0.8	-0.00016	0.10128197
0.8	-0.000152	0.11576988
0.8	-0.000144	0.10625869
0.8	-0.000136	0.11723091
0.8	-0.000128	0.10930303
0.8	-0.00012	0.09082778
0.8	-0.000112	0.09879059
0.8	-0.000104	0.10338909
0.8	-9.6e-05	0.08540863
0.8	-8.8e-05	0.10772544
0.8	-8e-05	0.09523994
0.8	-7.2e-05	0.10394781
0.8	-6.4e-05	0.09101988
0.8	-5.6e-05	0.1227665
0.8	-4.8e-05	0.09596172
0.8	-4e-05	0.11021097
0.8	-3.2e-05	0.08551331
0.8	-2.4e-05	0.08454128
0.8	-1.6e-05	0.10554275
0.8	-8e-06	0.12506575
0.8	0.0	0.08746331
0.8	8e-06	0.07516975
0.8	1.6e-05	0.0991515
0.8	2.4e-05	0.11486188
0.8	3.2e-05	0.08880797
0.8	4e-05	0.10143903
0.8	4.8e-05	0.08650869
0.8	5.6e-05	0.08197428
0.8	6.4e-05	0.09257978
0.8	7.2e-05	0.11220178
0.8	8e-05	0.10659631
0.8	8.8e-05	0.09443663
0.8	9.6e-05	0.10449494
0.8	0.000104	0.07990216
0.8	0.000112	0.09987916
0.8	0.00012	0.1085055
0.8	0.000128	0.10583381
0.8	0.000136	0.09160778
0.8	0.000144	0.08940744
0.8	0.000152	0.08911644
0.8	0.00016	0.092574
0.8	0.000168	0.11986184
0.8	0.000176	0.08037938
0.8	0.000184	0.08929106
0.8	0.000192	0.09967534
0.8	0.0002	0.08826654
0.75	0.0002	0.09595584
0.75	0.000192	0.11099094
0.75	0.000184	0.10801653
0.75	0.000176	0.07814425
0.75	0.000168	0.0799312
0.75	0.00016	0.08465191
0.75	0.000152	0.10592688
0.75	0.000144	0.08423856
0.75	0.000136	0.08978584
0.75	0.000128	0.12575253
0.75	0.00012	0.08366819
0.75	0.000112	0.08480906
0.75	0.000104	0.09184634
0.75	9.6e-05	0.08045506
0.75	8.8e-05	0.09949488
0.75	8e-05	0.11954759
0.75	7.2e-05	0.08902325
0.75	6.4e-05	0.12456506
0.75	5.6e-05	0.08609541
0.75	4.8e-05	0.111119
0.75	4e-05	0.11497822
0.75	3.2e-05	0.086922
0.75	2.4e-05	0.10631688
0.75	1.6e-05	0.087702
0.75	8e-06	0.11114231
0.75	0.0	0.08981491
0.75	-8e-06	0.10155537
0.75	-1.6e-05	0.09691044
0.75	-2.4e-05	0.09948919
0.75	-3.2e-05	0.10767297
0.75	-4e-05	0.09483828
0.75	-4.8e-05	0.08022809
0.75	-5.6e-05	0.11255672
0.75	-6.4e-05	0.08454706
0.75	-7.2e-05	0.10540884
0.75	-8e-05	0.09142141
0.75	-8.8e-05	0.13047312
0.75	-9.6e-05	0.090461
0.75	-0.000104	0.11175362
0.75	-0.000112	0.07013479
0.75	-0.00012	0.09869744
0.75	-0.000128	0.08298131
0.75	-0.000136	0.12880262
0.75	-0.000144	0.10078131
0.75	-0.000152	0.11221334
0.75	-0.00016	0.07586248
0.75	-0.000168	0.11281297
0.75	-0.000176	0.06607773
0.75	-0.000184	0.08775425
0.75	-0.000192	0.11439612
0.75	-0.0002	0.12213778
0.7	-0.0002	0.11636356
0.7	-0.000192	0.09148559
0.7	-0.000184	0.0858975
0.7	-0.000176	0.09972778
0.7	-0.000168	0.10797575
0.7	-0.00016	0.11093872
0.7	-0.000152	0.09527484
0.7	-0.000144	0.10202116
0.7	-0.000136	0.12271406
0.7	-0.000128	0.10104903
0.7	-0.00012	0.09437853
0.7	-0.000112	0.08251569
0.7	-0.000104	0.12519953
0.7	-9.6e-05	0.10018763
0.7	-8.8e-05	0.09727722
0.7	-8e-05	0.07724203
0.7	-7.2e-05	0.07576928
0.7	-6.4e-05	0.098028
0.7	-5.6e-05	0.10657884
0.7	-4.8e-05	0.08125259
0.7	-4e-05	0.09540875
0.7	-3.2e-05	0.09630509
0.7	-2.4e-05	0.08202097
0.7	-1.6e-05	0.10063581
0.7	-8e-06	0.11109569
0.7	0.0	0.08139803
0.7	8e-06	0.08406394
0.7	1.6e-05	0.10664281
0.7	2.4e-05	0.11386647
0.7	3.2e-05	0.1186045
0.7	4e-05	0.09849953
0.7	4.8e-05	0.09545531
0.7	5.6e-05	0.09379059
0.7	6.4e-05	0.10729469
0.7	7.2e-05	0.12177109
0.7	8e-05	0.08871474
0.7	8.8e-05	0.10218413
0.7	9.6e-05	0.09386034
0.7	0.000104	0.08950633
0.7	0.000112	0.09267294
0.7	0.00012	0.08288816
0.7	0.000128	0.05935466
0.7	0.000136	0.09372656
0.7	0.000144	0.07724781
0.7	0.000152	0.08949481
0.7	0.00016	0.11792353
0.7	0.000168	0.08937253
0.7	0.000176	0.12730662
0.7	0.000184	0.10193384
0.7	0.000192	0.09774878
0.7	0.0002	0.09728878
0.65	0.0002	0.09136325
0.65	0.000192	0.10745203
0.65	0.000184	0.08273097
0.65	0.000176	0.09295822
0.65	0.000168	0.08054241
0.65	0.00016	0.09345294
0.65	0.000152	0.07728284
0.65	0.000144	0.09667763
0.65	0.000136	0.08060056
0.65	0.000128	0.1022365
0.65	0.00012	0.08153778
0.65	0.000112	0.08445978
0.65	0.000104	0.10028656
0.65	9.6e-05	0.09539709
0.65	8.8e-05	0.07830722
0.65	8e-05	0.11228897
0.65	7.2e-05	0.11960572
0.65	6.4e-05	0.09817362
0.65	5.6e-05	0.08101386
0.65	4.8e-05	0.09357513
0.65	4e-05	0.0856705
0.65	3.2e-05	0.10305725
0.65	2.4e-05	0.12362212
0.65	1.6e-05	0.13859319
0.65	8e-06	0.07648535
0.65	0.0	0.03529148
0.65	-8e-06	0.06369123
0.65	-1.6e-05	0.10449497
0.65	-2.4e-05	0.10244603
0.65	-3.2e-05	0.12439053
0.65	-4e-05	0.10356366
0.65	-4.8e-05	0.0831385
0.65	-5.6e-05	0.07232926
0.65	-6.4e-05	0.11213181
0.65	-7.2e-05	0.0692209
0.65	-8e-05	0.10153791
0.65	-8.8e-05	0.10645662
0.65	-9.6e-05	0.08242253
0.65	-0.000104	0.09553103
0.65	-0.000112	0.11020522
0.65	-0.00012	0.10727144
0.65	-0.000128	0.11189903
0.65	-0.000136	0.09395934
0.65	-0.000144	0.07859819
0.65	-0.000152	0.0734935
0.65	-0.00016	0.10752188
0.65	-0.000168	0.08086837
0.65	-0.000176	0.09283012
0.65	-0.000184	0.10181741
0.65	-0.000192	0.08766709
0.65	-0.0002	0.10111309
0.6	-0.0002	0.06804505
0.6	-0.000192	0.08041428
0.6	-0.000184	0.09132247
0.6	-0.000176	0.09774866
0.6	-0.000168	0.09441338
0.6	-0.00016	0.11624131
0.6	-0.000152	0.12376181
0.6	-0.000144	0.09423294
0.6	-0.000136	0.07971581
0.6	-0.000128	0.09111291
0.6	-0.00012	0.09428525
0.6	-0.000112	0.09645056
0.6	-0.000104	0.10114222
0.6	-9.6e-05	0.08511178
0.6	-8.8e-05	0.08434922
0.6	-8e-05	0.0837555
0.6	-7.2e-05	0.06022777
0.6	-6.4e-05	0.07093223
0.6	-5.6e-05	0.10884897
0.6	-4.8e-05	0.10720753
0.6	-4e-05	0.07625831
0.6	-3.2e-05	0.12292944
0.6	-2.4e-05	0.13493181
0.6	-1.6e-05	0.11412266
0.6	-8e-06	0.08051334
0.6	0.0	0.08809197
0.6	8e-06	0.10798156
0.6	1.6e-05	0.10658462
0.6	2.4e-05	0.13044406
0.6	3.2e-05	0.12331953
0.6	4e-05	0.08902328
0.6	4.8e-05	0.08109534
0.6	5.6e-05	0.06678196
0.6	6.4e-05	0.10931456
0.6	7.2e-05	0.11336003
0.6	8e-05	0.12322041
0.6	8.8e-05	0.11560688
0.6	9.6e-05	0.11650909
0.6	0.000104	0.08951812
0.6	0.000112	0.09304541
0.6	0.00012	0.08780091
0.6	0.000128	0.08452384
0.6	0.000136	0.13285388
0.6	0.000144	0.11031584
0.6	0.000152	0.11372097
0.6	0.00016	0.09799319
0.6	0.000168	0.1166895
0.6	0.000176	0.08931434
0.6	0.000184	0.10601428
0.6	0.000192	0.09628178
0.6	0.0002	0.07698009
0.55	0.0002	0.09526903
0.55	0.000192	0.07979147
0.55	0.000184	0.11847062
0.55	0.000176	0.09106638
0.55	0.000168	0.07954115
0.55	0.00016	0.06246881
0.55	0.000152	0.12029844
0.55	0.000144	0.0829347
0.55	0.000136	0.08310353
0.55	0.000128	0.08848197
0.55	0.00012	0.09289412
0.55	0.000112	0.10993747
0.55	0.000104	0.09664863
0.55	9.6e-05	0.09827841
0.55	8.8e-05	0.06570519
0.55	8e-05	0.08822578
0.55	7.2e-05	0.10971628
0.55	6.4e-05	0.04235794
0.55	5.6e-05	0.13246972
0.55	4.8e-05	0.10639266
0.55	4e-05	0.08743419
0.55	3.2e-05	0.13106691
0.55	2.4e-05	0.09449479
0.55	1.6e-05	0.13931494
0.55	8e-06	0.10550778
0.55	0.0	0.02019237
0.55	-8e-06	0.04891219
0.55	-1.6e-05	0.10675341
0.55	-2.4e-05	0.12408781
0.55	-3.2e-05	0.11671859
0.55	-4e-05	0.09584528
0.55	-4.8e-05	0.10524584
0.55	-5.6e-05	0.08560653
0.55	-6.4e-05	0.11466391
0.55	-7.2e-05	0.09861606
0.55	-8e-05	0.13987953
0.55	-8.8e-05	0.09512344
0.55	-9.6e-05	0.06633379
0.55	-0.000104	0.11161384
0.55	-0.000112	0.08966938
0.55	-0.00012	0.06947701
0.55	-0.000128	0.08561809
0.55	-0.000136	0.11671862
0.55	-0.000144	0.11334841
0.55	-0.000152	0.09862184
0.55	-0.00016	0.08175306
0.55	-0.000168	0.09149706
0.55	-0.000176	0.06279479
0.55	-0.000184	0.08723628
0.55	-0.000192	0.07915703
0.55	-0.0002	0.0935635
0.5	-0.0002	0.06245722
0.5	-0.000192	0.06802768
0.5	-0.000184	0.09221309
0.5	-0.000176	0.06344097
0.5	-0.000168	0.09203262
0.5	-0.00016	0.10936116
0.5	-0.000152	0.11249853
0.5	-0.000144	0.10221913
0.5	-0.000136	0.11085131
0.5	-0.000128	0.07820242
0.5	-0.00012	0.12543234
0.5	-0.000112	0.09005359
0.5	-0.000104	0.08221294
0.5	-9.6e-05	0.08163084
0.5	-8.8e-05	0.11244047
0.5	-8e-05	0.10923309
0.5	-7.2e-05	0.11793519
0.5	-6.4e-05	0.08274263
0.5	-5.6e-05	0.11065341
0.5	-4.8e-05	0.12590391
0.5	-4e-05	0.12368031
0.5	-3.2e-05	0.187971
0.5	-2.4e-05	0.11250441
0.5	-1.6e-05	0.0356466
0.5	-8e-06	-0.01750896
0.5	0.0	0.02030296
0.5	8e-06	-0.00209549
0.5	1.6e-05	0.03683983
0.5	2.4e-05	0.10535644
0.5	3.2e-05	0.18492675
0.5	4e-05	0.13176541
0.5	4.8e-05	0.11081053
0.5	5.6e-05	0.10847631
0.5	6.4e-05	0.09441916
0.5	7.2e-05	0.11381991
0.5	8e-05	0.11137519
0.5	8.8e-05	0.09453553
0.5	9.6e-05	0.07572277
0.5	0.000104	0.06352822
0.5	0.000112	0.09245178
0.5	0.00012	0.09123519
0.5	0.000128	0.103162
0.5	0.000136	0.07951791
0.5	0.000144	0.11042641
0.5	0.000152	0.11089781
0.5	0.00016	0.07387172
0.5	0.000168	0.10957653
0.5	0.000176	0.07678219
0.5	0.000184	0.08576359
0.5	0.000192	0.084291
0.5	0.0002	0.10791172
0.45	0.0002	0.07660172
0.45	0.000192	0.10320862
0.45	0.000184	0.08523397
0.45	0.000176	0.0874575
0.45	0.000168	0.08931434
0.45	0.00016	0.07306847
0.45	0.000152	0.09416881
0.45	0.000144	0.10082209
0.45	0.000136	0.09229456
0.45	0.000128	0.073214
0.45	0.00012	0.08090909
0.45	0.000112	0.10730059
0.45	0.000104	0.08136894
0.45	9.6e-05	0.09100238
0.45	8.8e-05	0.12749291
0.45	8e-05	0.10107828
0.45	7.2e-05	0.09175323
0.45	6.4e-05	0.11943694
0.45	5.6e-05	0.08549594
0.45	4.8e-05	0.08578697
0.45	4e-05	0.11761503
0.45	3.2e-05	0.11213188
0.45	2.4e-05	0.09848212
0.45	1.6e-05	0.12972231
0.45	8e-06	0.08214313
0.45	0.0	0.0101282
0.45	-8e-06	0.04868521
0.45	-1.6e-05	0.09258569
0.45	-2.4e-05	0.11650325
0.45	-3.2e-05	0.10616553
0.45	-4e-05	0.09082784
0.45	-4.8e-05	0.09506525
0.45	-5.6e-05	0.09127006
0.45	-6.4e-05	0.09234694
0.45	-7.2e-05	0.08153772
0.45	-8e-05	0.07101369
0.45	-8.8e-05	0.10579303
0.45	-9.6e-05	0.10413991
0.45	-0.000104	0.10025159
0.45	-0.000112	0.08027469
0.45	-0.00012	0.07810931
0.45	-0.000128	0.07587984
0.45	-0.000136	0.08366819
0.45	-0.000144	0.08730616
0.45	-0.000152	0.10479772
0.45	-0.00016	0.08157847
0.45	-0.000168	0.08402903
0.45	-0.000176	0.12473384
0.45	-0.000184	0.08638062
0.45	-0.000192	0.06333616
0.45	-0.0002	0.09514672
0.4	-0.0002	0.08936675
0.4	-0.000192	0.09607816
0.4	-0.000184	0.0662989
0.4	-0.000176	0.10434944
0.4	-0.000168	0.09951231
0.4	-0.00016	0.08698027
0.4	-0.000152	0.06721275
0.4	-0.000144	0.07618262
0.4	-0.000136	0.09131088
0.4	-0.000128	0.08041434
0.4	-0.00012	0.09817944
0.4	-0.000112	0.09337147
0.4	-0.000104	0.11093859
0.4	-9.6e-05	0.09692212
0.4	-8.8e-05	0.10865678
0.4	-8e-05	0.11596775
0.4	-7.2e-05	0.11064169
0.4	-6.4e-05	0.11350556
0.4	-5.6e-05	0.09453566
0.4	-4.8e-05	0.17176609
0.4	-4e-05	0.25006138
0.4	-3.2e-05	0.06408128
0.4	-2.4e-05	0.00566947
0.4	-1.6e-05	0.01111191
0.4	-8e-06	0.01030864
0.4	0.0	-0.0165718
0.4	8e-06	0.00752048
0.4	1.6e-05	0.01473242
0.4	2.4e-05	0.01991295
0.4	3.2e-05	0.02512257
0.4	4e-05	0.22866384
0.4	4.8e-05	0.17277306
0.4	5.6e-05	0.14974584
0.4	6.4e-05	0.11387234
0.4	7.2e-05	0.11347641
0.4	8e-05	0.108296
0.4	8.8e-05	0.10606081
0.4	9.6e-05	0.10345881
0.4	0.000104	0.09429119
0.4	0.000112	0.09851119
0.4	0.00012	0.08351097
0.4	0.000128	0.10051944
0.4	0.000136	0.04408093
0.4	0.000144	0.0975915
0.4	0.000152	0.10134009
0.4	0.00016	0.08096728
0.4	0.000168	0.0861128
0.4	0.000176	0.11646247
0.4	0.000184	0.08172399
0.4	0.000192	0.06136866
0.4	0.0002	0.08377287
0.35	0.0002	0.06156081
0.35	0.000192	0.09253906
0.35	0.000184	0.05161881
0.35	0.000176	0.10139256
0.35	0.000168	0.09800475
0.35	0.00016	0.09242266
0.35	0.000152	0.07516397
0.35	0.000144	0.10374406
0.35	0.000136	0.08838309
0.35	0.000128	0.09228884
0.35	0.00012	0.09587438
0.35	0.000112	0.07810347
0.35	0.000104	0.09042025
0.35	9.6e-05	0.08532709
0.35	8.8e-05	0.07024543
0.35	8e-05	0.09894191
0.35	7.2e-05	0.09862188
0.35	6.4e-05	0.10782447
0.35	5.6e-05	0.09815609
0.35	4.8e-05	0.08164831
0.35	4e-05	0.09395353
0.35	3.2e-05	0.09065897
0.35	2.4e-05	0.11575825
0.35	1.6e-05	0.11894216
0.35	8e-06	0.04865018
0.35	0.0	0.01065212
0.35	-8e-06	0.01902821
0.35	-1.6e-05	0.06209051
0.35	-2.4e-05	0.15099725
0.35	-3.2e-05	0.11741719
0.35	-4e-05	0.11629375
0.35	-4.8e-05	0.09505362
0.35	-5.6e-05	0.07675306
0.35	-6.4e-05	0.08929691
0.35	-7.2e-05	0.09067056
0.35	-8e-05	0.09520502
0.35	-8.8e-05	0.08062966
0.35	-9.6e-05	0.10358697
0.35	-0.000104	0.08338878
0.35	-0.000112	0.08143294
0.35	-0.00012	0.07757966
0.35	-0.000128	0.08347603
0.35	-0.000136	0.07019305
0.35	-0.000144	0.09455309
0.35	-0.000152	0.093383
0.35	-0.00016	0.08785916
0.35	-0.000168	0.08953553
0.35	-0.000176	0.07260859
0.35	-0.000184	0.08616531
0.35	-0.000192	0.09108962
0.35	-0.0002	0.09217242
0.3	-0.0002	0.1068
0.3	-0.000192	0.10625291
0.3	-0.000184	0.08457031
0.3	-0.000176	0.08181138
0.3	-0.000168	0.08933172
0.3	-0.00016	0.10370919
0.3	-0.000152	0.09308622
0.3	-0.000144	0.09838894
0.3	-0.000136	0.0877195
0.3	-0.000128	0.08007675
0.3	-0.00012	0.07928512
0.3	-0.000112	0.07035597
0.3	-0.000104	0.07169475
0.3	-9.6e-05	0.10059503
0.3	-8.8e-05	0.10164866
0.3	-8e-05	0.11283616
0.3	-7.2e-05	0.08698603
0.3	-6.4e-05	0.09854031
0.3	-5.6e-05	0.11146834
0.3	-4.8e-05	0.15946656
0.3	-4e-05	0.20520634
0.3	-3.2e-05	0.0608506
0.3	-2.4e-05	0.0164612
0.3	-1.6e-05	-0.00576839
0.3	-8e-06	-0.01243903
0.3	0.0	-0.00136207
0.3	8e-06	0.00122818
0.3	1.6e-05	-0.01939493
0.3	2.4e-05	0.00552979
0.3	3.2e-05	0.00701407
0.3	4e-05	0.11130524
0.3	4.8e-05	0.21721475
0.3	5.6e-05	0.18414675
0.3	6.4e-05	0.1267245
0.3	7.2e-05	0.10540888
0.3	8e-05	0.08902326
0.3	8.8e-05	0.10251594
0.3	9.6e-05	0.10791178
0.3	0.000104	0.09811541
0.3	0.000112	0.08208488
0.3	0.00012	0.07560053
0.3	0.000128	0.07991372
0.3	0.000136	0.09166594
0.3	0.000144	0.10459972
0.3	0.000152	0.10148563
0.3	0.00016	0.07365638
0.3	0.000168	0.05273062
0.3	0.000176	0.08365068
0.3	0.000184	0.09912234
0.3	0.000192	0.095205
0.3	0.0002	0.09276025
0.25	0.0002	0.08140966
0.25	0.000192	0.09856362
0.25	0.000184	0.08360416
0.25	0.000176	0.08292309
0.25	0.000168	0.09360425
0.25	0.00016	0.10239378
0.25	0.000152	0.09998384
0.25	0.000144	0.07446553
0.25	0.000136	0.11008881
0.25	0.000128	0.08507097
0.25	0.00012	0.06310885
0.25	0.000112	-0.00609435
0.25	0.000104	-0.00828302
0.25	9.6e-05	0.00704315
0.25	8.8e-05	0.00499426
0.25	8e-05	-0.01100135
0.25	7.2e-05	0.00978476
0.25	6.4e-05	0.00554719
0.25	5.6e-05	-0.01417363
0.25	4.8e-05	-0.00861478
0.25	4e-05	-0.00128057
0.25	3.2e-05	-0.00091968
0.25	2.4e-05	0.00377771
0.25	1.6e-05	-0.01089655
0.25	8e-06	-0.00372533
0.25	0.0	0.01247978
0.25	-8e-06	0.00231671
0.25	-1.6e-05	-0.00625736
0.25	-2.4e-05	-0.00772419
0.25	-3.2e-05	-0.00775912
0.25	-4e-05	0.00306176
0.25	-4.8e-05	-0.00026773
0.25	-5.6e-05	0.00317814
0.25	-6.4e-05	-0.00501753
0.25	-7.2e-05	-0.00172879
0.25	-8e-05	-0.00111179
0.25	-8.8e-05	0.00434815
0.25	-9.6e-05	-0.01170564
0.25	-0.000104	0.00032597
0.25	-0.000112	-0.01296288
0.25	-0.00012	0.00051222
0.25	-0.000128	0.01012819
0.25	-0.000136	-0.02821336
0.25	-0.000144	0.09051916
0.25	-0.000152	0.11525772
0.25	-0.00016	0.12126475
0.25	-0.000168	0.11585719
0.25	-0.000176	0.11648003
0.25	-0.000184	0.08325484
0.25	-0.000192	0.09650309
0.25	-0.0002	0.09544944
0.2	-0.0002	0.09157862
0.2	-0.000192	0.08828991
0.2	-0.000184	0.08953544
0.2	-0.000176	0.09636334
0.2	-0.000168	0.08156678
0.2	-0.00016	0.08391266
0.2	-0.000152	0.08987306
0.2	-0.000144	0.09336556
0.2	-0.000136	0.08094984
0.2	-0.000128	0.11369759
0.2	-0.00012	0.08798728
0.2	-0.000112	0.09300469
0.2	-0.000104	0.10272544
0.2	-9.6e-05	0.08111284
0.2	-8.8e-05	0.11707962
0.2	-8e-05	0.12175369
0.2	-7.2e-05	0.06530365
0.2	-6.4e-05	-0.00243311
0.2	-5.6e-05	-0.00401636
0.2	-4.8e-05	-0.01399901
0.2	-4e-05	-0.0138884
0.2	-3.2e-05	-0.01058802
0.2	-2.4e-05	-0.00288128
0.2	-1.6e-05	0.00477888
0.2	-8e-06	-0.00314323
0.2	0.0	0.00144937
0.2	8e-06	-0.00576257
0.2	1.6e-05	-0.00422595
0.2	2.4e-05	0.00135042
0.2	3.2e-05	0.00818403
0.2	4e-05	0.00237487
0.2	4.8e-05	-0.00065774
0.2	5.6e-05	-0.01472079
0.2	6.4e-05	-0.009808
0.2	7.2e-05	-0.0030443
0.2	8e-05	2.33e-05
0.2	8.8e-05	-0.01596644
0.2	9.6e-05	0.00509318
0.2	0.000104	-0.00280562
0.2	0.000112	-0.00529112
0.2	0.00012	-0.00395231
0.2	0.000128	0.00778244
0.2	0.000136	-0.00809675
0.2	0.000144	0.00378355
0.2	0.000152	-0.00456931
0.2	0.00016	0.09550185
0.2	0.000168	0.11281281
0.2	0.000176	0.08124094
0.2	0.000184	0.09957066
0.2	0.000192	0.09152038
0.2	0.0002	0.08670659
0.15	0.0002	-0.00190921
0.15	0.000192	-0.0007276
0.15	0.000184	-0.0227884
0.15	0.000176	-0.01500022
0.15	0.000168	0.00335278
0.15	0.00016	-0.00706647
0.15	0.000152	-0.00015716
0.15	0.000144	-0.00972654
0.15	0.000136	-0.01515156
0.15	0.000128	-0.00803269
0.15	0.00012	-0.00369621
0.15	0.000112	-0.00786392
0.15	0.000104	-0.00338773
0.15	9.6e-05	-0.00460428
0.15	8.8e-05	-0.01610614
0.15	8e-05	0.00389411
0.15	7.2e-05	-0.00854493
0.15	6.4e-05	-0.0034459
0.15	5.6e-05	-0.00646691
0.15	4.8e-05	-0.00471484
0.15	4e-05	-0.01812017
0.15	3.2e-05	-0.00910956
0.15	2.4e-05	-0.0007334
0.15	1.6e-05	-0.00284055
0.15	8e-06	5.238e-05
0.15	0.0	-0.01100132
0.15	-8e-06	-0.00158909
0.15	-1.6e-05	-0.0022643
0.15	-2.4e-05	-0.01190357
0.15	-3.2e-05	-0.01436574
0.15	-4e-05	-0.01733436
0.15	-4.8e-05	-0.00717123
0.15	-5.6e-05	0.00051803
0.15	-6.4e-05	0.00438305
0.15	-7.2e-05	-0.00342845
0.15	-8e-05	0.00186849
0.15	-8.8e-05	-0.00444128
0.15	-9.6e-05	-0.01336456
0.15	-0.000104	0.00744479
0.15	-0.000112	-0.00523871
0.15	-0.00012	0.00911537
0.15	-0.000128	-0.0142144
0.15	-0.000136	-0.00339353
0.15	-0.000144	-0.00589065
0.15	-0.000152	0.00346921
0.15	-0.00016	-0.00961013
0.15	-0.000168	0.00967419
0.15	-0.000176	-0.00648439
0.15	-0.000184	-0.02391182
0.15	-0.000192	-0.00972075
0.15	-0.0002	-0.01241575
0.1	-0.0002	-0.00417352
0.1	-0.000192	0.00461587
0.1	-0.000184	-0.01096057
0.1	-0.000176	0.00568692
0.1	-0.000168	-0.01409799
0.1	-0.00016	-0.00908044
0.1	-0.000152	0.01762539
0.1	-0.000144	0.00231667
0.1	-0.000136	-0.00600126
0.1	-0.000128	-0.00351576
0.1	-0.00012	-0.00445873
0.1	-0.000112	-0.00090224
0.1	-0.000104	-0.01548915
0.1	-9.6e-05	-0.01030865
0.1	-8.8e-05	-0.01517483
0.1	-8e-05	-0.00160654
0.1	-7.2e-05	-0.01235172
0.1	-6.4e-05	-0.00594884
0.1	-5.6e-05	0.00363218
0.1	-4.8e-05	-5.8e-06
0.1	-4e-05	-0.00291622
0.1	-3.2e-05	0.00839939
0.1	-2.4e-05	0.01162999
0.1	-1.6e-05	0.00544827
0.1	-8e-06	-0.01634477
0.1	0.0	-0.00363799
0.1	8e-06	-0.00054132
0.1	1.6e-05	-0.00306755
0.1	2.4e-05	-0.00746224
0.1	3.2e-05	-0.0180212
0.1	4e-05	-0.00618169
0.1	4.8e-05	-0.01356249
0.1	5.6e-05	0.01070442
0.1	6.4e-05	-0.0022119
0.1	7.2e-05	-0.01043084
0.1	8e-05	9.896e-05
0.1	8.8e-05	0.00724688
0.1	9.6e-05	-0.01691525
0.1	0.000104	-0.00279398
0.1	0.000112	-0.01153681
0.1	0.00012	0.00495932
0.1	0.000128	0.00537839
0.1	0.000136	-0.00995356
0.1	0.000144	-0.00113505
0.1	0.000152	0.00732838
0.1	0.00016	0.00381262
0.1	0.000168	-0.01756133
