Initial Temperature (K)	0.0251234
Excitation Current (A)	-2.951220779220779e-13
Axis 1,2	y,z
Angle	14
Field (T)	Current (A)	Resistance (Ohms)	Actual X-Field	Actual Y-Field	Actual Z-Field
0.9	-0.0002	-0.05045	-0.0	0.8733	0.2177
0.9	-0.000192	0.08653895	0.0	0.8733	0.2177
0.9	-0.000184	0.0641778	0.0	0.8733	0.2177
0.9	-0.000176	0.08273925	0.0	0.8733	0.2177
0.9	-0.000168	0.10133775	0.0	0.8733	0.2177
0.9	-0.00016	0.06402876	0.0	0.8733	0.2177
0.9	-0.000152	0.10474645	0.0	0.8733	0.2177
0.9	-0.000144	0.07754235	0.0	0.8733	0.2177
0.9	-0.000136	0.12346605	0.0	0.8733	0.2177
0.9	-0.000128	0.08602665	-0.0	0.8733	0.2177
0.9	-0.00012	0.1221063	0.0	0.8733	0.2177
0.9	-0.000112	0.08301865	-0.0	0.8733	0.2177
0.9	-0.000104	0.11825075	0.0	0.8733	0.2177
0.9	-9.6e-05	0.0737891	-0.0	0.8733	0.2177
0.9	-8.8e-05	0.09853445	0.0	0.8733	0.2177
0.9	-8e-05	0.0863527	0.0	0.8733	0.2177
0.9	-7.2e-05	0.07100435	0.0	0.8733	0.2177
0.9	-6.4e-05	0.1037872	0.0	0.8733	0.2177
0.9	-5.6e-05	0.0778124	0.0	0.8733	0.2177
0.9	-4.8e-05	0.0915774	-0.0	0.8733	0.2177
0.9	-4e-05	0.1029303	0.0	0.8733	0.2177
0.9	-3.2e-05	0.1055288	0.0	0.8733	0.2177
0.9	-2.4e-05	0.10277215	-0.0	0.8733	0.2177
0.9	-1.6e-05	0.1179712	0.0	0.8733	0.2177
0.9	-8e-06	0.074618	0.0	0.8733	0.2177
0.9	0.0	0.1233451	0.0	0.8733	0.2177
0.9	8e-06	0.13233225	0.0	0.8733	0.2177
0.9	1.6e-05	0.11334255	-0.0	0.8733	0.2177
0.9	2.4e-05	0.1258037	-0.0	0.8733	0.2177
0.9	3.2e-05	0.09549837	0.0	0.8733	0.2177
0.9	4e-05	0.1225906	0.0	0.8733	0.2177
0.9	4.8e-05	0.1160155	0.0	0.8733	0.2177
0.9	5.6e-05	0.08186375	0.0	0.8733	0.2177
0.9	6.4e-05	0.0890629	-0.0	0.8733	0.2177
0.9	7.2e-05	0.07637825	-0.0	0.8733	0.2177
0.9	8e-05	0.08840165	-0.0	0.8733	0.2177
0.9	8.8e-05	0.08166805	0.0	0.8733	0.2177
0.9	9.6e-05	0.0846298	0.0	0.8733	0.2177
0.9	0.000104	0.09293715	-0.0	0.8733	0.2177
0.9	0.000112	0.1330215	0.0	0.8733	0.2177
0.9	0.00012	0.1354616	0.0	0.8733	0.2177
0.9	0.000128	0.11493515	0.0	0.8733	0.2177
0.9	0.000136	0.12837435	-0.0	0.8733	0.2177
0.9	0.000144	0.0906927	-0.0	0.8733	0.2177
0.9	0.000152	0.08427584	-0.0	0.8733	0.2177
0.9	0.00016	0.10741925	-0.0	0.8733	0.2177
0.9	0.000168	0.0775983	0.0	0.8733	0.2177
0.9	0.000176	0.10489545	-0.0	0.8733	0.2177
0.9	0.000184	0.0837917	0.0	0.8733	0.2177
0.9	0.000192	0.1405	0.0	0.8733	0.2177
0.9	0.0002	0.08966825	-0.0	0.8733	0.2177
0.85	0.0002	0.1010957	-0.0	0.8247	0.2056
0.85	0.000192	0.0987208	0.0	0.8248	0.2056
0.85	0.000184	0.08470425	0.0	0.8247	0.2056
0.85	0.000176	0.08772185	-0.0	0.8248	0.2056
0.85	0.000168	0.11401315	-0.0	0.8248	0.2056
0.85	0.00016	0.1038709	0.0	0.8247	0.2056
0.85	0.000152	0.0886996	0.0	0.8248	0.2056
0.85	0.000144	0.11774785	0.0	0.8247	0.2056
0.85	0.000136	0.0909814	-0.0	0.8248	0.2057
0.85	0.000128	0.09585225	0.0	0.8248	0.2056
0.85	0.00012	0.1000246	0.0	0.8248	0.2056
0.85	0.000112	0.09076715	0.0	0.8248	0.2057
0.85	0.000104	0.11165685	-0.0	0.8248	0.2056
0.85	9.6e-05	0.10568705	0.0	0.8248	0.2056
0.85	8.8e-05	0.10064865	-0.0	0.8248	0.2056
0.85	8e-05	0.1004623	-0.0	0.8247	0.2056
0.85	7.2e-05	0.09385925	-0.0	0.8248	0.2056
0.85	6.4e-05	0.08977995	0.0	0.8247	0.2056
0.85	5.6e-05	0.1171146	-0.0	0.8247	0.2056
0.85	4.8e-05	0.09858105	0.0	0.8248	0.2056
0.85	4e-05	0.09450185	0.0	0.8247	0.2056
0.85	3.2e-05	0.08311175	0.0	0.8248	0.2056
0.85	2.4e-05	0.10977545	0.0	0.8247	0.2056
0.85	1.6e-05	0.0756145	-0.0	0.8248	0.2057
0.85	8e-06	0.10139375	-0.0	0.8247	0.2057
0.85	0.0	0.11995495	-0.0	0.8247	0.2056
0.85	-8e-06	0.1234009	-0.0	0.8248	0.2056
0.85	-1.6e-05	0.08891385	-0.0	0.8248	0.2056
0.85	-2.4e-05	0.09383125	-0.0	0.8248	0.2056
0.85	-3.2e-05	0.06357235	0.0	0.8248	0.2056
0.85	-4e-05	0.07879955	0.0	0.8247	0.2056
0.85	-4.8e-05	0.08162155	0.0	0.8248	0.2056
0.85	-5.6e-05	0.1218084	0.0	0.8248	0.2056
0.85	-6.4e-05	0.13279795	0.0	0.8248	0.2056
0.85	-7.2e-05	0.09468815	0.0	0.8247	0.2056
0.85	-8e-05	0.1062459	0.0	0.8248	0.2056
0.85	-8.8e-05	0.0940082	0.0	0.8248	0.2056
0.85	-9.6e-05	0.08566355	-0.0	0.8248	0.2056
0.85	-0.000104	0.08261805	0.0	0.8248	0.2056
0.85	-0.000112	0.11811105	0.0	0.8248	0.2056
0.85	-0.00012	0.09362645	-0.0	0.8247	0.2056
0.85	-0.000128	0.1127372	-0.0	0.8248	0.2056
0.85	-0.000136	0.1076987	0.0	0.8248	0.2056
0.85	-0.000144	0.10231565	0.0	0.8248	0.2056
0.85	-0.000152	0.09567525	0.0	0.8248	0.2056
0.85	-0.00016	0.09593605	-0.0	0.8247	0.2056
0.85	-0.000168	0.0679217	0.0	0.8248	0.2056
0.85	-0.000176	0.07798935	0.0	0.8247	0.2056
0.85	-0.000184	0.08714435	-0.0	0.8248	0.2056
0.85	-0.000192	0.12020655	0.0	0.8247	0.2056
0.85	-0.0002	0.10831335	0.0	0.8248	0.2056
0.8	-0.0002	0.1253381	0.0	0.7762	0.1935
0.8	-0.000192	0.0820034	-0.0	0.7762	0.1935
0.8	-0.000184	0.10539835	0.0	0.7762	0.1935
0.8	-0.000176	0.089603	0.0	0.7762	0.1935
0.8	-0.000168	0.05167014	0.0	0.7762	0.1935
0.8	-0.00016	0.06555625	0.0	0.7762	0.1935
0.8	-0.000152	0.1129607	0.0	0.7762	0.1935
0.8	-0.000144	0.09926085	0.0	0.7762	0.1935
0.8	-0.000136	0.11340775	0.0	0.7762	0.1935
0.8	-0.000128	0.10893745	0.0	0.7762	0.1935
0.8	-0.00012	0.11700265	-0.0	0.7762	0.1935
0.8	-0.000112	0.1015985	0.0	0.7762	0.1935
0.8	-0.000104	0.09685815	0.0	0.7762	0.1935
0.8	-9.6e-05	0.1239969	0.0	0.7762	0.1935
0.8	-8.8e-05	0.1157827	0.0	0.7762	0.1935
0.8	-8e-05	0.08680915	0.0	0.7762	0.1935
0.8	-7.2e-05	0.11632285	0.0	0.7762	0.1935
0.8	-6.4e-05	0.0790883	-0.0	0.7762	0.1935
0.8	-5.6e-05	0.1055101	0.0	0.7762	0.1935
0.8	-4.8e-05	0.08588705	0.0	0.7762	0.1935
0.8	-4e-05	0.0943714	-0.0	0.7762	0.1935
0.8	-3.2e-05	0.1192193	-0.0	0.7762	0.1935
0.8	-2.4e-05	0.12366175	0.0	0.7762	0.1935
0.8	-1.6e-05	0.14374105	-0.0	0.7762	0.1935
0.8	-8e-06	0.0873493	0.0	0.7762	0.1935
0.8	0.0	0.0796006	0.0	0.7762	0.1935
0.8	8e-06	0.1011236	0.0	0.7762	0.1935
0.8	1.6e-05	0.09537725	-0.0	0.7762	0.1935
0.8	2.4e-05	0.09030155	-0.0	0.7762	0.1935
0.8	3.2e-05	0.09201525	0.0	0.7762	0.1935
0.8	4e-05	0.0994564	0.0	0.7762	0.1935
0.8	4.8e-05	0.08994765	-0.0	0.7762	0.1935
0.8	5.6e-05	0.1097756	-0.0	0.7762	0.1935
0.8	6.4e-05	0.1121226	0.0	0.7762	0.1935
0.8	7.2e-05	0.1162949	0.0	0.7762	0.1935
0.8	8e-05	0.1264836	0.0	0.7762	0.1935
0.8	8.8e-05	0.1180831	-0.0	0.7762	0.1935
0.8	9.6e-05	0.1027535	0.0	0.7762	0.1936
0.8	0.000104	0.0811372	0.0	0.7762	0.1935
0.8	0.000112	0.0870419	-0.0	0.7762	0.1935
0.8	0.00012	0.1045044	-0.0	0.7762	0.1935
0.8	0.000128	0.08759135	0.0	0.7762	0.1935
0.8	0.000136	0.14213915	0.0	0.7762	0.1935
0.8	0.000144	0.11583855	0.0	0.7762	0.1935
0.8	0.000152	0.095163	-0.0	0.7762	0.1935
0.8	0.00016	0.1164346	0.0	0.7762	0.1935
0.8	0.000168	0.0943994	0.0	0.7762	0.1935
0.8	0.000176	0.08943545	0.0	0.7762	0.1935
0.8	0.000184	0.10063925	0.0	0.7762	0.1935
0.8	0.000192	0.07280195	0.0	0.7762	0.1935
0.8	0.0002	0.09730515	0.0	0.7762	0.1935
0.75	0.0002	0.05031036	-0.0	0.7277	0.1814
0.75	0.000192	0.0850209	-0.0	0.7277	0.1814
0.75	0.000184	0.09227595	-0.0	0.7277	0.1814
0.75	0.000176	0.10562185	0.0	0.7277	0.1814
0.75	0.000168	0.0642895	0.0	0.7277	0.1814
0.75	0.00016	0.099978	0.0	0.7277	0.1814
0.75	0.000152	0.0876286	0.0	0.7277	0.1814
0.75	0.000144	0.0953307	-0.0	0.7277	0.1814
0.75	0.000136	0.1051655	0.0	0.7277	0.1814
0.75	0.000128	0.09293715	0.0	0.7277	0.1814
0.75	0.00012	0.0884947	0.0	0.7277	0.1814
0.75	0.000112	0.1070748	0.0	0.7277	0.1814
0.75	0.000104	0.0977057	-0.0	0.7277	0.1814
0.75	9.6e-05	0.0948931	0.0	0.7277	0.1814
0.75	8.8e-05	0.1081644	0.0	0.7277	0.1814
0.75	8e-05	0.1106604	-0.0	0.7277	0.1815
0.75	7.2e-05	0.07778445	0.0	0.7277	0.1814
0.75	6.4e-05	0.0681918	0.0	0.7277	0.1814
0.75	5.6e-05	0.0881222	0.0	0.7277	0.1814
0.75	4.8e-05	0.08356805	0.0	0.7277	0.1814
0.75	4e-05	0.1038057	-0.0	0.7277	0.1814
0.75	3.2e-05	0.09306762	0.0	0.7277	0.1815
0.75	2.4e-05	0.13025545	0.0	0.7277	0.1815
0.75	1.6e-05	0.13253725	0.0	0.7277	0.1814
0.75	8e-06	0.0659939	-0.0	0.7277	0.1814
0.75	0.0	0.0879919	-0.0	0.7277	0.1814
0.75	-8e-06	0.11494435	-0.0	0.7277	0.1814
0.75	-1.6e-05	0.1209143	-0.0	0.7277	0.1814
0.75	-2.4e-05	0.12490035	0.0	0.7277	0.1814
0.75	-3.2e-05	0.09391515	0.0	0.7277	0.1815
0.75	-4e-05	0.1159969	0.0	0.7277	0.1814
0.75	-4.8e-05	0.10979425	-0.0	0.7277	0.1814
0.75	-5.6e-05	0.10461615	0.0	0.7277	0.1814
0.75	-6.4e-05	0.09673705	-0.0	0.7277	0.1815
0.75	-7.2e-05	0.0816961	-0.0	0.7277	0.1815
0.75	-8e-05	0.1101574	-0.0	0.7277	0.1814
0.75	-8.8e-05	0.10888155	-0.0	0.7277	0.1814
0.75	-9.6e-05	0.09340295	0.0	0.7277	0.1814
0.75	-0.000104	0.0926392	0.0	0.7277	0.1815
0.75	-0.000112	0.1335803	0.0	0.7277	0.1814
0.75	-0.00012	0.09870215	0.0	0.7277	0.1814
0.75	-0.000128	0.1096081	0.0	0.7277	0.1814
0.75	-0.000136	0.0946229	-0.0	0.7277	0.1814
0.75	-0.000144	0.1225535	0.0	0.7277	0.1814
0.75	-0.000152	0.09901875	-0.0	0.7277	0.1814
0.75	-0.00016	0.11940555	0.0	0.7277	0.1814
0.75	-0.000168	0.0958336	0.0	0.7277	0.1814
0.75	-0.000176	0.1396525	-0.0	0.7277	0.1815
0.75	-0.000184	0.09557285	0.0	0.7277	0.1814
0.75	-0.000192	0.10572445	0.0	0.7277	0.1814
0.75	-0.0002	0.1015612	-0.0	0.7277	0.1814
0.7	-0.0002	0.1199736	0.0	0.6792	0.1693
0.7	-0.000192	0.15099605	0.0	0.6792	0.1693
0.7	-0.000184	0.1208304	0.0	0.6792	0.1694
0.7	-0.000176	0.1125044	0.0	0.6792	0.1694
0.7	-0.000168	0.08817815	0.0	0.6792	0.1694
0.7	-0.00016	0.09613164	0.0	0.6792	0.1693
0.7	-0.000152	0.1066183	-0.0	0.6792	0.1694
0.7	-0.000144	0.07113485	0.0	0.6792	0.1693
0.7	-0.000136	0.10040645	0.0	0.6792	0.1694
0.7	-0.000128	0.0950607	0.0	0.6792	0.1693
0.7	-0.00012	0.0963459	0.0	0.6792	0.1694
0.7	-0.000112	0.1134172	-0.0	0.6792	0.1694
0.7	-0.000104	0.07048284	0.0	0.6792	0.1693
0.7	-9.6e-05	0.07864132	0.0	0.6792	0.1693
0.7	-8.8e-05	0.093198	0.0	0.6792	0.1693
0.7	-8e-05	0.13514495	0.0	0.6792	0.1694
0.7	-7.2e-05	0.11077215	0.0	0.6792	0.1694
0.7	-6.4e-05	0.0921176	0.0	0.6792	0.1694
0.7	-5.6e-05	0.09082305	-0.0	0.6792	0.1694
0.7	-4.8e-05	0.10514705	0.0	0.6792	0.1694
0.7	-4e-05	0.12289805	-0.0	0.6792	0.1693
0.7	-3.2e-05	0.10294895	0.0	0.6792	0.1693
0.7	-2.4e-05	0.09666255	-0.0	0.6792	0.1694
0.7	-1.6e-05	0.13654195	0.0	0.6792	0.1694
0.7	-8e-06	0.12422045	0.0	0.6792	0.1693
0.7	0.0	0.073817	-0.0	0.6792	0.1693
0.7	8e-06	0.0839964	0.0	0.6792	0.1693
0.7	1.6e-05	0.08639925	0.0	0.6792	0.1693
0.7	2.4e-05	0.0715353	0.0	0.6792	0.1693
0.7	3.2e-05	0.10261365	0.0	0.6792	0.1693
0.7	4e-05	0.0748415	0.0	0.6792	0.1693
0.7	4.8e-05	0.0876193	0.0	0.6792	0.1693
0.7	5.6e-05	0.1193683	0.0	0.6792	0.1693
0.7	6.4e-05	0.0614304	0.0	0.6792	0.1694
0.7	7.2e-05	0.1456409	0.0	0.6792	0.1694
0.7	8e-05	0.06309748	-0.0	0.6792	0.1694
0.7	8.8e-05	0.09855325	0.0	0.6792	0.1693
0.7	9.6e-05	0.0568855	0.0	0.6792	0.1693
0.7	0.000104	0.0869301	0.0	0.6792	0.1693
0.7	0.000112	0.07289505	0.0	0.6792	0.1694
0.7	0.00012	0.0867625	0.0	0.6792	0.1694
0.7	0.000128	0.08822465	-0.0	0.6792	0.1693
0.7	0.000136	0.08370765	0.0	0.6792	0.1694
0.7	0.000144	0.0963273	0.0	0.6792	0.1694
0.7	0.000152	0.0762571	-0.0	0.6792	0.1694
0.7	0.00016	0.0962993	0.0	0.6792	0.1694
0.7	0.000168	0.0929279	-0.0	0.6792	0.1694
0.7	0.000176	0.11385485	-0.0	0.6792	0.1694
0.7	0.000184	0.12612035	0.0	0.6792	0.1693
0.7	0.000192	0.09111185	0.0	0.6792	0.1693
0.7	0.0002	0.10662775	0.0	0.6792	0.1693
0.65	0.0002	0.0962434	-0.0	0.6307	0.1573
0.65	0.000192	0.07332348	-0.0	0.6307	0.1573
0.65	0.000184	0.0685364	-0.0	0.6307	0.1573
0.65	0.000176	0.08545865	0.0	0.6307	0.1573
0.65	0.000168	0.10785705	0.0	0.6307	0.1573
0.65	0.00016	0.1378178	0.0	0.6307	0.1572
0.65	0.000152	0.12046715	0.0	0.6307	0.1573
0.65	0.000144	0.1086953	0.0	0.6307	0.1572
0.65	0.000136	0.1124578	0.0	0.6307	0.1573
0.65	0.000128	0.12548705	-0.0	0.6307	0.1573
0.65	0.00012	0.05316022	0.0	0.6307	0.1573
0.65	0.000112	0.1003599	-0.0	0.6307	0.1573
0.65	0.000104	0.08712575	-0.0	0.6307	0.1572
0.65	9.6e-05	0.0949023	-0.0	0.6307	0.1573
0.65	8.8e-05	0.0868929	-0.0	0.6307	0.1573
0.65	8e-05	0.1038245	-0.0	0.6307	0.1573
0.65	7.2e-05	0.0975939	0.0	0.6307	0.1573
0.65	6.4e-05	0.11390135	-0.0	0.6307	0.1573
0.65	5.6e-05	0.1121692	0.0	0.6307	0.1573
0.65	4.8e-05	0.0943715	0.0	0.6307	0.1573
0.65	4e-05	0.0962527	0.0	0.6307	0.1573
0.65	3.2e-05	0.07971235	0.0	0.6307	0.1573
0.65	2.4e-05	0.08777765	0.0	0.6307	0.1572
0.65	1.6e-05	0.09584295	-0.0	0.6307	0.1573
0.65	8e-06	0.06949575	0.0	0.6307	0.1573
0.65	0.0	0.06021968	0.0	0.6307	0.1573
0.65	-8e-06	0.06116965	0.0	0.6307	0.1573
0.65	-1.6e-05	0.11122845	0.0	0.6307	0.1573
0.65	-2.4e-05	0.1390658	-0.0	0.6307	0.1572
0.65	-3.2e-05	0.11963825	0.0	0.6307	0.1573
0.65	-4e-05	0.1101109	-0.0	0.6307	0.1573
0.65	-4.8e-05	0.0896309	0.0	0.6307	0.1572
0.65	-5.6e-05	0.08994764	0.0	0.6307	0.1572
0.65	-6.4e-05	0.0869674	-0.0	0.6307	0.1573
0.65	-7.2e-05	0.10605025	0.0	0.6307	0.1573
0.65	-8e-05	0.0845739	0.0	0.6307	0.1573
0.65	-8.8e-05	0.06895545	0.0	0.6307	0.1573
0.65	-9.6e-05	0.0857102	-0.0	0.6307	0.1573
0.65	-0.000104	0.10022015	-0.0	0.6307	0.1572
0.65	-0.000112	0.12036475	0.0	0.6307	0.1573
0.65	-0.00012	0.12025305	-0.0	0.6307	0.1573
0.65	-0.000128	0.0854773	0.0	0.6307	0.1573
0.65	-0.000136	0.0935612	-0.0	0.6307	0.1572
0.65	-0.000144	0.0870791	0.0	0.6307	0.1572
0.65	-0.000152	0.09348675	0.0	0.6307	0.1573
0.65	-0.00016	0.09131665	0.0	0.6307	0.1572
0.65	-0.000168	0.10422495	0.0	0.6307	0.1573
0.65	-0.000176	0.0673722	0.0	0.6307	0.1572
0.65	-0.000184	0.1155683	0.0	0.6307	0.1572
0.65	-0.000192	0.09629925	-0.0	0.6307	0.1573
0.65	-0.0002	0.08191025	0.0	0.6307	0.1573
0.6	-0.0002	0.0689462	-0.0	0.5822	0.1452
0.6	-0.000192	0.0635072	0.0	0.5822	0.1452
0.6	-0.000184	0.1075871	0.0	0.5822	0.1452
0.6	-0.000176	0.11498175	0.0	0.5822	0.1452
0.6	-0.000168	0.1010398	0.0	0.5822	0.1452
0.6	-0.00016	0.11269075	0.0	0.5822	0.1452
0.6	-0.000152	0.1746332	-0.0	0.5822	0.1452
0.6	-0.000144	0.10966385	0.0	0.5822	0.1452
0.6	-0.000136	0.10749395	-0.0	0.5822	0.1452
0.6	-0.000128	0.0892212	-0.0	0.5822	0.1452
0.6	-0.00012	0.14898455	0.0	0.5822	0.1452
0.6	-0.000112	0.09551695	0.0	0.5822	0.1452
0.6	-0.000104	0.0722897	-0.0	0.5822	0.1452
0.6	-9.6e-05	0.087936	0.0	0.5822	0.1452
0.6	-8.8e-05	0.08280425	0.0	0.5822	0.1452
0.6	-8e-05	0.06095543	-0.0	0.5822	0.1452
0.6	-7.2e-05	0.0684992	0.0	0.5822	0.1452
0.6	-6.4e-05	0.09118635	-0.0	0.5822	0.1452
0.6	-5.6e-05	0.14953385	0.0	0.5822	0.1452
0.6	-4.8e-05	0.10293965	-0.0	0.5822	0.1452
0.6	-4e-05	0.1189399	-0.0	0.5822	0.1452
0.6	-3.2e-05	0.13034865	-0.0	0.5822	0.1452
0.6	-2.4e-05	0.15067935	0.0	0.5822	0.1452
0.6	-1.6e-05	0.1064881	-0.0	0.5822	0.1452
0.6	-8e-06	0.1042435	0.0	0.5822	0.1452
0.6	0.0	-0.00108965	0.0	0.5822	0.1452
0.6	8e-06	0.03371403	0.0	0.5822	0.1452
0.6	1.6e-05	0.11138685	-0.0	0.5822	0.1452
0.6	2.4e-05	0.1163229	-0.0	0.5822	0.1452
0.6	3.2e-05	0.0885692	-0.0	0.5822	0.1452
0.6	4e-05	0.0802245	0.0	0.5822	0.1452
0.6	4.8e-05	0.0892025	0.0	0.5822	0.1452
0.6	5.6e-05	0.13420425	0.0	0.5822	0.1451
0.6	6.4e-05	0.0903109	0.0	0.5822	0.1452
0.6	7.2e-05	0.10210135	0.0	0.5822	0.1452
0.6	8e-05	0.08210575	0.0	0.5822	0.1452
0.6	8.8e-05	0.0772909	-0.0	0.5822	0.1452
0.6	9.6e-05	0.0570345	-0.0	0.5822	0.1452
0.6	0.000104	0.0542312	-0.0	0.5822	0.1452
0.6	0.000112	0.0805039	0.0	0.5822	0.1452
0.6	0.00012	0.06349794	-0.0	0.5822	0.1452
0.6	0.000128	0.0951352	0.0	0.5822	0.1452
0.6	0.000136	0.0743199	0.0	0.5822	0.1452
0.6	0.000144	0.0855798	0.0	0.5822	0.1452
0.6	0.000152	0.1483884	-0.0	0.5822	0.1452
0.6	0.00016	0.0928534	0.0	0.5822	0.1452
0.6	0.000168	0.09268565	-0.0	0.5822	0.1452
0.6	0.000176	0.1095893	0.0	0.5822	0.1452
0.6	0.000184	0.10865805	0.0	0.5822	0.1452
0.6	0.000192	0.1074007	0.0	0.5822	0.1452
0.6	0.0002	0.06572374	-0.0	0.5822	0.1452
0.55	0.0002	0.086539	0.0	0.5337	0.1331
0.55	0.000192	0.07536305	0.0	0.5337	0.1331
0.55	0.000184	0.1041782	0.0	0.5337	0.1331
0.55	0.000176	0.08898835	0.0	0.5337	0.1331
0.55	0.000168	0.11522385	0.0	0.5337	0.1331
0.55	0.00016	0.0982085	0.0	0.5337	0.1331
0.55	0.000152	0.1109677	0.0	0.5337	0.1331
0.55	0.000144	0.1157268	0.0	0.5337	0.1331
0.55	0.000136	0.08966825	0.0	0.5337	0.1331
0.55	0.000128	0.08191025	0.0	0.5337	0.1331
0.55	0.00012	0.02720407	0.0	0.5337	0.1331
0.55	0.000112	0.08862519	0.0	0.5337	0.1331
0.55	0.000104	0.12369895	0.0	0.5337	0.1331
0.55	9.6e-05	0.1317177	-0.0	0.5337	0.1331
0.55	8.8e-05	0.09643895	-0.0	0.5337	0.133
0.55	8e-05	0.06806145	0.0	0.5337	0.1331
0.55	7.2e-05	0.06967255	-0.0	0.5337	0.1331
0.55	6.4e-05	0.09873	0.0	0.5337	0.1331
0.55	5.6e-05	0.09525625	-0.0	0.5337	0.1331
0.55	4.8e-05	0.11609005	-0.0	0.5337	0.1331
0.55	4e-05	0.1047092	0.0	0.5337	0.1331
0.55	3.2e-05	0.12599935	0.0	0.5337	0.1331
0.55	2.4e-05	0.1191448	-0.0	0.5337	0.1331
0.55	1.6e-05	0.11097705	-0.0	0.5337	0.1331
0.55	8e-06	0.05335582	0.0	0.5337	0.1331
0.55	0.0	0.0348689	0.0	0.5337	0.1331
0.55	-8e-06	0.02805158	-0.0	0.5337	0.1331
0.55	-1.6e-05	0.10867655	0.0	0.5337	0.1331
0.55	-2.4e-05	0.1258876	-0.0	0.5337	0.1331
0.55	-3.2e-05	0.1468144	-0.0	0.5337	0.1331
0.55	-4e-05	0.13281655	-0.0	0.5337	0.133
0.55	-4.8e-05	0.1207186	0.0	0.5337	0.1331
0.55	-5.6e-05	0.11857665	0.0	0.5337	0.1331
0.55	-6.4e-05	0.07238285	0.0	0.5337	0.1331
0.55	-7.2e-05	0.05858045	0.0	0.5337	0.1331
0.55	-8e-05	0.06082491	0.0	0.5337	0.1331
0.55	-8.8e-05	0.075242	-0.0	0.5337	0.1331
0.55	-9.6e-05	0.07326758	0.0	0.5337	0.1331
0.55	-0.000104	0.07194505	0.0	0.5337	0.1331
0.55	-0.000112	0.08286025	-0.0	0.5337	0.133
0.55	-0.00012	0.11494445	0.0	0.5337	0.1331
0.55	-0.000128	0.0930023	-0.0	0.5337	0.1331
0.55	-0.000136	0.1156244	0.0	0.5337	0.1331
0.55	-0.000144	0.0907301	0.0	0.5337	0.1331
0.55	-0.000152	0.09581505	0.0	0.5337	0.1331
0.55	-0.00016	0.0884574	-0.0	0.5337	0.1331
0.55	-0.000168	0.0794609	0.0	0.5337	0.1331
0.55	-0.000176	0.0778031	-0.0	0.5337	0.133
0.55	-0.000184	0.0630975	-0.0	0.5337	0.1331
0.55	-0.000192	0.11201085	-0.0	0.5337	0.1331
0.55	-0.0002	0.0920058	-0.0	0.5337	0.1331
0.5	-0.0002	0.1079781	-0.0	0.4852	0.121
0.5	-0.000192	0.1132401	0.0	0.4852	0.121
0.5	-0.000184	0.10125395	0.0	0.4851	0.121
0.5	-0.000176	0.0853376	0.0	0.4851	0.121
0.5	-0.000168	0.09073	-0.0	0.4852	0.121
0.5	-0.00016	0.0785016	-0.0	0.4852	0.121
0.5	-0.000152	0.06190535	-0.0	0.4851	0.121
0.5	-0.000144	0.1209235	0.0	0.4851	0.121
0.5	-0.000136	0.091149	0.0	0.4852	0.121
0.5	-0.000128	0.1116569	-0.0	0.4851	0.121
0.5	-0.00012	0.1294824	0.0	0.4852	0.121
0.5	-0.000112	0.12663255	-0.0	0.4851	0.121
0.5	-0.000104	0.06348854	-0.0	0.4852	0.1209
0.5	-9.6e-05	0.0940176	0.0	0.4851	0.121
0.5	-8.8e-05	0.0912608	-0.0	0.4852	0.121
0.5	-8e-05	0.09087895	-0.0	0.4851	0.121
0.5	-7.2e-05	0.0899569	-0.0	0.4852	0.121
0.5	-6.4e-05	0.06791242	0.0	0.4852	0.121
0.5	-5.6e-05	0.0885413	-0.0	0.4852	0.121
0.5	-4.8e-05	0.1076801	-0.0	0.4852	0.121
0.5	-4e-05	0.08695805	-0.0	0.4851	0.121
0.5	-3.2e-05	0.1074193	0.0	0.4852	0.121
0.5	-2.4e-05	0.0522661	0.0	0.4851	0.121
0.5	-1.6e-05	0.08858785	0.0	0.4851	0.121
0.5	-8e-06	0.09081375	0.0	0.4852	0.121
0.5	0.0	0.0548832	0.0	0.4851	0.121
0.5	8e-06	0.08659495	-0.0	0.4852	0.121
0.5	1.6e-05	0.1376688	0.0	0.4851	0.121
0.5	2.4e-05	0.0869953	0.0	0.4851	0.121
0.5	3.2e-05	0.0956474	0.0	0.4852	0.121
0.5	4e-05	0.10214805	0.0	0.4851	0.121
0.5	4.8e-05	0.10488615	0.0	0.4851	0.121
0.5	5.6e-05	0.10459735	0.0	0.4851	0.121
0.5	6.4e-05	0.1016265	-0.0	0.4851	0.121
0.5	7.2e-05	0.10750314	0.0	0.4851	0.121
0.5	8e-05	0.1023436	0.0	0.4852	0.121
0.5	8.8e-05	0.0935146	0.0	0.4851	0.121
0.5	9.6e-05	0.0955449	0.0	0.4852	0.121
0.5	0.000104	0.1169934	0.0	0.4852	0.1209
0.5	0.000112	0.10575225	0.0	0.4851	0.121
0.5	0.00012	0.0995404	0.0	0.4851	0.121
0.5	0.000128	0.06320916	-0.0	0.4851	0.121
0.5	0.000136	0.1072144	0.0	0.4852	0.121
0.5	0.000144	0.06649675	0.0	0.4852	0.121
0.5	0.000152	0.08564495	0.0	0.4852	0.121
0.5	0.00016	0.06860155	0.0	0.4851	0.121
0.5	0.000168	0.0824411	0.0	0.4851	0.121
0.5	0.000176	0.10000605	0.0	0.4852	0.121
0.5	0.000184	0.1223671	-0.0	0.4852	0.121
0.5	0.000192	0.10479305	0.0	0.4851	0.121
0.5	0.0002	0.1122995	-0.0	0.4851	0.1209
0.45	0.0002	0.1035637	0.0	0.4366	0.1089
0.45	0.000192	0.0839871	0.0	0.4366	0.1089
0.45	0.000184	0.1052773	0.0	0.4366	0.1089
0.45	0.000176	0.100127	-0.0	0.4366	0.1089
0.45	0.000168	0.1022691	0.0	0.4366	0.1089
0.45	0.00016	0.097063	0.0	0.4366	0.1089
0.45	0.000152	0.08534685	-0.0	0.4366	0.1089
0.45	0.000144	0.07258765	-0.0	0.4366	0.1089
0.45	0.000136	0.04954664	-0.0	0.4366	0.1089
0.45	0.000128	0.10769875	0.0	0.4366	0.1089
0.45	0.00012	0.1049047	0.0	0.4366	0.1089
0.45	0.000112	0.0787531	0.0	0.4366	0.1089
0.45	0.000104	0.0952283	0.0	0.4366	0.1089
0.45	9.6e-05	0.1252822	0.0	0.4366	0.1089
0.45	8.8e-05	0.0778402	-0.0	0.4366	0.1089
0.45	8e-05	0.10827615	0.0	0.4366	0.1089
0.45	7.2e-05	0.1181204	0.0	0.4366	0.1089
0.45	6.4e-05	0.0937661	-0.0	0.4366	0.1089
0.45	5.6e-05	0.1310751	0.0	0.4366	0.1089
0.45	4.8e-05	0.0710044	0.0	0.4366	0.1089
0.45	4e-05	0.15485195	0.0	0.4366	0.1089
0.45	3.2e-05	0.1569009	0.0	0.4366	0.1089
0.45	2.4e-05	0.03200968	0.0	0.4366	0.1089
0.45	1.6e-05	0.03040784	-0.0	0.4366	0.1089
0.45	8e-06	0.00158318	0.0	0.4366	0.1089
0.45	0.0	0.00063333	0.0	0.4366	0.1089
0.45	-8e-06	0.004489	-0.0	0.4366	0.1089
0.45	-1.6e-05	0.00780452	0.0	0.4366	0.1089
0.45	-2.4e-05	0.01383023	-0.0	0.4366	0.1089
0.45	-3.2e-05	0.0364708	0.0	0.4366	0.1089
0.45	-4e-05	0.15583911	0.0	0.4366	0.1089
0.45	-4.8e-05	0.19194665	-0.0	0.4366	0.1089
0.45	-5.6e-05	0.11195495	-0.0	0.4366	0.1089
0.45	-6.4e-05	0.11159165	0.0	0.4366	0.1089
0.45	-7.2e-05	0.09742615	0.0	0.4366	0.1089
0.45	-8e-05	0.0878055	-0.0	0.4366	0.1089
0.45	-8.8e-05	0.1021946	0.0	0.4366	0.1089
0.45	-9.6e-05	0.0957778	-0.0	0.4366	0.1089
0.45	-0.000104	0.122274	-0.0	0.4366	0.1089
0.45	-0.000112	0.13140095	0.0	0.4366	0.1089
0.45	-0.00012	0.09903745	0.0	0.4366	0.1089
0.45	-0.000128	0.1105672	0.0	0.4366	0.1089
0.45	-0.000136	0.10228775	-0.0	0.4366	0.1089
0.45	-0.000144	0.09398035	0.0	0.4366	0.1089
0.45	-0.000152	0.08158435	0.0	0.4366	0.1089
0.45	-0.00016	0.1077452	-0.0	0.4366	0.1089
0.45	-0.000168	0.08552385	0.0	0.4366	0.1089
0.45	-0.000176	0.08720955	-0.0	0.4366	0.1089
0.45	-0.000184	0.1067023	-0.0	0.4366	0.1089
0.45	-0.000192	0.0760895	0.0	0.4366	0.1089
0.45	-0.0002	0.084993	0.0	0.4366	0.1089
0.4	-0.0002	0.0915681	-0.0	0.3881	0.0968
0.4	-0.000192	0.0889604	0.0	0.3881	0.0968
0.4	-0.000184	0.0740499	-0.0	0.3881	0.0968
0.4	-0.000176	0.0668786	-0.0	0.3881	0.0968
0.4	-0.000168	0.0740498	0.0	0.3881	0.0968
0.4	-0.00016	0.08869035	0.0	0.3881	0.0968
0.4	-0.000152	0.0720475	0.0	0.3881	0.0968
0.4	-0.000144	0.0806996	0.0	0.3881	0.0968
0.4	-0.000136	0.09654145	-0.0	0.3881	0.0968
0.4	-0.000128	0.0934495	-0.0	0.3881	0.0968
0.4	-0.00012	0.0787531	-0.0	0.3881	0.0968
0.4	-0.000112	0.1271728	0.0	0.3881	0.0968
0.4	-0.000104	0.06571455	0.0	0.3881	0.0968
0.4	-9.6e-05	0.06981235	0.0	0.3881	0.0968
0.4	-8.8e-05	0.09833885	0.0	0.3881	0.0968
0.4	-8e-05	0.07666685	0.0	0.3881	0.0968
0.4	-7.2e-05	0.0943901	0.0	0.3881	0.0968
0.4	-6.4e-05	0.09300245	0.0	0.3881	0.0968
0.4	-5.6e-05	0.120877	-0.0	0.3881	0.0968
0.4	-4.8e-05	0.13889815	0.0	0.3881	0.0968
0.4	-4e-05	0.198997	-0.0	0.3881	0.0968
0.4	-3.2e-05	0.17166245	-0.0	0.3881	0.0968
0.4	-2.4e-05	0.0643734	0.0	0.3881	0.0968
0.4	-1.6e-05	0.00946231	-0.0	0.3881	0.0968
0.4	-8e-06	-0.00352975	-0.0	0.3881	0.0968
0.4	0.0	0.00598844	0.0	0.3881	0.0968
0.4	8e-06	0.01133428	-0.0	0.3881	0.0968
0.4	1.6e-05	0.01776974	0.0	0.3881	0.0968
0.4	2.4e-05	0.03648008	-0.0	0.3881	0.0968
0.4	3.2e-05	0.1484164	-0.0	0.3881	0.0968
0.4	4e-05	0.18327595	0.0	0.3881	0.0968
0.4	4.8e-05	0.08249705	0.0	0.3881	0.0968
0.4	5.6e-05	0.11283975	0.0	0.3881	0.0968
0.4	6.4e-05	0.10473715	-0.0	0.3881	0.0968
0.4	7.2e-05	0.09465085	0.0	0.3881	0.0968
0.4	8e-05	0.1042435	0.0	0.3881	0.0968
0.4	8.8e-05	0.09036675	0.0	0.3881	0.0968
0.4	9.6e-05	0.1055753	0.0	0.3881	0.0968
0.4	0.000104	0.1078291	-0.0	0.3881	0.0968
0.4	0.000112	0.0757728	0.0	0.3881	0.0968
0.4	0.00012	0.07373325	-0.0	0.3881	0.0968
0.4	0.000128	0.07373329	0.0	0.3881	0.0968
0.4	0.000136	0.09469735	0.0	0.3881	0.0968
0.4	0.000144	0.0799824	-0.0	0.3881	0.0968
0.4	0.000152	0.08304645	0.0	0.3881	0.0968
0.4	0.00016	0.07202885	0.0	0.3881	0.0968
0.4	0.000168	0.08336315	0.0	0.3881	0.0968
0.4	0.000176	0.07809185	-0.0	0.3881	0.0968
0.4	0.000184	0.08408035	-0.0	0.3881	0.0968
0.4	0.000192	0.11011095	0.0	0.3881	0.0968
0.4	0.0002	0.10285575	0.0	0.3881	0.0968
0.35	0.0002	0.06454105	-0.0	0.3396	0.0847
0.35	0.000192	0.0730441	0.0	0.3396	0.0847
0.35	0.000184	0.0772909	0.0	0.3396	0.0847
0.35	0.000176	0.0980595	-0.0	0.3396	0.0847
0.35	0.000168	0.1127093	0.0	0.3396	0.0847
0.35	0.00016	0.0885972	0.0	0.3396	0.0847
0.35	0.000152	0.07289499	0.0	0.3396	0.0847
0.35	0.000144	0.12203185	0.0	0.3396	0.0847
0.35	0.000136	0.1029491	0.0	0.3396	0.0847
0.35	0.000128	0.10105835	0.0	0.3396	0.0847
0.35	0.00012	0.1015427	-0.0	0.3396	0.0847
0.35	0.000112	0.0624456	0.0	0.3396	0.0847
0.35	0.000104	0.07548415	-0.0	0.3396	0.0847
0.35	9.6e-05	0.1036382	-0.0	0.3396	0.0847
0.35	8.8e-05	0.07730015	-0.0	0.3396	0.0847
0.35	8e-05	0.1030793	0.0	0.3396	0.0847
0.35	7.2e-05	0.08399632	0.0	0.3396	0.0847
0.35	6.4e-05	0.09058095	0.0	0.3396	0.0847
0.35	5.6e-05	0.1393266	-0.0	0.3396	0.0847
0.35	4.8e-05	0.2260891	0.0	0.3396	0.0847
0.35	4e-05	0.1933063	0.0	0.3396	0.0847
0.35	3.2e-05	0.0808673	-0.0	0.3396	0.0847
0.35	2.4e-05	0.01604676	-0.0	0.3396	0.0847
0.35	1.6e-05	0.02125285	-0.0	0.3396	0.0847
0.35	8e-06	0.00267294	-0.0	0.3396	0.0847
0.35	0.0	-0.00221657	0.0	0.3396	0.0847
0.35	-8e-06	-0.00248663	0.0	0.3396	0.0847
0.35	-1.6e-05	0.00334347	0.0	0.3396	0.0847
0.35	-2.4e-05	0.00528996	-0.0	0.3396	0.0847
0.35	-3.2e-05	0.02355334	-0.0	0.3396	0.0847
0.35	-4e-05	0.0587109	0.0	0.3396	0.0847
0.35	-4.8e-05	0.2190202	-0.0	0.3396	0.0847
0.35	-5.6e-05	0.1706567	-0.0	0.3396	0.0847
0.35	-6.4e-05	0.1228049	0.0	0.3396	0.0847
0.35	-7.2e-05	0.10423425	-0.0	0.3396	0.0847
0.35	-8e-05	0.0869953	-0.0	0.3396	0.0847
0.35	-8.8e-05	0.08449935	0.0	0.3396	0.0847
0.35	-9.6e-05	0.10189655	0.0	0.3396	0.0847
0.35	-0.000104	0.09210832	-0.0	0.3396	0.0847
0.35	-0.000112	0.1150097	-0.0	0.3396	0.0847
0.35	-0.00012	0.09587095	0.0	0.3396	0.0847
0.35	-0.000128	0.1009	-0.0	0.3396	0.0847
0.35	-0.000136	0.0986555	-0.0	0.3396	0.0847
0.35	-0.000144	0.0850582	0.0	0.3396	0.0847
0.35	-0.000152	0.0779893	-0.0	0.3396	0.0847
0.35	-0.00016	0.06238029	-0.0	0.3396	0.0847
0.35	-0.000168	0.10234355	0.0	0.3396	0.0847
0.35	-0.000176	0.08954725	0.0	0.3396	0.0847
0.35	-0.000184	0.10394555	-0.0	0.3396	0.0847
0.35	-0.000192	0.09109315	-0.0	0.3396	0.0847
0.35	-0.0002	0.0976404	0.0	0.3396	0.0847
0.3	-0.0002	0.0982457	-0.0	0.2911	0.0726
0.3	-0.000192	0.07999175	0.0	0.2911	0.0726
0.3	-0.000184	0.1045974	0.0	0.2911	0.0726
0.3	-0.000176	0.07766345	0.0	0.2911	0.0726
0.3	-0.000168	0.10790375	-0.0	0.2911	0.0726
0.3	-0.00016	0.0928161	0.0	0.2911	0.0726
0.3	-0.000152	0.08203135	0.0	0.2911	0.0726
0.3	-0.000144	0.0801593	0.0	0.2911	0.0726
0.3	-0.000136	0.0999967	0.0	0.2911	0.0726
0.3	-0.000128	0.10938445	-0.0	0.2911	0.0726
0.3	-0.00012	0.0943621	-0.0	0.2911	0.0726
0.3	-0.000112	0.11751495	-0.0	0.2911	0.0726
0.3	-0.000104	0.0946229	0.0	0.2911	0.0726
0.3	-9.6e-05	0.15261645	0.0	0.2911	0.0726
0.3	-8.8e-05	0.38796365	0.0	0.2911	0.0726
0.3	-8e-05	0.309238	-0.0	0.2911	0.0726
0.3	-7.2e-05	0.05462239	0.0	0.2911	0.0726
0.3	-6.4e-05	0.02453119	0.0	0.2911	0.0726
0.3	-5.6e-05	0.00349251	0.0	0.2911	0.0726
0.3	-4.8e-05	0.001397	0.0	0.2911	0.0726
0.3	-4e-05	0.00569975	-0.0	0.2911	0.0726
0.3	-3.2e-05	-0.0178349	0.0	0.2911	0.0726
0.3	-2.4e-05	-0.01140875	-0.0	0.2911	0.0726
0.3	-1.6e-05	-0.0277722	-0.0	0.2911	0.0726
0.3	-8e-06	0.01451009	-0.0	0.2911	0.0726
0.3	0.0	-0.01041224	-0.0	0.2911	0.0726
0.3	8e-06	0.00347384	0.0	0.2911	0.0726
0.3	1.6e-05	0.00621193	0.0	0.2911	0.0726
0.3	2.4e-05	-0.00331551	0.0	0.2911	0.0726
0.3	3.2e-05	0.01972549	-0.0	0.2911	0.0726
0.3	4e-05	-0.01730408	0.0	0.2911	0.0726
0.3	4.8e-05	-0.00406058	0.0	0.2911	0.0726
0.3	5.6e-05	-0.00978826	-0.0	0.2911	0.0726
0.3	6.4e-05	-0.00783249	0.0	0.2911	0.0726
0.3	7.2e-05	-0.01813298	0.0	0.2911	0.0726
0.3	8e-05	-0.00895006	-0.0	0.2911	0.0726
0.3	8.8e-05	0.08510478	0.0	0.2911	0.0726
0.3	9.6e-05	0.5495675	0.0	0.2911	0.0726
0.3	0.000104	0.37571575	-0.0	0.2911	0.0726
0.3	0.000112	0.1073262	0.0	0.2911	0.0726
0.3	0.00012	0.11725425	-0.0	0.2911	0.0726
0.3	0.000128	0.07810115	-0.0	0.2911	0.0726
0.3	0.000136	0.1040385	0.0	0.2911	0.0726
0.3	0.000144	0.1151495	0.0	0.2911	0.0726
0.3	0.000152	0.09347735	0.0	0.2911	0.0726
0.3	0.00016	0.1155685	-0.0	0.2911	0.0726
0.3	0.000168	0.0891746	0.0	0.2911	0.0726
0.3	0.000176	0.082199	0.0	0.2911	0.0726
0.3	0.000184	0.0619519	-0.0	0.2911	0.0726
0.3	0.000192	0.08476015	0.0	0.2911	0.0726
0.3	0.0002	0.1050537	0.0	0.2911	0.0726
0.25	0.0002	0.0627063	0.0	0.2426	0.0605
0.25	0.000192	0.0918568	-0.0	0.2426	0.0605
0.25	0.000184	0.09712815	-0.0	0.2426	0.0605
0.25	0.000176	0.09362645	0.0	0.2426	0.0605
0.25	0.000168	0.09782675	0.0	0.2426	0.0605
0.25	0.00016	0.0581521	-0.0	0.2426	0.0605
0.25	0.000152	0.0749253	-0.0	0.2426	0.0605
0.25	0.000144	0.0811559	0.0	0.2426	0.0605
0.25	0.000136	0.0873493	0.0	0.2426	0.0605
0.25	0.000128	0.1043088	0.0	0.2426	0.0605
0.25	0.00012	0.12469545	0.0	0.2426	0.0605
0.25	0.000112	0.11760805	0.0	0.2426	0.0605
0.25	0.000104	0.099857	0.0	0.2426	0.0605
0.25	9.6e-05	0.1274429	0.0	0.2426	0.0605
0.25	8.8e-05	0.1131377	0.0	0.2426	0.0605
0.25	8e-05	0.1501765	0.0	0.2426	0.0605
0.25	7.2e-05	0.13675596	-0.0	0.2426	0.0605
0.25	6.4e-05	0.00196509	-0.0	0.2426	0.0605
0.25	5.6e-05	0.00755306	0.0	0.2426	0.0605
0.25	4.8e-05	-0.00184404	-0.0	0.2426	0.0605
0.25	4e-05	0.01064508	0.0	0.2426	0.0605
0.25	3.2e-05	0.02194204	0.0	0.2426	0.0605
0.25	2.4e-05	0.010822	0.0	0.2426	0.0605
0.25	1.6e-05	0.00250528	0.0	0.2426	0.0605
0.25	8e-06	-0.02182106	-0.0	0.2426	0.0605
0.25	0.0	-0.01423069	-0.0	0.2426	0.0605
0.25	-8e-06	-0.0284148	-0.0	0.2426	0.0605
0.25	-1.6e-05	-0.00592326	0.0	0.2426	0.0605
0.25	-2.4e-05	-0.00364151	-0.0	0.2426	0.0605
0.25	-3.2e-05	-0.01104556	0.0	0.2426	0.0605
0.25	-4e-05	-0.01780698	0.0	0.2426	0.0605
0.25	-4.8e-05	0.00203961	0.0	0.2426	0.0605
0.25	-5.6e-05	-0.00610022	-0.0	0.2426	0.0605
0.25	-6.4e-05	0.02334836	0.0	0.2426	0.0605
0.25	-7.2e-05	-0.00612814	-0.0	0.2426	0.0605
0.25	-8e-05	0.0162703	0.0	0.2426	0.0605
0.25	-8.8e-05	0.0017416	0.0	0.2426	0.0605
0.25	-9.6e-05	-0.0047777	0.0	0.2426	0.0605
0.25	-0.000104	0.0065193	0.0	0.2426	0.0605
0.25	-0.000112	-0.00129451	0.0	0.2426	0.0605
0.25	-0.00012	-0.00881963	-0.0	0.2426	0.0605
0.25	-0.000128	0.00152738	-0.0	0.2426	0.0605
0.25	-0.000136	0.01685701	0.0	0.2426	0.0605
0.25	-0.000144	0.01801184	0.0	0.2426	0.0605
0.25	-0.000152	0.01615854	0.0	0.2426	0.0605
0.25	-0.00016	0.1131004	-0.0	0.2426	0.0605
0.25	-0.000168	0.0986276	0.0	0.2426	0.0605
0.25	-0.000176	0.09260195	-0.0	0.2426	0.0605
0.25	-0.000184	0.06936525	0.0	0.2426	0.0605
0.25	-0.000192	0.08738655	-0.0	0.2426	0.0605
0.25	-0.0002	0.08924915	-0.0	0.2426	0.0605
0.2	-0.0002	0.0883457	0.0	0.1941	0.0484
0.2	-0.000192	0.11476755	0.0	0.1941	0.0484
0.2	-0.000184	0.1091703	-0.0	0.1941	0.0484
0.2	-0.000176	0.13433485	0.0	0.1941	0.0484
0.2	-0.000168	0.12776885	-0.0	0.1941	0.0484
0.2	-0.00016	0.09963345	0.0	0.1941	0.0484
0.2	-0.000152	0.1225535	0.0	0.1941	0.0484
0.2	-0.000144	0.16259095	-0.0	0.1941	0.0484
0.2	-0.000136	0.00036322	0.0	0.1941	0.0484
0.2	-0.000128	-0.00443312	0.0	0.1941	0.0484
0.2	-0.00012	0.00975098	-0.0	0.1941	0.0484
0.2	-0.000112	-0.00225383	0.0	0.1941	0.0484
0.2	-0.000104	0.01822607	0.0	0.1941	0.0484
0.2	-9.6e-05	0.00469387	-0.0	0.1941	0.0484
0.2	-8.8e-05	0.00855885	-0.0	0.1941	0.0484
0.2	-8e-05	-0.00474049	0.0	0.1941	0.0484
0.2	-7.2e-05	0.00953685	0.0	0.1941	0.0484
0.2	-6.4e-05	0.00024213	0.0	0.1941	0.0484
0.2	-5.6e-05	-0.00340867	0.0	0.1941	0.0484
0.2	-4.8e-05	0.00727371	0.0	0.1941	0.0484
0.2	-4e-05	-0.01867312	0.0	0.1941	0.0484
0.2	-3.2e-05	-0.0347106	0.0	0.1941	0.0484
0.2	-2.4e-05	-0.00039116	0.0	0.1941	0.0484
0.2	-1.6e-05	-0.00585807	-0.0	0.1941	0.0484
0.2	-8e-06	-0.00176018	-0.0	0.1941	0.0484
0.2	0.0	-0.00417236	0.0	0.1941	0.0484
0.2	8e-06	-0.009453	-0.0	0.1941	0.0484
0.2	1.6e-05	-0.02324594	-0.0	0.1941	0.0484
0.2	2.4e-05	0.01135293	-0.0	0.1941	0.0484
0.2	3.2e-05	0.00517818	0.0	0.1941	0.0484
0.2	4e-05	0.00792558	0.0	0.1941	0.0484
0.2	4.8e-05	0.00307337	0.0	0.1941	0.0484
0.2	5.6e-05	0.00670556	0.0	0.1941	0.0484
0.2	6.4e-05	-0.00597914	-0.0	0.1941	0.0484
0.2	7.2e-05	0.0129827	-0.0	0.1941	0.0484
0.2	8e-05	-0.00039115	-0.0	0.1941	0.0484
0.2	8.8e-05	-0.00660312	0.0	0.1941	0.0484
0.2	9.6e-05	-0.0096113	0.0	0.1941	0.0484
0.2	0.000104	-0.01671732	0.0	0.1941	0.0484
0.2	0.000112	-0.00891278	-0.0	0.1941	0.0484
0.2	0.00012	0.00168571	-0.0	0.1941	0.0484
0.2	0.000128	0.00294298	-0.0	0.1941	0.0484
0.2	0.000136	-0.00560661	0.0	0.1941	0.0484
0.2	0.000144	0.00956475	-0.0	0.1941	0.0484
0.2	0.000152	0.00211412	-0.0	0.1941	0.0484
0.2	0.00016	0.0075065	-0.0	0.1941	0.0484
0.2	0.000168	-0.00058671	0.0	0.1941	0.0484
0.2	0.000176	-0.00158326	-0.0	0.1941	0.0484
0.2	0.000184	0.00331553	0.0	0.1941	0.0484
0.2	0.000192	0.00274741	-0.0	0.1941	0.0484
0.2	0.0002	0.00735752	0.0	0.1941	0.0484
0.15	0.0002	0.07530715	0.0	0.1455	0.0363
0.15	0.000192	0.0808579	-0.0	0.1455	0.0363
0.15	0.000184	0.0920245	0.0	0.1455	0.0363
0.15	0.000176	0.10229705	-0.0	0.1455	0.0363
0.15	0.000168	0.10886295	0.0	0.1455	0.0363
0.15	0.00016	0.08932375	0.0	0.1455	0.0363
0.15	0.000152	0.08092308	-0.0	0.1455	0.0363
0.15	0.000144	0.114367	0.0	0.1455	0.0363
0.15	0.000136	0.10702825	0.0	0.1455	0.0363
0.15	0.000128	0.099084	0.0	0.1455	0.0363
0.15	0.00012	0.1051935	0.0	0.1455	0.0363
0.15	0.000112	0.31097985	-0.0	0.1455	0.0363
0.15	0.000104	-0.0087266	0.0	0.1455	0.0363
0.15	9.6e-05	-0.00565316	0.0	0.1455	0.0363
0.15	8.8e-05	-0.01050538	0.0	0.1455	0.0363
0.15	8e-05	0.00399542	0.0	0.1455	0.0363
0.15	7.2e-05	0.00922946	0.0	0.1456	0.0363
0.15	6.4e-05	0.00787904	0.0	0.1455	0.0363
0.15	5.6e-05	-0.00376257	0.0	0.1455	0.0363
0.15	4.8e-05	0.00027008	0.0	0.1455	0.0363
0.15	4e-05	-0.00932258	-0.0	0.1455	0.0363
0.15	3.2e-05	0.00324102	-0.0	0.1455	0.0363
0.15	2.4e-05	-0.00302679	0.0	0.1455	0.0363
0.15	1.6e-05	-0.01786289	-0.0	0.1455	0.0363
0.15	8e-06	-0.00690115	0.0	0.1455	0.0363
0.15	0.0	-0.0198931	0.0	0.1455	0.0363
0.15	-8e-06	-0.0074413	-0.0	0.1456	0.0363
0.15	-1.6e-05	0.01365327	0.0	0.1455	0.0363
0.15	-2.4e-05	-0.00700354	0.0	0.1455	0.0363
0.15	-3.2e-05	-0.01463118	0.0	0.1455	0.0363
0.15	-4e-05	-0.00125726	-0.0	0.1455	0.0363
0.15	-4.8e-05	0.01011422	0.0	0.1455	0.0363
0.15	-5.6e-05	0.00718985	0.0	0.1455	0.0363
0.15	-6.4e-05	0.00393951	0.0	0.1455	0.0363
0.15	-7.2e-05	0.04231956	0.0	0.1455	0.0363
0.15	-8e-05	0.369337	0.0	0.1455	0.0363
0.15	-8.8e-05	0.31134265	-0.0	0.1455	0.0363
0.15	-9.6e-05	0.1420461	-0.0	0.1455	0.0363
0.15	-0.000104	0.08901635	-0.0	0.1455	0.0363
0.15	-0.000112	0.114097	0.0	0.1455	0.0363
0.15	-0.00012	0.10923545	0.0	0.1455	0.0363
0.15	-0.000128	0.1113217	0.0	0.1455	0.0363
0.15	-0.000136	0.1047743	0.0	0.1455	0.0363
0.15	-0.000144	0.0989815	0.0	0.1455	0.0363
0.15	-0.000152	0.112551	0.0	0.1455	0.0363
0.15	-0.00016	0.0665713	-0.0	0.1455	0.0363
0.15	-0.000168	0.08756345	0.0	0.1455	0.0363
0.15	-0.000176	0.1058268	0.0	0.1455	0.0363
0.15	-0.000184	0.10357295	-0.0	0.1456	0.0363
0.15	-0.000192	0.0812677	0.0	0.1455	0.0363
0.15	-0.0002	0.0924528	-0.0	0.1455	0.0363
0.1	-0.0002	0.1074008	0.0	0.097	0.0242
0.1	-0.000192	0.09874865	-0.0	0.097	0.0242
0.1	-0.000184	0.10829475	0.0	0.097	0.0242
0.1	-0.000176	0.09076726	0.0	0.097	0.0242
0.1	-0.000168	0.1257479	-0.0	0.097	0.0242
0.1	-0.00016	0.06543519	0.0	0.097	0.0242
0.1	-0.000152	-0.00577419	0.0	0.097	0.0242
0.1	-0.000144	-0.00895007	-0.0	0.097	0.0242
0.1	-0.000136	-0.00010246	-0.0	0.097	0.0242
0.1	-0.000128	0.00359493	0.0	0.097	0.0242
0.1	-0.00012	-0.00375322	0.0	0.097	0.0242
0.1	-0.000112	-0.00525269	-0.0	0.097	0.0242
0.1	-0.000104	0.00917359	0.0	0.097	0.0242
0.1	-9.6e-05	0.00595117	-0.0	0.097	0.0242
0.1	-8.8e-05	-0.00696634	-0.0	0.097	0.0242
0.1	-8e-05	-0.01274988	-0.0	0.097	0.0242
0.1	-7.2e-05	-0.02194204	0.0	0.097	0.0242
0.1	-6.4e-05	0.00660312	0.0	0.097	0.0242
0.1	-5.6e-05	-0.00128523	0.0	0.097	0.0242
0.1	-4.8e-05	-0.00238419	0.0	0.097	0.0242
0.1	-4e-05	-0.00974169	-0.0	0.097	0.0242
0.1	-3.2e-05	0.00786045	-0.0	0.097	0.0242
0.1	-2.4e-05	0.01216316	-0.0	0.097	0.0242
0.1	-1.6e-05	0.01593502	0.0	0.097	0.0242
0.1	-8e-06	0.00671486	-0.0	0.097	0.0242
0.1	0.0	-0.00100584	0.0	0.097	0.0242
0.1	8e-06	0.00381844	0.0	0.097	0.0242
0.1	1.6e-05	-0.0079163	0.0	0.097	0.0242
0.1	2.4e-05	-0.01376499	0.0	0.097	0.0242
0.1	3.2e-05	-0.01336458	0.0	0.097	0.0242
0.1	4e-05	0.01345768	-0.0	0.097	0.0242
0.1	4.8e-05	0.00030729	-0.0	0.097	0.0242
0.1	5.6e-05	-0.010077	0.0	0.097	0.0242
0.1	6.4e-05	0.0004936	0.0	0.097	0.0242
0.1	7.2e-05	-0.00793492	-0.0	0.097	0.0242
0.1	8e-05	0.00459145	0.0	0.097	0.0242
0.1	8.8e-05	-0.01042154	0.0	0.097	0.0242
0.1	9.6e-05	-0.01161366	0.0	0.097	0.0242
0.1	0.000104	-0.01228419	0.0	0.097	0.0242
0.1	0.000112	-0.00733886	0.0	0.097	0.0242
0.1	0.00012	0.00518749	0.0	0.097	0.0242
0.1	0.000128	0.01604679	-0.0	0.097	0.0242
0.1	0.000136	0.03852896	0.0	0.097	0.0242
0.1	0.000144	0.13783645	0.0	0.097	0.0242
0.1	0.000152	0.12394105	-0.0	0.097	0.0242
0.1	0.00016	0.1287095	-0.0	0.097	0.0242
0.1	0.000168	0.1224604	0.0	0.097	0.0242
0.1	0.000176	0.1173753	-0.0	0.097	0.0242
0.1	0.000184	0.1091424	-0.0	0.097	0.0242
0.1	0.000192	0.08794525	0.0	0.097	0.0242
0.1	0.0002	0.1015893	0.0	0.097	0.0242
0.05	0.0002	0.0852164	0.0	0.0485	0.0121
0.05	0.000192	0.0875449	0.0	0.0485	0.0121
0.05	0.000184	0.1064694	-0.0	0.0485	0.0121
0.05	0.000176	0.0883457	-0.0	0.0485	0.0121
0.05	0.000168	0.0842385	-0.0	0.0485	0.0121
0.05	0.00016	0.1063856	0.0	0.0485	0.0121
0.05	0.000152	0.10008975	-0.0	0.0485	0.0121
0.05	0.000144	0.080122	0.0	0.0485	0.0121
0.05	0.000136	0.08055985	0.0	0.0485	0.0121
0.05	0.000128	0.0865669	0.0	0.0485	0.0121
0.05	0.00012	0.0852165	-0.0	0.0485	0.0121
0.05	0.000112	0.1098035	-0.0	0.0485	0.0121
0.05	0.000104	0.09168915	0.0	0.0485	0.0121
0.05	9.6e-05	0.1067396	0.0	0.0485	0.0121
0.05	8.8e-05	0.1229446	0.0	0.0485	0.0121
0.05	8e-05	0.12525425	0.0	0.0485	0.0121
0.05	7.2e-05	0.116714	0.0	0.0485	0.0121
0.05	6.4e-05	0.39728525	-0.0	0.0485	0.0121
0.05	5.6e-05	0.25702785	0.0	0.0485	0.0121
0.05	4.8e-05	0.03792367	-0.0	0.0485	0.0121
0.05	4e-05	0.01654035	-0.0	0.0485	0.0121
0.05	3.2e-05	-0.00386499	0.0	0.0485	0.0121
0.05	2.4e-05	-0.01536691	0.0	0.0485	0.0121
0.05	1.6e-05	-0.00647273	-0.0	0.0485	0.0121
0.05	8e-06	-0.00388363	-0.0	0.0485	0.0121
0.05	0.0	0.00870789	0.0	0.0485	0.0121
0.05	-8e-06	0.01372778	-0.0	0.0485	0.0121
0.05	-1.6e-05	0.02723203	0.0	0.0485	0.0121
0.05	-2.4e-05	0.02696194	0.0	0.0485	0.0121
0.05	-3.2e-05	0.00512228	0.0	0.0485	0.0121
0.05	-4e-05	0.03986085	0.0	0.0485	0.0121
0.05	-4.8e-05	0.15340852	0.0	0.0485	0.0121
0.05	-5.6e-05	0.20067325	0.0	0.0485	0.0121
0.05	-6.4e-05	0.17296625	0.0	0.0485	0.0121
0.05	-7.2e-05	0.12650225	0.0	0.0485	0.0121
0.05	-8e-05	0.10875115	-0.0	0.0485	0.0121
0.05	-8.8e-05	0.10323775	-0.0	0.0485	0.0121
0.05	-9.6e-05	0.09534935	0.0	0.0485	0.0121
0.05	-0.000104	0.07946085	0.0	0.0485	0.0121
0.05	-0.000112	0.09748205	0.0	0.0485	0.0121
0.05	-0.00012	0.0933563	-0.0	0.0485	0.0121
0.05	-0.000128	0.10382455	-0.0	0.0485	0.0121
0.05	-0.000136	0.09040405	0.0	0.0485	0.0121
0.05	-0.000144	0.08847605	0.0	0.0485	0.0121
0.05	-0.000152	0.0775982	-0.0	0.0485	0.0121
0.05	-0.00016	0.1024089	0.0	0.0485	0.0121
0.05	-0.000168	0.08872765	-0.0	0.0485	0.0121
0.05	-0.000176	0.09379405	-0.0	0.0485	0.0121
0.05	-0.000184	0.0987114	0.0	0.0485	0.0121
0.05	-0.000192	0.0870884	0.0	0.0485	0.0121
0.05	-0.0002	0.0976685	0.0	0.0485	0.0121
-0.0	-0.0002	0.08656685	0.0	0.0	-0.0
-0.0	-0.000192	0.09642965	0.0	-0.0	-0.0
-0.0	-0.000184	0.11062315	0.0	0.0	0.0
-0.0	-0.000176	0.08288815	0.0	0.0	-0.0
-0.0	-0.000168	0.0802245	0.0	-0.0	0.0
-0.0	-0.00016	0.11465585	0.0	-0.0	-0.0
-0.0	-0.000152	0.1036195	0.0	-0.0	0.0
-0.0	-0.000144	0.10365685	-0.0	0.0	0.0
-0.0	-0.000136	0.1292683	-0.0	0.0	0.0
-0.0	-0.000128	0.1010584	0.0	0.0	0.0
-0.0	-0.00012	0.119955	0.0	0.0	-0.0
-0.0	-0.000112	0.0976404	0.0	-0.0	0.0
-0.0	-0.000104	0.10998065	0.0	0.0	-0.0
-0.0	-9.6e-05	0.11905155	-0.0	0.0	0.0
-0.0	-8.8e-05	0.1265581	0.0	0.0	0.0
-0.0	-8e-05	0.41945185	0.0	-0.0	-0.0
-0.0	-7.2e-05	0.3098437	0.0	0.0	-0.0
-0.0	-6.4e-05	0.1071027	0.0	0.0	0.0
-0.0	-5.6e-05	0.03056621	-0.0	0.0	-0.0
-0.0	-4.8e-05	-0.00646342	0.0	0.0	0.0
-0.0	-4e-05	0.01671734	0.0	-0.0	0.0
-0.0	-3.2e-05	-0.0023004	-0.0	-0.0	-0.0
-0.0	-2.4e-05	0.01177198	0.0	-0.0	-0.0
-0.0	-1.6e-05	0.01385816	-0.0	0.0	-0.0
-0.0	-8e-06	-0.00462871	0.0	0.0	-0.0
-0.0	0.0	2.796e-05	0.0	-0.0	-0.0
-0.0	8e-06	-0.01096173	-0.0	0.0	-0.0
-0.0	1.6e-05	0.00610018	0.0	0.0	0.0
-0.0	2.4e-05	0.00141562	-0.0	0.0	-0.0
-0.0	3.2e-05	0.00301751	-0.0	0.0	-0.0
-0.0	4e-05	0.01098036	0.0	0.0	-0.0
-0.0	4.8e-05	0.00530857	0.0	-0.0	-0.0001
-0.0	5.6e-05	0.00201165	-0.0	0.0	-0.0
-0.0	6.4e-05	0.20776983	0.0	0.0	0.0
-0.0	7.2e-05	0.29153345	0.0	0.0	0.0
-0.0	8e-05	0.17107555	0.0	0.0	-0.0
-0.0	8.8e-05	0.1494221	0.0	-0.0	-0.0
-0.0	9.6e-05	0.10716795	0.0	0.0	-0.0
-0.0	0.000104	0.1094031	0.0	0.0	0.0
-0.0	0.000112	0.08898835	-0.0	0.0	-0.0
-0.0	0.00012	0.09634585	0.0	0.0	-0.0
-0.0	0.000128	0.1181483	-0.0	0.0	0.0
-0.0	0.000136	0.08886745	-0.0	-0.0	0.0
-0.0	0.000144	0.10530525	0.0	0.0	0.0
-0.0	0.000152	0.09252745	0.0	0.0	0.0
-0.0	0.00016	0.0727273	-0.0	0.0	0.0
-0.0	0.000168	0.1147768	-0.0	0.0	-0.0
-0.0	0.000176	0.0847414	0.0	0.0	0.0001
-0.0	0.000184	0.0827765	-0.0	0.0	0.0
-0.0	0.000192	0.110353	0.0	0.0	0.0
-0.0	0.0002	0.08313955	-0.0	-0.0	-0.0
-0.05	0.0002	0.1046439	0.0	-0.0485	-0.0121
-0.05	0.000192	0.08964955	0.0	-0.0485	-0.0121
-0.05	0.000184	0.0960943	0.0	-0.0485	-0.0121
-0.05	0.000176	0.0899941	0.0	-0.0485	-0.0121
-0.05	0.000168	0.07666705	0.0	-0.0485	-0.0121
-0.05	0.00016	0.09762175	0.0	-0.0485	-0.0121
-0.05	0.000152	0.08543065	0.0	-0.0485	-0.0121
-0.05	0.000144	0.10252045	0.0	-0.0485	-0.0121
-0.05	0.000136	0.08504875	0.0	-0.0485	-0.0121
-0.05	0.000128	0.08102555	0.0	-0.0485	-0.0121
-0.05	0.00012	0.07544685	-0.0	-0.0485	-0.0121
-0.05	0.000112	0.1037685	0.0	-0.0485	-0.0121
-0.05	0.000104	0.09333765	0.0	-0.0485	-0.0121
-0.05	9.6e-05	0.10021095	-0.0	-0.0485	-0.0121
-0.05	8.8e-05	0.1093007	0.0	-0.0485	-0.0121
-0.05	8e-05	0.1043739	0.0	-0.0485	-0.0121
-0.05	7.2e-05	0.11689105	-0.0	-0.0485	-0.0121
-0.05	6.4e-05	0.128486	0.0	-0.0485	-0.0121
-0.05	5.6e-05	0.43114925	0.0	-0.0485	-0.0121
-0.05	4.8e-05	0.16939002	0.0	-0.0485	-0.0121
-0.05	4e-05	0.02059166	0.0	-0.0485	-0.0121
-0.05	3.2e-05	0.00580216	0.0	-0.0485	-0.0121
-0.05	2.4e-05	0.00734815	-0.0	-0.0485	-0.0121
-0.05	1.6e-05	-0.01110145	0.0	-0.0485	-0.0121
-0.05	8e-06	0.00766484	-0.0	-0.0485	-0.0121
-0.05	0.0	0.01411894	-0.0	-0.0485	-0.0121
-0.05	-8e-06	0.00691048	-0.0	-0.0485	-0.0121
-0.05	-1.6e-05	0.01371845	0.0	-0.0485	-0.0121
-0.05	-2.4e-05	0.006659	0.0	-0.0485	-0.0121
-0.05	-3.2e-05	-0.01869174	0.0	-0.0485	-0.0121
-0.05	-4e-05	0.0259281	0.0	-0.0485	-0.0121
-0.05	-4.8e-05	0.25198915	0.0	-0.0485	-0.0121
-0.05	-5.6e-05	0.241735	0.0	-0.0485	-0.0121
-0.05	-6.4e-05	0.1614549	0.0	-0.0485	-0.0121
-0.05	-7.2e-05	0.1118525	-0.0	-0.0485	-0.0121
-0.05	-8e-05	0.09784525	0.0	-0.0485	-0.0121
-0.05	-8.8e-05	0.0943341	0.0	-0.0485	-0.0121
-0.05	-9.6e-05	0.0837729	-0.0	-0.0485	-0.0121
-0.05	-0.000104	0.1123835	-0.0	-0.0485	-0.0121
-0.05	-0.000112	0.10318185	-0.0	-0.0485	-0.0121
-0.05	-0.00012	0.08554235	-0.0	-0.0485	-0.0121
-0.05	-0.000128	0.10396415	0.0	-0.0485	-0.0121
-0.05	-0.000136	0.0941293	0.0	-0.0485	-0.0121
-0.05	-0.000144	0.08364255	0.0	-0.0485	-0.0121
-0.05	-0.000152	0.0884762	0.0	-0.0485	-0.0121
-0.05	-0.00016	0.09206185	0.0	-0.0485	-0.0121
-0.05	-0.000168	0.08727475	-0.0	-0.0485	-0.0121
-0.05	-0.000176	0.10371265	-0.0	-0.0485	-0.0121
-0.05	-0.000184	0.08363325	0.0	-0.0485	-0.0121
-0.05	-0.000192	0.08471355	0.0	-0.0485	-0.0121
-0.05	-0.0002	0.0782315	0.0	-0.0485	-0.0121
-0.1	-0.0002	0.0890908	0.0	-0.097	-0.0242
-0.1	-0.000192	0.1039828	0.0	-0.097	-0.0242
-0.1	-0.000184	0.07956335	0.0	-0.097	-0.0242
-0.1	-0.000176	0.0942132	0.0	-0.097	-0.0242
-0.1	-0.000168	0.08630615	-0.0	-0.097	-0.0242
-0.1	-0.00016	0.1057337	0.0	-0.097	-0.0242
-0.1	-0.000152	0.1103251	0.0	-0.097	-0.0242
-0.1	-0.000144	0.06328376	0.0	-0.097	-0.0242
-0.1	-0.000136	0.08791725	0.0	-0.097	-0.0242
-0.1	-0.000128	0.07581945	-0.0	-0.097	-0.0242
-0.1	-0.00012	0.09806885	0.0	-0.097	-0.0242
-0.1	-0.000112	0.0968302	0.0	-0.097	-0.0242
-0.1	-0.000104	0.11420875	-0.0	-0.097	-0.0242
-0.1	-9.6e-05	0.10169165	0.0	-0.097	-0.0242
-0.1	-8.8e-05	0.1208025	0.0	-0.097	-0.0242
-0.1	-8e-05	0.11553125	0.0	-0.097	-0.0242
-0.1	-7.2e-05	0.1007418	0.0	-0.097	-0.0242
-0.1	-6.4e-05	0.1332637	-0.0	-0.097	-0.0242
-0.1	-5.6e-05	0.30774835	0.0	-0.097	-0.0242
-0.1	-4.8e-05	0.2098747	-0.0	-0.097	-0.0242
-0.1	-4e-05	0.02951374	0.0	-0.097	-0.0242
-0.1	-3.2e-05	0.01984658	0.0	-0.097	-0.0242
-0.1	-2.4e-05	0.00608155	0.0	-0.097	-0.0242
-0.1	-1.6e-05	-0.00049362	-0.0	-0.097	-0.0242
-0.1	-8e-06	0.01491057	-0.0	-0.097	-0.0242
-0.1	0.0	0.00216069	-0.0	-0.097	-0.0242
-0.1	8e-06	-0.01505027	0.0	-0.097	-0.0242
-0.1	1.6e-05	-0.0110828	-0.0	-0.097	-0.0242
-0.1	2.4e-05	0.00382779	0.0	-0.097	-0.0242
-0.1	3.2e-05	-0.01823543	-0.0	-0.097	-0.0242
-0.1	4e-05	0.00283123	-0.0	-0.097	-0.0242
-0.1	4.8e-05	0.02158818	-0.0	-0.097	-0.0242
-0.1	5.6e-05	0.28707315	0.0	-0.097	-0.0242
-0.1	6.4e-05	0.2939644	-0.0	-0.097	-0.0242
-0.1	7.2e-05	0.14863995	-0.0	-0.097	-0.0242
-0.1	8e-05	0.11468375	0.0	-0.097	-0.0242
-0.1	8.8e-05	0.1234289	0.0	-0.097	-0.0242
-0.1	9.6e-05	0.08248765	0.0	-0.097	-0.0242
-0.1	0.000104	0.09159605	0.0	-0.097	-0.0242
-0.1	0.000112	0.0999222	0.0	-0.097	-0.0242
-0.1	0.00012	0.0951445	-0.0	-0.097	-0.0242
-0.1	0.000128	0.1048768	-0.0	-0.097	-0.0242
-0.1	0.000136	0.0993914	-0.0	-0.097	-0.0242
-0.1	0.000144	0.10468135	0.0	-0.097	-0.0242
-0.1	0.000152	0.07635965	-0.0	-0.097	-0.0242
-0.1	0.00016	0.1185766	0.0	-0.097	-0.0242
-0.1	0.000168	0.09175445	-0.0	-0.097	-0.0242
-0.1	0.000176	0.10863	0.0	-0.097	-0.0242
-0.1	0.000184	0.10841595	-0.0	-0.097	-0.0242
-0.1	0.000192	0.0742082	0.0	-0.097	-0.0242
-0.1	0.0002	0.09141915	-0.0	-0.097	-0.0242
-0.15	0.0002	0.09670905	-0.0	-0.1455	-0.0363
-0.15	0.000192	0.09161465	-0.0	-0.1455	-0.0363
-0.15	0.000184	0.0992702	-0.0	-0.1455	-0.0363
-0.15	0.000176	0.10381515	-0.0	-0.1455	-0.0363
-0.15	0.000168	0.09887915	0.0	-0.1455	-0.0363
-0.15	0.00016	0.09546115	0.0	-0.1455	-0.0363
-0.15	0.000152	0.09186625	-0.0	-0.1455	-0.0363
-0.15	0.000144	0.0878522	0.0	-0.1455	-0.0363
-0.15	0.000136	0.09751015	0.0	-0.1455	-0.0363
-0.15	0.000128	0.0785482	0.0	-0.1455	-0.0363
-0.15	0.00012	0.0912608	0.0	-0.1455	-0.0363
-0.15	0.000112	0.1112937	0.0	-0.1455	-0.0363
-0.15	0.000104	0.09043195	-0.0	-0.1455	-0.0363
-0.15	9.6e-05	0.13086085	-0.0	-0.1455	-0.0363
-0.15	8.8e-05	0.0921549	-0.0	-0.1455	-0.0363
-0.15	8e-05	0.0876845	-0.0	-0.1455	-0.0363
-0.15	7.2e-05	0.09910265	0.0	-0.1455	-0.0363
-0.15	6.4e-05	0.1186419	-0.0	-0.1455	-0.0363
-0.15	5.6e-05	0.09778005	0.0	-0.1455	-0.0363
-0.15	4.8e-05	0.13894475	0.0	-0.1455	-0.0363
-0.15	4e-05	0.1401182	-0.0	-0.1455	-0.0363
-0.15	3.2e-05	0.1809663	-0.0	-0.1455	-0.0363
-0.15	2.4e-05	0.08236668	-0.0	-0.1455	-0.0363
-0.15	1.6e-05	0.028657	0.0	-0.1455	-0.0363
-0.15	8e-06	0.0375698	0.0	-0.1455	-0.0363
-0.15	0.0	-0.01525517	0.0	-0.1455	-0.0363
-0.15	-8e-06	0.01164158	0.0	-0.1455	-0.0363
-0.15	-1.6e-05	-0.002943	0.0	-0.1455	-0.0363
-0.15	-2.4e-05	0.00978827	-0.0	-0.1455	-0.0363
-0.15	-3.2e-05	0.10236229	0.0	-0.1455	-0.0363
-0.15	-4e-05	0.18227015	0.0	-0.1455	-0.0363
-0.15	-4.8e-05	0.17892675	-0.0	-0.1455	-0.0363
-0.15	-5.6e-05	0.1373242	-0.0	-0.1455	-0.0363
-0.15	-6.4e-05	0.119182	-0.0	-0.1455	-0.0363
-0.15	-7.2e-05	0.10266035	0.0	-0.1455	-0.0363
-0.15	-8e-05	0.1069165	0.0	-0.1455	-0.0363
-0.15	-8.8e-05	0.09178235	-0.0	-0.1455	-0.0363
-0.15	-9.6e-05	0.1210633	0.0	-0.1455	-0.0363
-0.15	-0.000104	0.08384745	-0.0	-0.1455	-0.0363
-0.15	-0.000112	0.11387345	0.0	-0.1455	-0.0363
-0.15	-0.00012	0.1050632	-0.0	-0.1455	-0.0363
-0.15	-0.000128	0.09363565	0.0	-0.1455	-0.0363
-0.15	-0.000136	0.0897707	0.0	-0.1455	-0.0363
-0.15	-0.000144	0.09149365	0.0	-0.1455	-0.0363
-0.15	-0.000152	0.1128025	0.0	-0.1455	-0.0363
-0.15	-0.00016	0.0870233	0.0	-0.1455	-0.0363
-0.15	-0.000168	0.0942318	-0.0	-0.1455	-0.0363
-0.15	-0.000176	0.0982458	-0.0	-0.1455	-0.0363
-0.15	-0.000184	0.097687	-0.0	-0.1455	-0.0363
-0.15	-0.000192	0.08700465	-0.0	-0.1455	-0.0363
-0.15	-0.0002	0.0967558	0.0	-0.1455	-0.0363
-0.2	-0.0002	0.0877497	0.0	-0.1941	-0.0484
-0.2	-0.000192	0.08968685	-0.0	-0.1941	-0.0484
-0.2	-0.000184	0.0853655	0.0	-0.1941	-0.0484
-0.2	-0.000176	0.07546545	-0.0	-0.1941	-0.0484
-0.2	-0.000168	0.0972679	-0.0	-0.1941	-0.0484
-0.2	-0.00016	0.09841345	0.0	-0.1941	-0.0484
-0.2	-0.000152	0.081575	0.0	-0.1941	-0.0484
-0.2	-0.000144	0.10133775	-0.0	-0.1941	-0.0484
-0.2	-0.000136	0.1011796	0.0	-0.1941	-0.0484
-0.2	-0.000128	0.11032515	0.0	-0.1941	-0.0484
-0.2	-0.00012	0.0901898	0.0	-0.1941	-0.0484
-0.2	-0.000112	0.1038058	0.0	-0.1941	-0.0484
-0.2	-0.000104	0.09895355	0.0	-0.1941	-0.0484
-0.2	-9.6e-05	0.08684625	0.0	-0.1941	-0.0484
-0.2	-8.8e-05	0.08268325	0.0	-0.1941	-0.0484
-0.2	-8e-05	0.07958204	0.0	-0.1941	-0.0484
-0.2	-7.2e-05	0.08678125	0.0	-0.1941	-0.0484
-0.2	-6.4e-05	0.09123285	0.0	-0.1941	-0.0484
-0.2	-5.6e-05	0.09503275	0.0	-0.1941	-0.0484
-0.2	-4.8e-05	0.1163695	0.0	-0.1941	-0.0484
-0.2	-4e-05	0.12273975	-0.0	-0.1941	-0.0484
-0.2	-3.2e-05	0.14280035	-0.0	-0.1941	-0.0484
-0.2	-2.4e-05	0.1187908	-0.0	-0.1941	-0.0484
-0.2	-1.6e-05	0.0820873	0.0	-0.1941	-0.0484
-0.2	-8e-06	0.01336454	-0.0	-0.1941	-0.0484
-0.2	0.0	0.02711094	0.0	-0.1941	-0.0484
-0.2	8e-06	0.01020736	0.0	-0.1941	-0.0484
-0.2	1.6e-05	0.02121562	-0.0	-0.1941	-0.0484
-0.2	2.4e-05	0.1008814	0.0	-0.1941	-0.0484
-0.2	3.2e-05	0.1782373	-0.0	-0.1941	-0.0484
-0.2	4e-05	0.14051865	0.0	-0.1941	-0.0484
-0.2	4.8e-05	0.12770365	0.0	-0.1941	-0.0484
-0.2	5.6e-05	0.09728655	-0.0	-0.1941	-0.0484
-0.2	6.4e-05	0.118679	0.0	-0.1941	-0.0484
-0.2	7.2e-05	0.11599685	0.0	-0.1941	-0.0484
-0.2	8e-05	0.09062755	0.0	-0.1941	-0.0484
-0.2	8.8e-05	0.08502095	-0.0	-0.1941	-0.0484
-0.2	9.6e-05	0.114842	0.0	-0.1941	-0.0484
-0.2	0.000104	0.10210155	-0.0	-0.1941	-0.0484
-0.2	0.000112	0.09730515	0.0	-0.1941	-0.0484
-0.2	0.00012	0.08779625	-0.0	-0.1941	-0.0484
-0.2	0.000128	0.0955356	0.0	-0.1941	-0.0484
-0.2	0.000136	0.10345185	0.0	-0.1941	-0.0484
-0.2	0.000144	0.0873772	-0.0	-0.1941	-0.0484
-0.2	0.000152	0.0946229	-0.0	-0.1941	-0.0484
-0.2	0.00016	0.09892575	0.0	-0.1941	-0.0484
-0.2	0.000168	0.0770767	0.0	-0.1941	-0.0484
-0.2	0.000176	0.0994937	0.0	-0.1941	-0.0484
-0.2	0.000184	0.08734925	0.0	-0.1941	-0.0484
-0.2	0.000192	0.1070097	0.0	-0.1941	-0.0484
-0.2	0.0002	0.10431805	0.0	-0.1941	-0.0484
-0.25	0.0002	0.09688605	0.0	-0.2426	-0.0605
-0.25	0.000192	0.0964018	-0.0	-0.2426	-0.0605
-0.25	0.000184	0.0725225	0.0	-0.2426	-0.0605
-0.25	0.000176	0.11346365	-0.0	-0.2426	-0.0605
-0.25	0.000168	0.080206	0.0	-0.2426	-0.0605
-0.25	0.00016	0.1092356	-0.0	-0.2426	-0.0605
-0.25	0.000152	0.1272752	-0.0	-0.2426	-0.0605
-0.25	0.000144	0.10286515	-0.0	-0.2426	-0.0605
-0.25	0.000136	0.11772905	0.0	-0.2426	-0.0605
-0.25	0.000128	0.1073728	-0.0	-0.2426	-0.0605
-0.25	0.00012	0.09369155	-0.0	-0.2426	-0.0605
-0.25	0.000112	0.1166861	0.0	-0.2426	-0.0605
-0.25	0.000104	0.09027365	0.0	-0.2426	-0.0605
-0.25	9.6e-05	0.09618755	-0.0	-0.2426	-0.0605
-0.25	8.8e-05	0.09119565	-0.0	-0.2426	-0.0605
-0.25	8e-05	0.0833445	0.0	-0.2426	-0.0605
-0.25	7.2e-05	0.0920711	0.0	-0.2426	-0.0605
-0.25	6.4e-05	0.10742875	0.0	-0.2426	-0.0605
-0.25	5.6e-05	0.12162205	0.0	-0.2426	-0.0605
-0.25	4.8e-05	0.08513265	0.0	-0.2426	-0.0605
-0.25	4e-05	0.11544735	0.0	-0.2426	-0.0605
-0.25	3.2e-05	0.1187164	0.0	-0.2426	-0.0605
-0.25	2.4e-05	0.13330095	0.0	-0.2426	-0.0605
-0.25	1.6e-05	0.07890215	0.0	-0.2426	-0.0605
-0.25	8e-06	0.04566298	0.0	-0.2426	-0.0605
-0.25	0.0	0.00808392	-0.0	-0.2426	-0.0605
-0.25	-8e-06	0.01622377	0.0	-0.2426	-0.0605
-0.25	-1.6e-05	0.01207	0.0	-0.2426	-0.0605
-0.25	-2.4e-05	0.1016638	-0.0	-0.2426	-0.0605
-0.25	-3.2e-05	0.1723048	0.0	-0.2426	-0.0605
-0.25	-4e-05	0.1121319	0.0	-0.2426	-0.0605
-0.25	-4.8e-05	0.11641605	0.0	-0.2426	-0.0605
-0.25	-5.6e-05	0.07211275	-0.0	-0.2426	-0.0605
-0.25	-6.4e-05	0.1058455	-0.0	-0.2426	-0.0605
-0.25	-7.2e-05	0.1027254	-0.0	-0.2426	-0.0605
-0.25	-8e-05	0.1293521	0.0	-0.2426	-0.0605
-0.25	-8.8e-05	0.10698155	-0.0	-0.2426	-0.0605
-0.25	-9.6e-05	0.11893055	0.0	-0.2426	-0.0605
-0.25	-0.000104	0.10542635	0.0	-0.2426	-0.0605
-0.25	-0.000112	0.09823655	-0.0	-0.2426	-0.0605
-0.25	-0.00012	0.0980036	0.0	-0.2426	-0.0605
-0.25	-0.000128	0.1016265	-0.0	-0.2426	-0.0605
-0.25	-0.000136	0.09997805	0.0	-0.2426	-0.0605
-0.25	-0.000144	0.08535615	0.0	-0.2426	-0.0605
-0.25	-0.000152	0.0938313	-0.0	-0.2426	-0.0605
-0.25	-0.00016	0.10105825	-0.0	-0.2426	-0.0605
-0.25	-0.000168	0.08737705	0.0	-0.2426	-0.0605
-0.25	-0.000176	0.1022691	0.0	-0.2426	-0.0605
-0.25	-0.000184	0.09604785	0.0	-0.2426	-0.0605
-0.25	-0.000192	0.08222705	0.0	-0.2426	-0.0605
-0.25	-0.0002	0.09932615	0.0	-0.2426	-0.0605
-0.3	-0.0002	0.1048955	-0.0	-0.2911	-0.0726
-0.3	-0.000192	0.1151028	0.0	-0.2911	-0.0726
-0.3	-0.000184	0.08923985	0.0	-0.2911	-0.0726
-0.3	-0.000176	0.09778945	-0.0	-0.2911	-0.0726
-0.3	-0.000168	0.0991119	0.0	-0.2911	-0.0726
-0.3	-0.00016	0.08615715	-0.0	-0.2911	-0.0726
-0.3	-0.000152	0.09775225	0.0	-0.2911	-0.0726
-0.3	-0.000144	0.13221125	-0.0	-0.2911	-0.0726
-0.3	-0.000136	0.10185935	-0.0	-0.2911	-0.0726
-0.3	-0.000128	0.08725612	0.0	-0.2911	-0.0726
-0.3	-0.00012	0.08212455	0.0	-0.2911	-0.0726
-0.3	-0.000112	0.10993395	0.0	-0.2911	-0.0726
-0.3	-0.000104	0.10164515	0.0	-0.2911	-0.0726
-0.3	-9.6e-05	0.064662	-0.0	-0.2911	-0.0726
-0.3	-8.8e-05	0.0830558	0.0	-0.2911	-0.0726
-0.3	-8e-05	0.09643905	-0.0	-0.2911	-0.0726
-0.3	-7.2e-05	0.10315385	-0.0	-0.2911	-0.0726
-0.3	-6.4e-05	0.104495	0.0	-0.2911	-0.0726
-0.3	-5.6e-05	0.0943714	-0.0	-0.2911	-0.0726
-0.3	-4.8e-05	0.10564985	-0.0	-0.2911	-0.0726
-0.3	-4e-05	0.10036915	-0.0	-0.2911	-0.0726
-0.3	-3.2e-05	0.10918895	0.0	-0.2911	-0.0726
-0.3	-2.4e-05	0.1429773	-0.0	-0.2911	-0.0726
-0.3	-1.6e-05	0.08289739	0.0	-0.2911	-0.0726
-0.3	-8e-06	0.0621847	-0.0	-0.2911	-0.0726
-0.3	0.0	0.00226311	0.0	-0.2911	-0.0726
-0.3	8e-06	0.01504096	0.0	-0.2911	-0.0726
-0.3	1.6e-05	0.05943738	0.0	-0.2911	-0.0726
-0.3	2.4e-05	0.17728765	0.0	-0.2911	-0.0726
-0.3	3.2e-05	0.1623396	0.0	-0.2911	-0.0726
-0.3	4e-05	0.13059075	0.0	-0.2911	-0.0726
-0.3	4.8e-05	0.1104928	-0.0	-0.2911	-0.0726
-0.3	5.6e-05	0.09908385	-0.0	-0.2911	-0.0726
-0.3	6.4e-05	0.1205418	0.0	-0.2911	-0.0726
-0.3	7.2e-05	0.09986635	-0.0	-0.2911	-0.0726
-0.3	8e-05	0.0874982	0.0	-0.2911	-0.0726
-0.3	8.8e-05	0.1165277	-0.0	-0.2911	-0.0726
-0.3	9.6e-05	0.06496023	0.0	-0.2911	-0.0726
-0.3	0.000104	0.10075095	0.0	-0.2911	-0.0726
-0.3	0.000112	0.08735855	-0.0	-0.2911	-0.0726
-0.3	0.00012	0.10315385	0.0	-0.2911	-0.0726
-0.3	0.000128	0.10074165	-0.0	-0.2911	-0.0726
-0.3	0.000136	0.0904879	0.0	-0.2911	-0.0726
-0.3	0.000144	0.1034427	0.0	-0.2911	-0.0726
-0.3	0.000152	0.0962993	0.0	-0.2911	-0.0726
-0.3	0.00016	0.08964965	0.0	-0.2911	-0.0726
-0.3	0.000168	0.094893	0.0	-0.2911	-0.0726
-0.3	0.000176	0.0932167	-0.0	-0.2911	-0.0726
-0.3	0.000184	0.10213865	-0.0	-0.2911	-0.0726
-0.3	0.000192	0.09381265	-0.0	-0.2911	-0.0726
-0.3	0.0002	0.0891653	0.0	-0.2911	-0.0726
-0.35	0.0002	0.108984	0.0	-0.3396	-0.0847
-0.35	0.000192	0.0817613	0.0	-0.3396	-0.0847
-0.35	0.000184	0.1176174	-0.0	-0.3396	-0.0847
-0.35	0.000176	0.10209225	0.0	-0.3396	-0.0847
-0.35	0.000168	0.09798495	-0.0	-0.3396	-0.0847
-0.35	0.00016	0.126316	0.0	-0.3396	-0.0847
-0.35	0.000152	0.10126325	0.0	-0.3396	-0.0847
-0.35	0.000144	0.10385235	-0.0	-0.3396	-0.0847
-0.35	0.000136	0.0862969	-0.0	-0.3396	-0.0847
-0.35	0.000128	0.11275585	-0.0	-0.3396	-0.0847
-0.35	0.00012	0.0946322	0.0	-0.3396	-0.0847
-0.35	0.000112	0.0928347	0.0	-0.3396	-0.0847
-0.35	0.000104	0.08180785	-0.0	-0.3396	-0.0847
-0.35	9.6e-05	0.1002481	-0.0	-0.3396	-0.0847
-0.35	8.8e-05	0.0822735	-0.0	-0.3396	-0.0847
-0.35	8e-05	0.1298178	0.0	-0.3396	-0.0847
-0.35	7.2e-05	0.1002482	0.0	-0.3396	-0.0847
-0.35	6.4e-05	0.12066285	-0.0	-0.3396	-0.0847
-0.35	5.6e-05	0.11116335	0.0	-0.3396	-0.0847
-0.35	4.8e-05	0.102949	-0.0	-0.3396	-0.0847
-0.35	4e-05	0.10185935	-0.0	-0.3396	-0.0847
-0.35	3.2e-05	0.12042995	0.0	-0.3396	-0.0847
-0.35	2.4e-05	0.11464645	0.0	-0.3396	-0.0847
-0.35	1.6e-05	0.16214395	0.0	-0.3396	-0.0847
-0.35	8e-06	0.0944366	-0.0	-0.3396	-0.0847
-0.35	0.0	0.02775354	-0.0	-0.3396	-0.0847
-0.35	-8e-06	0.03720658	0.0	-0.3396	-0.0847
-0.35	-1.6e-05	0.0824876	-0.0	-0.3396	-0.0847
-0.35	-2.4e-05	0.13390635	0.0	-0.3396	-0.0847
-0.35	-3.2e-05	0.1224697	-0.0	-0.3396	-0.0847
-0.35	-4e-05	0.1548051	0.0	-0.3396	-0.0847
-0.35	-4.8e-05	0.1201785	0.0	-0.3396	-0.0847
-0.35	-5.6e-05	0.1012726	-0.0	-0.3396	-0.0847
-0.35	-6.4e-05	0.10548225	0.0	-0.3396	-0.0847
-0.35	-7.2e-05	0.08433165	0.0	-0.3396	-0.0847
-0.35	-8e-05	0.07241076	0.0	-0.3396	-0.0847
-0.35	-8.8e-05	0.0784644	-0.0	-0.3396	-0.0847
-0.35	-9.6e-05	0.0657611	0.0	-0.3396	-0.0847
-0.35	-0.000104	0.09121425	-0.0	-0.3396	-0.0847
-0.35	-0.000112	0.1029768	0.0	-0.3396	-0.0847
-0.35	-0.00012	0.0915309	0.0	-0.3396	-0.0847
-0.35	-0.000128	0.09822725	0.0	-0.3396	-0.0847
-0.35	-0.000136	0.0601731	0.0	-0.3396	-0.0847
-0.35	-0.000144	0.08083925	0.0	-0.3396	-0.0847
-0.35	-0.000152	0.07023145	0.0	-0.3396	-0.0847
-0.35	-0.00016	0.1066837	-0.0	-0.3396	-0.0847
-0.35	-0.000168	0.1137989	-0.0	-0.3396	-0.0847
-0.35	-0.000176	0.0932352	0.0	-0.3396	-0.0847
-0.35	-0.000184	0.09900005	0.0	-0.3396	-0.0847
-0.35	-0.000192	0.09967065	0.0	-0.3396	-0.0847
-0.35	-0.0002	0.0805505	0.0	-0.3396	-0.0847
-0.4	-0.0002	0.1146279	-0.0	-0.3881	-0.0968
-0.4	-0.000192	0.108751	-0.0	-0.3881	-0.0968
-0.4	-0.000184	0.1289703	0.0	-0.3881	-0.0968
-0.4	-0.000176	0.1140597	-0.0	-0.3881	-0.0968
-0.4	-0.000168	0.11390135	-0.0	-0.3881	-0.0968
-0.4	-0.00016	0.10882565	0.0	-0.3881	-0.0968
-0.4	-0.000152	0.0857753	0.0	-0.3881	-0.0968
-0.4	-0.000144	0.11246715	-0.0	-0.3881	-0.0968
-0.4	-0.000136	0.08718155	-0.0	-0.3881	-0.0968
-0.4	-0.000128	0.08406165	0.0	-0.3881	-0.0968
-0.4	-0.00012	0.09954965	-0.0	-0.3881	-0.0968
-0.4	-0.000112	0.09944715	-0.0	-0.3881	-0.0968
-0.4	-0.000104	0.11023195	-0.0	-0.3881	-0.0968
-0.4	-9.6e-05	0.10881635	-0.0	-0.3881	-0.0968
-0.4	-8.8e-05	0.10161715	-0.0	-0.3881	-0.0968
-0.4	-8e-05	0.1357875	-0.0	-0.3881	-0.0968
-0.4	-7.2e-05	0.1050817	-0.0	-0.3881	-0.0968
-0.4	-6.4e-05	0.10014575	0.0	-0.3881	-0.0968
-0.4	-5.6e-05	0.07003575	0.0	-0.3881	-0.0968
-0.4	-4.8e-05	0.08363325	0.0	-0.3881	-0.0968
-0.4	-4e-05	0.09918645	-0.0	-0.3881	-0.0968
-0.4	-3.2e-05	0.0923318	-0.0	-0.3881	-0.0968
-0.4	-2.4e-05	0.14560385	-0.0	-0.3881	-0.0968
-0.4	-1.6e-05	0.1576736	0.0	-0.3881	-0.0968
-0.4	-8e-06	0.06226865	0.0	-0.3881	-0.0968
-0.4	0.0	0.0419377	0.0	-0.3881	-0.0968
-0.4	8e-06	0.0461287	0.0	-0.3881	-0.0968
-0.4	1.6e-05	0.10851834	0.0	-0.3881	-0.0968
-0.4	2.4e-05	0.1280669	0.0	-0.3881	-0.0968
-0.4	3.2e-05	0.15829775	-0.0	-0.3881	-0.0968
-0.4	4e-05	0.1101482	0.0	-0.3881	-0.0968
-0.4	4.8e-05	0.11484195	0.0	-0.3881	-0.0968
-0.4	5.6e-05	0.09778005	0.0	-0.3881	-0.0968
-0.4	6.4e-05	0.1017196	0.0	-0.3881	-0.0968
-0.4	7.2e-05	0.05423113	-0.0	-0.3881	-0.0968
-0.4	8e-05	0.0996148	0.0	-0.3881	-0.0968
-0.4	8.8e-05	0.1015147	0.0	-0.3881	-0.0968
-0.4	9.6e-05	0.1144229	0.0	-0.3881	-0.0968
-0.4	0.000104	0.1219014	0.0	-0.3881	-0.0968
-0.4	0.000112	0.10545435	-0.0	-0.3881	-0.0968
-0.4	0.00012	0.09927945	0.0	-0.3881	-0.0968
-0.4	0.000128	0.09098135	0.0	-0.3881	-0.0968
-0.4	0.000136	0.11036235	0.0	-0.3881	-0.0968
-0.4	0.000144	0.09709095	0.0	-0.3881	-0.0968
-0.4	0.000152	0.0545571	-0.0	-0.3881	-0.0968
-0.4	0.00016	0.08782405	0.0	-0.3881	-0.0968
-0.4	0.000168	0.1026044	0.0	-0.3881	-0.0968
-0.4	0.000176	0.0985532	0.0	-0.3881	-0.0968
-0.4	0.000184	0.07858545	0.0	-0.3881	-0.0968
-0.4	0.000192	0.0789579	-0.0	-0.3881	-0.0968
-0.4	0.0002	0.09470675	-0.0	-0.3881	-0.0968
-0.45	0.0002	0.0962248	0.0	-0.4366	-0.1089
-0.45	0.000192	0.0691977	-0.0	-0.4366	-0.1089
-0.45	0.000184	0.11908875	-0.0	-0.4366	-0.1089
-0.45	0.000176	0.10166375	-0.0	-0.4366	-0.1089
-0.45	0.000168	0.0822642	-0.0	-0.4366	-0.1089
-0.45	0.00016	0.0819848	0.0	-0.4366	-0.1089
-0.45	0.000152	0.07259695	0.0	-0.4366	-0.1089
-0.45	0.000144	0.08390325	0.0	-0.4366	-0.1089
-0.45	0.000136	0.0888301	0.0	-0.4366	-0.1089
-0.45	0.000128	0.11992705	0.0	-0.4366	-0.1089
-0.45	0.00012	0.11030655	-0.0	-0.4366	-0.1089
-0.45	0.000112	0.1175056	0.0	-0.4366	-0.1089
-0.45	0.000104	0.10320975	-0.0	-0.4366	-0.1089
-0.45	9.6e-05	0.1099711	0.0	-0.4366	-0.1089
-0.45	8.8e-05	0.07143282	0.0	-0.4366	-0.1089
-0.45	8e-05	0.04212393	-0.0	-0.4366	-0.1089
-0.45	7.2e-05	0.10714925	0.0	-0.4366	-0.1089
-0.45	6.4e-05	0.10806205	-0.0	-0.4366	-0.1089
-0.45	5.6e-05	0.0931607	-0.0	-0.4366	-0.1089
-0.45	4.8e-05	0.1127931	0.0	-0.4366	-0.1089
-0.45	4e-05	0.06021036	-0.0	-0.4366	-0.1089
-0.45	3.2e-05	0.10721445	0.0	-0.4366	-0.1089
-0.45	2.4e-05	0.09599195	0.0	-0.4366	-0.1089
-0.45	1.6e-05	0.0900501	-0.0	-0.4366	-0.1089
-0.45	8e-06	0.07863195	0.0	-0.4366	-0.1089
-0.45	0.0	0.07958195	0.0	-0.4366	-0.1089
-0.45	-8e-06	0.074618	0.0	-0.4366	-0.1089
-0.45	-1.6e-05	0.11849285	0.0	-0.4366	-0.1088
-0.45	-2.4e-05	0.12118445	-0.0	-0.4366	-0.1089
-0.45	-3.2e-05	0.0996707	0.0	-0.4366	-0.1089
-0.45	-4e-05	0.10239945	0.0	-0.4366	-0.1089
-0.45	-4.8e-05	0.1146278	0.0	-0.4366	-0.1089
-0.45	-5.6e-05	0.10830415	-0.0	-0.4366	-0.1089
-0.45	-6.4e-05	0.0862037	-0.0	-0.4366	-0.1089
-0.45	-7.2e-05	0.0795819	0.0	-0.4366	-0.1089
-0.45	-8e-05	0.0707809	-0.0	-0.4366	-0.1089
-0.45	-8.8e-05	0.07556795	-0.0	-0.4366	-0.1089
-0.45	-9.6e-05	0.09452055	0.0	-0.4366	-0.1089
-0.45	-0.000104	0.0895658	0.0	-0.4366	-0.1089
-0.45	-0.000112	0.11792465	-0.0	-0.4366	-0.1089
-0.45	-0.00012	0.1078012	0.0	-0.4366	-0.1089
-0.45	-0.000128	0.12176165	0.0	-0.4366	-0.1089
-0.45	-0.000136	0.11606205	0.0	-0.4366	-0.1089
-0.45	-0.000144	0.09017115	0.0	-0.4366	-0.1089
-0.45	-0.000152	0.0821152	0.0	-0.4366	-0.1089
-0.45	-0.00016	0.08713505	0.0	-0.4366	-0.1089
-0.45	-0.000168	0.03797953	0.0	-0.4366	-0.1089
-0.45	-0.000176	0.0813514	0.0	-0.4366	-0.1089
-0.45	-0.000184	0.08821535	0.0	-0.4366	-0.1089
-0.45	-0.000192	0.0625759	-0.0	-0.4366	-0.1089
-0.45	-0.0002	0.0924995	0.0	-0.4366	-0.1089
-0.5	-0.0002	0.0684805	0.0	-0.4851	-0.121
-0.5	-0.000192	0.07013825	0.0	-0.4851	-0.121
-0.5	-0.000184	0.0822643	0.0	-0.4851	-0.121
-0.5	-0.000176	0.07047355	0.0	-0.4851	-0.121
-0.5	-0.000168	0.1262414	0.0	-0.4851	-0.121
-0.5	-0.00016	0.134251	0.0	-0.4851	-0.121
-0.5	-0.000152	0.09869285	0.0	-0.4851	-0.121
-0.5	-0.000144	0.1071957	0.0	-0.4852	-0.121
-0.5	-0.000136	0.09724925	0.0	-0.4851	-0.121
-0.5	-0.000128	0.11363135	0.0	-0.4851	-0.121
-0.5	-0.00012	0.08941685	0.0	-0.4851	-0.121
-0.5	-0.000112	0.0824225	0.0	-0.4851	-0.1209
-0.5	-0.000104	0.09200595	-0.0	-0.4851	-0.121
-0.5	-9.6e-05	0.0778776	-0.0	-0.4851	-0.1209
-0.5	-8.8e-05	0.0577051	0.0	-0.4851	-0.1209
-0.5	-8e-05	0.112225	-0.0	-0.4851	-0.1209
-0.5	-7.2e-05	0.1012726	0.0	-0.4851	-0.1209
-0.5	-6.4e-05	0.0983669	0.0	-0.4851	-0.121
-0.5	-5.6e-05	0.0958988	0.0	-0.4851	-0.1209
-0.5	-4.8e-05	0.11871645	0.0	-0.4851	-0.121
-0.5	-4e-05	0.13031135	0.0	-0.4851	-0.121
-0.5	-3.2e-05	0.1074101	0.0	-0.4851	-0.1209
-0.5	-2.4e-05	0.08915595	0.0	-0.4851	-0.121
-0.5	-1.6e-05	0.08222685	0.0	-0.4851	-0.1209
-0.5	-8e-06	0.0856915	0.0	-0.4851	-0.1209
-0.5	0.0	0.0527504	0.0	-0.4851	-0.1209
-0.5	8e-06	0.0773468	0.0	-0.4852	-0.1209
-0.5	1.6e-05	0.1050072	0.0	-0.4851	-0.1209
-0.5	2.4e-05	0.10733555	-0.0	-0.4851	-0.1209
-0.5	3.2e-05	0.0998198	0.0	-0.4851	-0.1209
-0.5	4e-05	0.08998495	0.0	-0.4851	-0.121
-0.5	4.8e-05	0.07999175	0.0	-0.4851	-0.1209
-0.5	5.6e-05	0.12263715	-0.0	-0.4851	-0.121
-0.5	6.4e-05	0.10659985	0.0	-0.4851	-0.121
-0.5	7.2e-05	0.13600175	0.0	-0.4851	-0.121
-0.5	8e-05	0.0903666	0.0	-0.4851	-0.121
-0.5	8.8e-05	0.1035357	-0.0	-0.4851	-0.121
-0.5	9.6e-05	0.1102319	0.0	-0.4851	-0.121
-0.5	0.000104	0.0936171	-0.0	-0.4851	-0.1209
-0.5	0.000112	0.1391031	0.0	-0.4851	-0.121
-0.5	0.00012	0.13655115	-0.0	-0.4851	-0.121
-0.5	0.000128	0.10855555	-0.0	-0.4851	-0.121
-0.5	0.000136	0.08591495	0.0	-0.4851	-0.121
-0.5	0.000144	0.0982736	0.0	-0.4851	-0.121
-0.5	0.000152	0.09110245	0.0	-0.4851	-0.121
-0.5	0.00016	0.0917638	0.0	-0.4852	-0.121
-0.5	0.000168	0.08759135	0.0	-0.4851	-0.121
-0.5	0.000176	0.0812491	0.0	-0.4851	-0.121
-0.5	0.000184	0.1160714	0.0	-0.4851	-0.1209
-0.5	0.000192	0.083568	0.0	-0.4851	-0.1209
-0.5	0.0002	0.10436454	0.0	-0.4851	-0.121
-0.55	0.0002	0.09638315	0.0	-0.5337	-0.133
-0.55	0.000192	0.18009085	-0.0	-0.5337	-0.1331
-0.55	0.000184	0.08016875	0.0	-0.5337	-0.1331
-0.55	0.000176	0.09009665	-0.0	-0.5337	-0.1331
-0.55	0.000168	0.0716004	-0.0	-0.5337	-0.133
-0.55	0.00016	0.07842715	0.0	-0.5337	-0.133
-0.55	0.000152	0.07166575	0.0	-0.5337	-0.133
-0.55	0.000144	0.06644095	0.0	-0.5337	-0.1331
-0.55	0.000136	0.10890005	-0.0	-0.5337	-0.1331
-0.55	0.000128	0.105417	-0.0	-0.5337	-0.133
-0.55	0.00012	0.13047895	-0.0	-0.5337	-0.133
-0.55	0.000112	0.13331955	0.0	-0.5337	-0.133
-0.55	0.000104	0.13548955	0.0	-0.5337	-0.1331
-0.55	9.6e-05	0.1109584	-0.0	-0.5337	-0.1331
-0.55	8.8e-05	0.12692135	-0.0	-0.5337	-0.1331
-0.55	8e-05	0.11967565	0.0	-0.5337	-0.133
-0.55	7.2e-05	0.09993155	0.0	-0.5337	-0.133
-0.55	6.4e-05	0.1388888	0.0	-0.5337	-0.1331
-0.55	5.6e-05	0.1324628	-0.0	-0.5337	-0.1331
-0.55	4.8e-05	0.0951073	0.0	-0.5337	-0.133
-0.55	4e-05	0.0864272	-0.0	-0.5337	-0.1331
-0.55	3.2e-05	0.10527725	-0.0	-0.5337	-0.1331
-0.55	2.4e-05	0.03989811	0.0	-0.5337	-0.1331
-0.55	1.6e-05	0.0906927	-0.0	-0.5337	-0.1331
-0.55	8e-06	0.0903761	0.0	-0.5337	-0.1331
-0.55	0.0	0.06428946	-0.0	-0.5337	-0.133
-0.55	-8e-06	0.0765272	-0.0	-0.5337	-0.1331
-0.55	-1.6e-05	0.11979665	0.0	-0.5337	-0.133
-0.55	-2.4e-05	0.08187295	0.0	-0.5337	-0.133
-0.55	-3.2e-05	0.10564985	0.0	-0.5337	-0.1331
-0.55	-4e-05	0.0542778	-0.0	-0.5337	-0.1331
-0.55	-4.8e-05	0.07195441	-0.0	-0.5337	-0.1331
-0.55	-5.6e-05	0.0797031	-0.0	-0.5337	-0.1331
-0.55	-6.4e-05	0.09662535	-0.0	-0.5337	-0.1331
-0.55	-7.2e-05	0.09096275	0.0	-0.5337	-0.1331
-0.55	-8e-05	0.083773	-0.0	-0.5337	-0.1331
-0.55	-8.8e-05	0.0992982	0.0	-0.5337	-0.1331
-0.55	-9.6e-05	0.10504445	0.0	-0.5337	-0.133
-0.55	-0.000104	0.09670895	0.0	-0.5337	-0.1331
-0.55	-0.000112	0.12115635	0.0	-0.5337	-0.133
-0.55	-0.00012	0.1137989	-0.0	-0.5337	-0.133
-0.55	-0.000128	0.1042436	0.0	-0.5337	-0.133
-0.55	-0.000136	0.1201227	0.0	-0.5337	-0.133
-0.55	-0.000144	0.10054605	-0.0	-0.5337	-0.1331
-0.55	-0.000152	0.1064041	-0.0	-0.5337	-0.1331
-0.55	-0.00016	0.1325092	-0.0	-0.5337	-0.1331
-0.55	-0.000168	0.09706305	-0.0	-0.5337	-0.1331
-0.55	-0.000176	0.1075963	0.0	-0.5337	-0.1331
-0.55	-0.000184	0.1251519	0.0	-0.5337	-0.1331
-0.55	-0.000192	0.0685923	-0.0	-0.5337	-0.1331
-0.55	-0.0002	0.08926785	0.0	-0.5337	-0.1331
-0.6	-0.0002	0.0938313	-0.0	-0.5822	-0.1452
-0.6	-0.000192	0.05795655	-0.0	-0.5822	-0.1451
-0.6	-0.000184	0.07532585	-0.0	-0.5822	-0.1451
-0.6	-0.000176	0.07722577	0.0	-0.5822	-0.1451
-0.6	-0.000168	0.0885972	0.0	-0.5822	-0.1452
-0.6	-0.00016	0.07474835	0.0	-0.5822	-0.1451
-0.6	-0.000152	0.11610865	0.0	-0.5822	-0.1452
-0.6	-0.000144	0.09744475	-0.0	-0.5822	-0.1451
-0.6	-0.000136	0.10240885	0.0	-0.5822	-0.1451
-0.6	-0.000128	0.13160595	0.0	-0.5822	-0.1451
-0.6	-0.00012	0.1291379	0.0	-0.5822	-0.1451
-0.6	-0.000112	0.10194315	0.0	-0.5822	-0.1452
-0.6	-0.000104	0.1169003	0.0	-0.5822	-0.1451
-0.6	-9.6e-05	0.10908645	-0.0	-0.5822	-0.1451
-0.6	-8.8e-05	0.07337	0.0	-0.5822	-0.1451
-0.6	-8e-05	0.1065439	-0.0	-0.5822	-0.1452
-0.6	-7.2e-05	0.09296515	0.0	-0.5822	-0.1452
-0.6	-6.4e-05	0.0966345	-0.0	-0.5822	-0.1451
-0.6	-5.6e-05	0.115764	0.0	-0.5822	-0.1452
-0.6	-4.8e-05	0.08715367	0.0	-0.5822	-0.1451
-0.6	-4e-05	0.103368	0.0	-0.5822	-0.1451
-0.6	-3.2e-05	0.10930065	-0.0	-0.5822	-0.1451
-0.6	-2.4e-05	0.12766645	-0.0	-0.5822	-0.1451
-0.6	-1.6e-05	0.10699095	0.0	-0.5822	-0.1451
-0.6	-8e-06	0.1170865	-0.0	-0.5822	-0.1452
-0.6	0.0	0.09675565	-0.0	-0.5822	-0.1451
-0.6	8e-06	0.0872374	0.0	-0.5822	-0.1451
-0.6	1.6e-05	0.09345885	0.0	-0.5822	-0.1452
-0.6	2.4e-05	0.08678115	0.0	-0.5822	-0.1452
-0.6	3.2e-05	0.0875076	0.0	-0.5822	-0.1452
-0.6	4e-05	0.08028975	0.0	-0.5822	-0.1452
-0.6	4.8e-05	0.1053239	0.0	-0.5822	-0.1452
-0.6	5.6e-05	0.10140305	-0.0	-0.5822	-0.1451
-0.6	6.4e-05	0.1222926	-0.0	-0.5822	-0.1451
-0.6	7.2e-05	0.1202717	-0.0	-0.5822	-0.1451
-0.6	8e-05	0.12477925	-0.0	-0.5822	-0.1452
-0.6	8.8e-05	0.09042255	0.0	-0.5822	-0.1452
-0.6	9.6e-05	0.0996055	0.0	-0.5822	-0.1452
-0.6	0.000104	0.09842275	-0.0	-0.5822	-0.1451
-0.6	0.000112	0.08663205	0.0	-0.5822	-0.1451
-0.6	0.00012	0.07306269	-0.0	-0.5822	-0.1452
-0.6	0.000128	0.08849482	-0.0	-0.5822	-0.1451
-0.6	0.000136	0.08758215	0.0	-0.5822	-0.1451
-0.6	0.000144	0.13300285	-0.0	-0.5822	-0.1452
-0.6	0.000152	0.1360763	-0.0	-0.5822	-0.1451
-0.6	0.00016	0.12222745	0.0	-0.5822	-0.1451
-0.6	0.000168	0.1329843	-0.0	-0.5822	-0.1451
-0.6	0.000176	0.06726044	-0.0	-0.5822	-0.1451
-0.6	0.000184	0.13927065	-0.0	-0.5822	-0.1451
-0.6	0.000192	0.07662965	-0.0	-0.5822	-0.1451
-0.6	0.0002	0.0757728	-0.0	-0.5822	-0.1452
-0.65	0.0002	0.0953587	-0.0	-0.6307	-0.1572
-0.65	0.000192	0.1265954	0.0	-0.6307	-0.1572
-0.65	0.000184	0.09184755	0.0	-0.6307	-0.1573
-0.65	0.000176	0.09065545	0.0	-0.6307	-0.1573
-0.65	0.000168	0.08787065	0.0	-0.6307	-0.1573
-0.65	0.00016	0.0760615	-0.0	-0.6307	-0.1573
-0.65	0.000152	0.0842292	-0.0	-0.6307	-0.1573
-0.65	0.000144	0.1284674	0.0	-0.6307	-0.1572
-0.65	0.000136	0.1285139	-0.0	-0.6307	-0.1573
-0.65	0.000128	0.08093235	0.0	-0.6307	-0.1572
-0.65	0.00012	0.1058081	-0.0	-0.6307	-0.1572
-0.65	0.000112	0.1079782	0.0	-0.6307	-0.1573
-0.65	0.000104	0.1098874	-0.0	-0.6307	-0.1573
-0.65	9.6e-05	0.11961975	0.0	-0.6307	-0.1573
-0.65	8.8e-05	0.11053935	0.0	-0.6307	-0.1572
-0.65	8e-05	0.1026788	0.0	-0.6307	-0.1573
-0.65	7.2e-05	0.13711005	0.0	-0.6307	-0.1572
-0.65	6.4e-05	0.1042528	0.0	-0.6307	-0.1572
-0.65	5.6e-05	0.08978935	0.0	-0.6307	-0.1573
-0.65	4.8e-05	0.11986185	-0.0	-0.6307	-0.1572
-0.65	4e-05	0.1009838	0.0	-0.6307	-0.1572
-0.65	3.2e-05	0.0800942	0.0	-0.6307	-0.1572
-0.65	2.4e-05	0.0628181	-0.0	-0.6307	-0.1572
-0.65	1.6e-05	0.10882575	-0.0	-0.6307	-0.1572
-0.65	8e-06	0.11343575	0.0	-0.6307	-0.1572
-0.65	0.0	0.0625014	0.0	-0.6307	-0.1573
-0.65	-8e-06	0.06532327	0.0	-0.6307	-0.1572
-0.65	-1.6e-05	0.11930304	-0.0	-0.6307	-0.1572
-0.65	-2.4e-05	0.1165371	0.0	-0.6307	-0.1572
-0.65	-3.2e-05	0.12754525	0.0	-0.6307	-0.1573
-0.65	-4e-05	0.11697475	0.0	-0.6307	-0.1572
-0.65	-4.8e-05	0.07920015	0.0	-0.6307	-0.1573
-0.65	-5.6e-05	0.09437145	0.0	-0.6307	-0.1572
-0.65	-6.4e-05	0.10579885	0.0	-0.6307	-0.1572
-0.65	-7.2e-05	0.08439695	0.0	-0.6307	-0.1572
-0.65	-8e-05	0.10822035	0.0	-0.6307	-0.1573
-0.65	-8.8e-05	0.06061083	0.0	-0.6307	-0.1573
-0.65	-9.6e-05	0.09608505	0.0	-0.6307	-0.1572
-0.65	-0.000104	0.10590125	0.0	-0.6307	-0.1573
-0.65	-0.000112	0.0742175	0.0	-0.6307	-0.1573
-0.65	-0.00012	0.0955915	-0.0	-0.6307	-0.1572
-0.65	-0.000128	0.12368955	0.0	-0.6307	-0.1573
-0.65	-0.000136	0.11302585	-0.0	-0.6307	-0.1573
-0.65	-0.000144	0.12399695	-0.0	-0.6307	-0.1572
-0.65	-0.000152	0.10789435	0.0	-0.6307	-0.1572
-0.65	-0.00016	0.0899196	0.0	-0.6307	-0.1572
-0.65	-0.000168	0.09206185	0.0	-0.6307	-0.1573
-0.65	-0.000176	0.08656685	0.0	-0.6307	-0.1573
-0.65	-0.000184	0.114395	0.0	-0.6307	-0.1573
-0.65	-0.000192	0.0680801	-0.0	-0.6307	-0.1572
-0.65	-0.0002	0.0805505	-0.0	-0.6307	-0.1572
-0.7	-0.0002	0.0854959	0.0	-0.6792	-0.1693
-0.7	-0.000192	0.08861585	-0.0	-0.6792	-0.1693
-0.7	-0.000184	0.07933055	0.0	-0.6792	-0.1693
-0.7	-0.000176	0.06126272	0.0	-0.6792	-0.1693
-0.7	-0.000168	0.10315395	-0.0	-0.6792	-0.1693
-0.7	-0.00016	0.10497005	-0.0	-0.6792	-0.1693
-0.7	-0.000152	0.09860895	-0.0	-0.6792	-0.1693
-0.7	-0.000144	0.10642275	0.0	-0.6792	-0.1693
-0.7	-0.000136	0.07800793	-0.0	-0.6792	-0.1693
-0.7	-0.000128	0.0805971	-0.0	-0.6792	-0.1693
-0.7	-0.00012	0.0863434	0.0	-0.6792	-0.1693
-0.7	-0.000112	0.0960198	-0.0	-0.6792	-0.1693
-0.7	-0.000104	0.08891385	0.0	-0.6792	-0.1693
-0.7	-9.6e-05	0.0978639	-0.0	-0.6792	-0.1693
-0.7	-8.8e-05	0.11085595	-0.0	-0.6792	-0.1693
-0.7	-8e-05	0.1001364	0.0	-0.6792	-0.1693
-0.7	-7.2e-05	0.1151866	-0.0	-0.6792	-0.1693
-0.7	-6.4e-05	0.07157258	0.0	-0.6792	-0.1693
-0.7	-5.6e-05	0.1097291	-0.0	-0.6792	-0.1693
-0.7	-4.8e-05	0.09374745	0.0	-0.6792	-0.1693
-0.7	-4e-05	0.0969419	0.0	-0.6792	-0.1693
-0.7	-3.2e-05	0.1295664	0.0	-0.6792	-0.1693
-0.7	-2.4e-05	0.0962714	-0.0	-0.6792	-0.1693
-0.7	-1.6e-05	0.1126161	-0.0	-0.6792	-0.1693
-0.7	-8e-06	0.13376665	0.0	-0.6792	-0.1694
-0.7	0.0	0.07972175	0.0	-0.6792	-0.1693
-0.7	8e-06	0.09723058	-0.0	-0.6792	-0.1693
-0.7	1.6e-05	0.074292	-0.0	-0.6792	-0.1694
-0.7	2.4e-05	0.1269213	-0.0	-0.6792	-0.1693
-0.7	3.2e-05	0.07885555	-0.0	-0.6792	-0.1693
-0.7	4e-05	0.0850303	0.0	-0.6792	-0.1693
-0.7	4.8e-05	0.06428025	0.0	-0.6792	-0.1693
-0.7	5.6e-05	0.10263235	0.0	-0.6792	-0.1693
-0.7	6.4e-05	0.11669545	0.0	-0.6792	-0.1693
-0.7	7.2e-05	0.13772465	0.0	-0.6792	-0.1693
-0.7	8e-05	0.12988295	0.0	-0.6792	-0.1694
-0.7	8.8e-05	0.1064415	-0.0	-0.6792	-0.1693
-0.7	9.6e-05	0.10761495	-0.0	-0.6792	-0.1693
-0.7	0.000104	0.1142832	0.0	-0.6792	-0.1694
-0.7	0.000112	0.09949375	0.0	-0.6792	-0.1693
-0.7	0.00012	0.127117	0.0	-0.6792	-0.1693
-0.7	0.000128	0.06527675	0.0	-0.6792	-0.1693
-0.7	0.000136	0.11595035	0.0	-0.6792	-0.1693
-0.7	0.000144	0.07800807	0.0	-0.6792	-0.1693
-0.7	0.000152	0.08303725	0.0	-0.6792	-0.1693
-0.7	0.00016	0.1142087	-0.0	-0.6792	-0.1693
-0.7	0.000168	0.08804775	-0.0	-0.6792	-0.1693
-0.7	0.000176	0.1053239	-0.0	-0.6792	-0.1693
-0.7	0.000184	0.07491595	-0.0	-0.6792	-0.1694
-0.7	0.000192	0.1234196	-0.0	-0.6792	-0.1693
-0.7	0.0002	0.0833166	0.0	-0.6792	-0.1694
-0.75	0.0002	0.09601065	-0.0	-0.7277	-0.1814
-0.75	0.000192	0.0804574	-0.0	-0.7277	-0.1814
-0.75	0.000184	0.103275	-0.0	-0.7277	-0.1815
-0.75	0.000176	0.0920804	0.0	-0.7277	-0.1814
-0.75	0.000168	0.1160249	0.0	-0.7277	-0.1814
-0.75	0.00016	0.08958445	-0.0	-0.7277	-0.1814
-0.75	0.000152	0.13253735	0.0	-0.7277	-0.1814
-0.75	0.000144	0.11216915	0.0	-0.7277	-0.1814
-0.75	0.000136	0.11107015	-0.0	-0.7277	-0.1814
-0.75	0.000128	0.13307735	-0.0	-0.7277	-0.1814
-0.75	0.00012	0.0883644	-0.0	-0.7277	-0.1814
-0.75	0.000112	0.0867066	0.0	-0.7277	-0.1814
-0.75	0.000104	0.08740515	0.0	-0.7277	-0.1814
-0.75	9.6e-05	0.08258095	0.0	-0.7277	-0.1814
-0.75	8.8e-05	0.07781243	0.0	-0.7277	-0.1814
-0.75	8e-05	0.08681845	0.0	-0.7277	-0.1814
-0.75	7.2e-05	0.10123525	-0.0	-0.7277	-0.1814
-0.75	6.4e-05	0.08968685	-0.0	-0.7277	-0.1815
-0.75	5.6e-05	0.0820314	0.0	-0.7277	-0.1815
-0.75	4.8e-05	0.0909163	0.0	-0.7277	-0.1814
-0.75	4e-05	0.1108001	0.0	-0.7277	-0.1814
-0.75	3.2e-05	0.13163375	0.0	-0.7277	-0.1814
-0.75	2.4e-05	0.12154765	0.0	-0.7277	-0.1814
-0.75	1.6e-05	0.1055567	-0.0	-0.7277	-0.1814
-0.75	8e-06	0.137706	0.0	-0.7277	-0.1814
-0.75	0.0	0.0997639	0.0	-0.7277	-0.1815
-0.75	-8e-06	0.1055287	-0.0	-0.7277	-0.1815
-0.75	-1.6e-05	0.12397835	-0.0	-0.7277	-0.1814
-0.75	-2.4e-05	0.1162298	0.0	-0.7277	-0.1814
-0.75	-3.2e-05	0.10767075	0.0	-0.7277	-0.1814
-0.75	-4e-05	0.08222685	0.0	-0.7277	-0.1814
-0.75	-4.8e-05	0.0778497	0.0	-0.7277	-0.1814
-0.75	-5.6e-05	0.05498565	0.0	-0.7277	-0.1814
-0.75	-6.4e-05	0.0873119	0.0	-0.7277	-0.1814
-0.75	-7.2e-05	0.1066929	0.0	-0.7277	-0.1815
-0.75	-8e-05	0.08774965	0.0	-0.7277	-0.1815
-0.75	-8.8e-05	0.1215662	0.0	-0.7277	-0.1815
-0.75	-9.6e-05	0.11409695	0.0	-0.7277	-0.1814
-0.75	-0.000104	0.13661645	0.0	-0.7277	-0.1814
-0.75	-0.000112	0.11332405	0.0	-0.7277	-0.1815
-0.75	-0.00012	0.09859035	-0.0	-0.7277	-0.1815
-0.75	-0.000128	0.0968675	0.0	-0.7277	-0.1815
-0.75	-0.000136	0.1124484	0.0	-0.7277	-0.1815
-0.75	-0.000144	0.0937289	0.0	-0.7277	-0.1815
-0.75	-0.000152	0.10955215	-0.0	-0.7277	-0.1815
-0.75	-0.00016	0.10295815	0.0	-0.7277	-0.1814
-0.75	-0.000168	0.0854214	0.0	-0.7277	-0.1814
-0.75	-0.000176	0.0821524	-0.0	-0.7277	-0.1815
-0.75	-0.000184	0.0886718	-0.0	-0.7277	-0.1815
-0.75	-0.000192	0.1094776	0.0	-0.7277	-0.1814
-0.75	-0.0002	0.11351035	0.0	-0.7277	-0.1815
-0.8	-0.0002	0.12187355	0.0	-0.7762	-0.1935
-0.8	-0.000192	0.06846195	0.0	-0.7762	-0.1935
-0.8	-0.000184	0.1037033	-0.0	-0.7762	-0.1935
-0.8	-0.000176	0.07187984	0.0	-0.7762	-0.1935
-0.8	-0.000168	0.1080714	0.0	-0.7762	-0.1935
-0.8	-0.00016	0.07738408	0.0	-0.7762	-0.1935
-0.8	-0.000152	0.09911195	0.0	-0.7762	-0.1935
-0.8	-0.000144	0.12118435	-0.0	-0.7762	-0.1935
-0.8	-0.000136	0.11295145	0.0	-0.7762	-0.1935
-0.8	-0.000128	0.12070945	0.0	-0.7762	-0.1935
-0.8	-0.00012	0.12380135	0.0	-0.7762	-0.1935
-0.8	-0.000112	0.1166488	0.0	-0.7762	-0.1935
-0.8	-0.000104	0.1334406	0.0	-0.7762	-0.1935
-0.8	-9.6e-05	0.0879174	0.0	-0.7762	-0.1935
-0.8	-8.8e-05	0.09439005	0.0	-0.7762	-0.1935
-0.8	-8e-05	0.06878785	-0.0	-0.7762	-0.1935
-0.8	-7.2e-05	0.08683696	0.0	-0.7762	-0.1935
-0.8	-6.4e-05	0.06836875	0.0	-0.7762	-0.1935
-0.8	-5.6e-05	0.09733305	0.0	-0.7762	-0.1935
-0.8	-4.8e-05	0.09654145	0.0	-0.7762	-0.1935
-0.8	-4e-05	0.1021294	-0.0	-0.7762	-0.1935
-0.8	-3.2e-05	0.11090245	0.0	-0.7762	-0.1935
-0.8	-2.4e-05	0.1164718	0.0	-0.7762	-0.1935
-0.8	-1.6e-05	0.11582	-0.0	-0.7762	-0.1935
-0.8	-8e-06	0.0890442	0.0	-0.7762	-0.1935
-0.8	0.0	0.06472733	0.0	-0.7762	-0.1935
-0.8	8e-06	0.07937705	0.0	-0.7762	-0.1935
-0.8	1.6e-05	0.06662717	0.0	-0.7762	-0.1935
-0.8	2.4e-05	0.10279995	0.0	-0.7762	-0.1935
-0.8	3.2e-05	0.09820845	0.0	-0.7762	-0.1935
-0.8	4e-05	0.08665995	0.0	-0.7762	-0.1935
-0.8	4.8e-05	0.09271375	0.0	-0.7762	-0.1935
-0.8	5.6e-05	0.08387535	0.0	-0.7762	-0.1935
-0.8	6.4e-05	0.1048303	0.0	-0.7762	-0.1935
-0.8	7.2e-05	0.0936636	0.0	-0.7762	-0.1935
-0.8	8e-05	0.14949685	0.0	-0.7762	-0.1935
-0.8	8.8e-05	0.11593175	-0.0	-0.7762	-0.1935
-0.8	9.6e-05	0.1260085	0.0	-0.7762	-0.1935
-0.8	0.000104	0.09374745	-0.0	-0.7762	-0.1935
-0.8	0.000112	0.10662775	0.0	-0.7762	-0.1935
-0.8	0.00012	0.08140735	0.0	-0.7762	-0.1935
-0.8	0.000128	0.0676982	-0.0	-0.7762	-0.1935
-0.8	0.000136	0.09492105	0.0	-0.7762	-0.1935
-0.8	0.000144	0.12827175	0.0	-0.7762	-0.1935
-0.8	0.000152	0.1132774	-0.0	-0.7762	-0.1935
-0.8	0.00016	0.0997825	0.0	-0.7762	-0.1935
-0.8	0.000168	0.1178036	0.0	-0.7762	-0.1935
-0.8	0.000176	0.11185245	0.0	-0.7762	-0.1935
-0.8	0.000184	0.0906089	-0.0	-0.7762	-0.1935
-0.8	0.000192	0.0813701	0.0	-0.7762	-0.1935
-0.8	0.0002	0.0877776	0.0	-0.7762	-0.1935
-0.85	0.0002	0.08925835	0.0	-0.8248	-0.2056
-0.85	0.000192	0.10338675	-0.0	-0.8248	-0.2056
-0.85	0.000184	0.0896869	-0.0	-0.8247	-0.2056
-0.85	0.000176	0.1084252	0.0	-0.8248	-0.2056
-0.85	0.000168	0.09925155	0.0	-0.8248	-0.2056
-0.85	0.00016	0.0663384	0.0	-0.8247	-0.2056
-0.85	0.000152	0.06356309	0.0	-0.8248	-0.2056
-0.85	0.000144	0.12723795	0.0	-0.8248	-0.2056
-0.85	0.000136	0.1204393	0.0	-0.8248	-0.2056
-0.85	0.000128	0.10431795	0.0	-0.8248	-0.2056
-0.85	0.00012	0.1254405	0.0	-0.8248	-0.2056
-0.85	0.000112	0.08863445	-0.0	-0.8248	-0.2056
-0.85	0.000104	0.10760565	-0.0	-0.8248	-0.2056
-0.85	9.6e-05	0.0941014	0.0	-0.8247	-0.2056
-0.85	8.8e-05	0.11491665	-0.0	-0.8247	-0.2056
-0.85	8e-05	0.0892212	-0.0	-0.8248	-0.2056
-0.85	7.2e-05	0.086418	0.0	-0.8248	-0.2056
-0.85	6.4e-05	0.08478815	-0.0	-0.8248	-0.2056
-0.85	5.6e-05	0.08834575	-0.0	-0.8248	-0.2056
-0.85	4.8e-05	0.08889525	0.0	-0.8248	-0.2056
-0.85	4e-05	0.10226915	-0.0	-0.8248	-0.2056
-0.85	3.2e-05	0.10325625	-0.0	-0.8247	-0.2056
-0.85	2.4e-05	0.08637135	-0.0	-0.8247	-0.2056
-0.85	1.6e-05	0.10973835	0.0	-0.8248	-0.2056
-0.85	8e-06	0.07801721	0.0	-0.8248	-0.2056
-0.85	0.0	0.0814726	0.0	-0.8248	-0.2056
-0.85	-8e-06	0.0965415	0.0	-0.8248	-0.2056
-0.85	-1.6e-05	0.09840405	-0.0	-0.8248	-0.2056
-0.85	-2.4e-05	0.13376665	0.0	-0.8247	-0.2056
-0.85	-3.2e-05	0.10257645	0.0	-0.8248	-0.2056
-0.85	-4e-05	0.1189957	0.0	-0.8248	-0.2056
-0.85	-4.8e-05	0.06882515	0.0	-0.8248	-0.2056
-0.85	-5.6e-05	0.1113216	0.0	-0.8248	-0.2056
-0.85	-6.4e-05	0.0946974	0.0	-0.8248	-0.2056
-0.85	-7.2e-05	0.11090245	-0.0	-0.8248	-0.2056
-0.85	-8e-05	0.13259315	0.0	-0.8247	-0.2056
-0.85	-8.8e-05	0.10022955	-0.0	-0.8247	-0.2056
-0.85	-9.6e-05	0.12790855	-0.0	-0.8248	-0.2056
-0.85	-0.000104	0.09495815	0.0	-0.8248	-0.2056
-0.85	-0.000112	0.07759825	-0.0	-0.8247	-0.2056
-0.85	-0.00012	0.09888835	0.0	-0.8248	-0.2056
-0.85	-0.000128	0.05637325	0.0	-0.8248	-0.2056
-0.85	-0.000136	0.10279995	0.0	-0.8247	-0.2056
-0.85	-0.000144	0.0855239	0.0	-0.8248	-0.2056
-0.85	-0.000152	0.0896682	0.0	-0.8248	-0.2057
-0.85	-0.00016	0.10885365	-0.0	-0.8247	-0.2056
-0.85	-0.000168	0.1361601	0.0	-0.8248	-0.2056
-0.85	-0.000176	0.08666	-0.0	-0.8248	-0.2056
-0.85	-0.000184	0.0998104	-0.0	-0.8248	-0.2056
-0.85	-0.000192	0.09495825	-0.0	-0.8248	-0.2056
-0.85	-0.0002	0.0977056	0.0	-0.8247	-0.2056
-0.9	-0.0002	0.1129887	0.0	-0.8733	-0.2177
-0.9	-0.000192	0.09048785	0.0	-0.8733	-0.2177
-0.9	-0.000184	0.0805319	0.0	-0.8733	-0.2177
-0.9	-0.000176	0.08963095	-0.0	-0.8733	-0.2177
-0.9	-0.000168	0.0917079	-0.0	-0.8733	-0.2177
-0.9	-0.00016	0.11793405	0.0	-0.8733	-0.2177
-0.9	-0.000152	0.1176174	-0.0	-0.8733	-0.2177
-0.9	-0.000144	0.09735165	0.0	-0.8733	-0.2177
-0.9	-0.000136	0.1228329	-0.0	-0.8733	-0.2177
-0.9	-0.000128	0.1029583	-0.0	-0.8733	-0.2177
-0.9	-0.00012	0.119657	0.0	-0.8733	-0.2177
-0.9	-0.000112	0.0758566	0.0	-0.8733	-0.2177
-0.9	-0.000104	0.07658305	-0.0	-0.8733	-0.2177
-0.9	-9.6e-05	0.07540962	0.0	-0.8733	-0.2177
-0.9	-8.8e-05	0.0972399	0.0	-0.8733	-0.2177
-0.9	-8e-05	0.10146815	0.0	-0.8733	-0.2177
-0.9	-7.2e-05	0.1167513	0.0	-0.8733	-0.2177
-0.9	-6.4e-05	0.1203555	-0.0	-0.8733	-0.2177
-0.9	-5.6e-05	0.1196756	0.0	-0.8733	-0.2177
-0.9	-4.8e-05	0.1172822	0.0	-0.8733	-0.2177
-0.9	-4e-05	0.09893505	0.0	-0.8733	-0.2177
-0.9	-3.2e-05	0.0956009	0.0	-0.8733	-0.2177
-0.9	-2.4e-05	0.109133	-0.0	-0.8733	-0.2177
-0.9	-1.6e-05	0.0732303	0.0	-0.8733	-0.2177
-0.9	-8e-06	0.0927416	0.0	-0.8733	-0.2177
-0.9	0.0	0.08325135	0.0	-0.8733	-0.2177
-0.9	8e-06	0.1213055	-0.0	-0.8733	-0.2177
-0.9	1.6e-05	0.1198898	-0.0	-0.8733	-0.2177
-0.9	2.4e-05	0.0781757	-0.0	-0.8733	-0.2177
-0.9	3.2e-05	0.07678795	0.0	-0.8733	-0.2177
-0.9	4e-05	0.08774975	0.0	-0.8733	-0.2177
-0.9	4.8e-05	0.067633	0.0	-0.8733	-0.2177
-0.9	5.6e-05	0.0953121	0.0	-0.8733	-0.2177
-0.9	6.4e-05	0.0850395	0.0	-0.8733	-0.2177
-0.9	7.2e-05	0.0829161	-0.0	-0.8733	-0.2177
-0.9	8e-05	0.06719525	0.0	-0.8733	-0.2177
-0.9	8.8e-05	0.08332594	0.0	-0.8733	-0.2177
-0.9	9.6e-05	0.08244105	-0.0	-0.8733	-0.2177
-0.9	0.000104	0.0817706	-0.0	-0.8733	-0.2177
-0.9	0.000112	0.1131935	-0.0	-0.8733	-0.2177
-0.9	0.00012	0.10023885	0.0	-0.8733	-0.2177
-0.9	0.000128	0.1295849	0.0	-0.8733	-0.2177
-0.9	0.000136	0.11983395	0.0	-0.8733	-0.2177
-0.9	0.000144	0.12329845	0.0	-0.8733	-0.2177
-0.9	0.000152	0.12707025	0.0	-0.8733	-0.2177
-0.9	0.00016	0.1072237	-0.0	-0.8733	-0.2177
-0.9	0.000168	0.1001177	0.0	-0.8733	-0.2177
-0.9	0.000176	0.10551015	-0.0	-0.8733	-0.2177
-0.9	0.000184	0.0788183	0.0	-0.8733	-0.2177
-0.9	0.000192	0.0740778	0.0	-0.8733	-0.2177
-0.9	0.0002	0.07212208	0.0	-0.8733	-0.2177
