Initial Temperature (K)	0.0250571
Excitation Current (A)	2e-07
Axis 1,2	x,y
Angle	0
Field (T)	Current (A)	Resistance (Ohms)
-0.1	-0.00012	0.03616807
-0.1	-0.000118	0.09575448
-0.1	-0.000116	0.0873236
-0.1	-0.000114	0.1063809
-0.1	-0.000112	0.0965671
-0.1	-0.00011	0.09313278
-0.1	-0.000108	0.08791962
-0.1	-0.000106	0.09728645
-0.1	-0.000104	0.0952655
-0.1	-0.000102	0.10639498
-0.1	-0.0001	0.09597098
-0.1	-9.8e-05	0.10363587
-0.1	-9.6e-05	0.09447855
-0.1	-9.4e-05	0.09564502
-0.1	-9.2e-05	0.11022968
-0.1	-9e-05	0.09614103
-0.1	-8.8e-05	0.09599428
-0.1	-8.6e-05	0.10096058
-0.1	-8.4e-05	0.08472988
-0.1	-8.2e-05	0.1163951
-0.1	-8e-05	0.08541442
-0.1	-7.8e-05	0.09094883
-0.1	-7.6e-05	0.09010592
-0.1	-7.4e-05	0.09171718
-0.1	-7.2e-05	0.10268355
-0.1	-7e-05	0.09792448
-0.1	-6.8e-05	0.09010122
-0.1	-6.6e-05	0.08948888
-0.1	-6.4e-05	0.10903988
-0.1	-6.2e-05	0.0930304
-0.1	-6e-05	0.10703285
-0.1	-5.8e-05	0.10187332
-0.1	-5.6e-05	0.1083624
-0.1	-5.4e-05	0.10184068
-0.1	-5.2e-05	0.10030175
-0.1	-5e-05	0.09652515
-0.1	-4.8e-05	0.0884272
-0.1	-4.6e-05	0.10597352
-0.1	-4.4e-05	0.1031888
-0.1	-4.2e-05	0.0992167
-0.1	-4e-05	0.09345875
-0.1	-3.8e-05	0.09704438
-0.1	-3.6e-05	0.11572685
-0.1	-3.4e-05	0.0947114
-0.1	-3.2e-05	0.10537045
-0.1	-3e-05	0.08698828
-0.1	-2.8e-05	0.10612255
-0.1	-2.6e-05	0.1055591
-0.1	-2.4e-05	0.10154033
-0.1	-2.2e-05	0.10756848
-0.1	-2e-05	0.10088845
-0.1	-1.8e-05	0.1049164
-0.1	-1.6e-05	0.09713512
-0.1	-1.4e-05	0.10643455
-0.1	-1.2e-05	0.09975695
-0.1	-1e-05	0.09815268
-0.1	-8e-06	0.1089165
-0.1	-6e-06	0.09898622
-0.1	-4e-06	0.09978012
-0.1	-2e-06	0.11083742
-0.1	-0.0	0.08249468
-0.1	2e-06	0.1081621
-0.1	4e-06	0.10444838
-0.1	6e-06	0.09912128
-0.1	8e-06	0.1032027
-0.1	1e-05	0.11209692
-0.1	1.2e-05	0.10896302
-0.1	1.4e-05	0.10731228
-0.1	1.6e-05	0.09685118
-0.1	1.8e-05	0.10449272
-0.1	2e-05	0.08838998
-0.1	2.2e-05	0.10684427
-0.1	2.4e-05	0.1023017
-0.1	2.6e-05	0.0846367
-0.1	2.8e-05	0.10257413
-0.1	3e-05	0.0898009
-0.1	3.2e-05	0.0988372
-0.1	3.4e-05	0.10465802
-0.1	3.6e-05	0.10056018
-0.1	3.8e-05	0.10387808
-0.1	4e-05	0.10214112
-0.1	4.2e-05	0.08053885
-0.1	4.4e-05	0.0893143
-0.1	4.6e-05	0.1086767
-0.1	4.8e-05	0.10959173
-0.1	5e-05	0.11634622
-0.1	5.2e-05	0.09402442
-0.1	5.4e-05	0.10501892
-0.1	5.6e-05	0.11402715
-0.1	5.8e-05	0.08508378
-0.1	6e-05	0.10358933
-0.1	6.2e-05	0.08802675
-0.1	6.4e-05	0.10117478
-0.1	6.6e-05	0.10118878
-0.1	6.8e-05	0.10214808
-0.1	7e-05	0.1008396
-0.1	7.2e-05	0.09603848
-0.1	7.4e-05	0.09521203
-0.1	7.6e-05	0.10767785
-0.1	7.8e-05	0.09744028
-0.1	8e-05	0.09289535
-0.1	8.2e-05	0.09540058
-0.1	8.4e-05	0.10380818
-0.1	8.6e-05	0.09661368
-0.1	8.8e-05	0.12081652
-0.1	9e-05	0.10440418
-0.1	9.2e-05	0.10689082
-0.1	9.4e-05	0.09401762
-0.1	9.6e-05	0.1018896
-0.1	9.8e-05	0.1023623
-0.1	0.0001	0.1131749
-0.1	0.000102	0.10303045
-0.1	0.000104	0.10412952
-0.1	0.000106	0.0960524
-0.1	0.000108	0.09852278
-0.1	0.00011	0.09366593
-0.1	0.000112	0.1046696
-0.1	0.000114	0.09951238
-0.1	0.000116	0.09954035
-0.1	0.000118	0.10159865
-0.1	0.00012	0.09914222
-0.09	-0.00012	0.01298505
-0.09	-0.000118	0.11144038
-0.09	-0.000116	0.09000345
-0.09	-0.000114	0.09802458
-0.09	-0.000112	0.09018742
-0.09	-0.00011	0.09705838
-0.09	-0.000108	0.09505125
-0.09	-0.000106	0.10038545
-0.09	-0.000104	0.09376152
-0.09	-0.000102	0.0906158
-0.09	-0.0001	0.09842277
-0.09	-9.8e-05	0.10036218
-0.09	-9.6e-05	0.09269042
-0.09	-9.4e-05	0.08437363
-0.09	-9.2e-05	0.09681853
-0.09	-9e-05	0.10098388
-0.09	-8.8e-05	0.10046465
-0.09	-8.6e-05	0.08952622
-0.09	-8.4e-05	0.0975869
-0.09	-8.2e-05	0.109615
-0.09	-8e-05	0.09439705
-0.09	-7.8e-05	0.09900485
-0.09	-7.6e-05	0.10325638
-0.09	-7.4e-05	0.09512352
-0.09	-7.2e-05	0.09903742
-0.09	-7e-05	0.09068102
-0.09	-6.8e-05	0.09540052
-0.09	-6.6e-05	0.09298612
-0.09	-6.4e-05	0.0972143
-0.09	-6.2e-05	0.09223403
-0.09	-6e-05	0.0993215
-0.09	-5.8e-05	0.09570788
-0.09	-5.6e-05	0.10643448
-0.09	-5.4e-05	0.1010911
-0.09	-5.2e-05	0.09991755
-0.09	-5e-05	0.10592235
-0.09	-4.8e-05	0.09250875
-0.09	-4.6e-05	0.0935705
-0.09	-4.4e-05	0.09660665
-0.09	-4.2e-05	0.09621545
-0.09	-4e-05	0.09440635
-0.09	-3.8e-05	0.09097202
-0.09	-3.6e-05	0.10791768
-0.09	-3.4e-05	0.10178715
-0.09	-3.2e-05	0.1009489
-0.09	-3e-05	0.09599198
-0.09	-2.8e-05	0.0873772
-0.09	-2.6e-05	0.09530268
-0.09	-2.4e-05	0.09252737
-0.09	-2.2e-05	0.08943302
-0.09	-2e-05	0.1040992
-0.09	-1.8e-05	0.09593373
-0.09	-1.6e-05	0.089808
-0.09	-1.4e-05	0.09243192
-0.09	-1.2e-05	0.09280683
-0.09	-1e-05	0.10731935
-0.09	-8e-06	0.0805458
-0.09	-6e-06	0.11409935
-0.09	-4e-06	0.10473478
-0.09	-2e-06	0.10677688
-0.09	-0.0	0.1077221
-0.09	2e-06	0.10127255
-0.09	4e-06	0.10437388
-0.09	6e-06	0.1102669
-0.09	8e-06	0.11250913
-0.09	1e-05	0.10326562
-0.09	1.2e-05	0.08818048
-0.09	1.4e-05	0.0930373
-0.09	1.6e-05	0.09311648
-0.09	1.8e-05	0.09910487
-0.09	2e-05	0.11064878
-0.09	2.2e-05	0.0948185
-0.09	2.4e-05	0.12155695
-0.09	2.6e-05	0.10882338
-0.09	2.8e-05	0.10569185
-0.09	3e-05	0.08689522
-0.09	3.2e-05	0.10209685
-0.09	3.4e-05	0.10985472
-0.09	3.6e-05	0.10259278
-0.09	3.8e-05	0.09216888
-0.09	4e-05	0.1022901
-0.09	4.2e-05	0.1053355
-0.09	4.4e-05	0.08760065
-0.09	4.6e-05	0.1117407
-0.09	4.8e-05	0.0951514
-0.09	5e-05	0.1041365
-0.09	5.2e-05	0.0957382
-0.09	5.4e-05	0.08493473
-0.09	5.6e-05	0.09844132
-0.09	5.8e-05	0.09855082
-0.09	6e-05	0.08890223
-0.09	6.2e-05	0.10120047
-0.09	6.4e-05	0.10996188
-0.09	6.6e-05	0.09554488
-0.09	6.8e-05	0.10530062
-0.09	7e-05	0.10345195
-0.09	7.2e-05	0.09618057
-0.09	7.4e-05	0.10440892
-0.09	7.6e-05	0.1036917
-0.09	7.8e-05	0.087738
-0.09	8e-05	0.08828282
-0.09	8.2e-05	0.09946352
-0.09	8.4e-05	0.10453692
-0.09	8.6e-05	0.09812707
-0.09	8.8e-05	0.1014449
-0.09	9e-05	0.08665313
-0.09	9.2e-05	0.0936334
-0.09	9.4e-05	0.09713278
-0.09	9.6e-05	0.1099526
-0.09	9.8e-05	0.10342868
-0.09	0.0001	0.09288592
-0.09	0.000102	0.09409432
-0.09	0.000104	0.09789185
-0.09	0.000106	0.10148907
-0.09	0.000108	0.09050648
-0.09	0.00011	0.09427372
-0.09	0.000112	0.10561263
-0.09	0.000114	0.10315625
-0.09	0.000116	0.09885582
-0.09	0.000118	0.10246475
-0.09	0.00012	0.0933307
-0.08	-0.00012	0.1500742
-0.08	-0.000118	0.093971
-0.08	-0.000116	0.09222008
-0.08	-0.000114	0.09570555
-0.08	-0.000112	0.10658582
-0.08	-0.00011	0.10609928
-0.08	-0.000108	0.0947836
-0.08	-0.000106	0.10118642
-0.08	-0.000104	0.07409645
-0.08	-0.000102	0.10127262
-0.08	-0.0001	0.0870139
-0.08	-9.8e-05	0.09239707
-0.08	-9.6e-05	0.09367998
-0.08	-9.4e-05	0.08730035
-0.08	-9.2e-05	0.10144958
-0.08	-9e-05	0.08496505
-0.08	-8.8e-05	0.10702118
-0.08	-8.6e-05	0.09369153
-0.08	-8.4e-05	0.0925903
-0.08	-8.2e-05	0.11256265
-0.08	-8e-05	0.09158442
-0.08	-7.8e-05	0.10894218
-0.08	-7.6e-05	0.09444362
-0.08	-7.4e-05	0.0916962
-0.08	-7.2e-05	0.09188025
-0.08	-7e-05	0.0976288
-0.08	-6.8e-05	0.09797565
-0.08	-6.6e-05	0.09861138
-0.08	-6.4e-05	0.10217368
-0.08	-6.2e-05	0.09237142
-0.08	-6e-05	0.09288832
-0.08	-5.8e-05	0.0982505
-0.08	-5.6e-05	0.1049816
-0.08	-5.4e-05	0.0827508
-0.08	-5.2e-05	0.09772195
-0.08	-5e-05	0.105559
-0.08	-4.8e-05	0.0994007
-0.08	-4.6e-05	0.0975077
-0.08	-4.4e-05	0.09239005
-0.08	-4.2e-05	0.09886518
-0.08	-4e-05	0.10985018
-0.08	-3.8e-05	0.08993132
-0.08	-3.6e-05	0.1044764
-0.08	-3.4e-05	0.11839505
-0.08	-3.2e-05	0.08193123
-0.08	-3e-05	0.0989699
-0.08	-2.8e-05	0.1107908
-0.08	-2.6e-05	0.09934242
-0.08	-2.4e-05	0.1020619
-0.08	-2.2e-05	0.09801995
-0.08	-2e-05	0.08555633
-0.08	-1.8e-05	0.10713758
-0.08	-1.6e-05	0.08865528
-0.08	-1.4e-05	0.10258118
-0.08	-1.2e-05	0.1056289
-0.08	-1e-05	0.09428065
-0.08	-8e-06	0.0915379
-0.08	-6e-06	0.10205727
-0.08	-4e-06	0.10822967
-0.08	-2e-06	0.08569373
-0.08	-0.0	0.0720521
-0.08	2e-06	0.11477918
-0.08	4e-06	0.09565435
-0.08	6e-06	0.10289315
-0.08	8e-06	0.10911208
-0.08	1e-05	0.10539608
-0.08	1.2e-05	0.09607115
-0.08	1.4e-05	0.10814105
-0.08	1.6e-05	0.09958218
-0.08	1.8e-05	0.09370782
-0.08	2e-05	0.09904208
-0.08	2.2e-05	0.10445545
-0.08	2.4e-05	0.09914685
-0.08	2.6e-05	0.0965485
-0.08	2.8e-05	0.08591035
-0.08	3e-05	0.09913515
-0.08	3.2e-05	0.1050352
-0.08	3.4e-05	0.09923535
-0.08	3.6e-05	0.11515403
-0.08	3.8e-05	0.10027148
-0.08	4e-05	0.11341488
-0.08	4.2e-05	0.1156407
-0.08	4.4e-05	0.1018524
-0.08	4.6e-05	0.0891025
-0.08	4.8e-05	0.09285342
-0.08	5e-05	0.08800355
-0.08	5.2e-05	0.09940068
-0.08	5.4e-05	0.09181265
-0.08	5.6e-05	0.09556125
-0.08	5.8e-05	0.08589172
-0.08	6e-05	0.11105847
-0.08	6.2e-05	0.0903062
-0.08	6.4e-05	0.09667182
-0.08	6.6e-05	0.1001993
-0.08	6.8e-05	0.07971238
-0.08	7e-05	0.09289998
-0.08	7.2e-05	0.09843898
-0.08	7.4e-05	0.10796415
-0.08	7.6e-05	0.10475113
-0.08	7.8e-05	0.09602458
-0.08	8e-05	0.10232268
-0.08	8.2e-05	0.09402682
-0.08	8.4e-05	0.10370575
-0.08	8.6e-05	0.09140275
-0.08	8.8e-05	0.10240882
-0.08	9e-05	0.08338415
-0.08	9.2e-05	0.0967579
-0.08	9.4e-05	0.09819455
-0.08	9.6e-05	0.09206872
-0.08	9.8e-05	0.1011375
-0.08	0.0001	0.09541675
-0.08	0.000102	0.08960308
-0.08	0.000104	0.08732128
-0.08	0.000106	0.09749143
-0.08	0.000108	0.09095813
-0.08	0.00011	0.09731673
-0.08	0.000112	0.09275093
-0.08	0.000114	0.09748212
-0.08	0.000116	0.10692118
-0.08	0.000118	0.09148205
-0.08	0.00012	0.09391505
-0.07	-0.00012	0.1650896
-0.07	-0.000118	0.08276242
-0.07	-0.000116	0.0988698
-0.07	-0.000114	0.10380588
-0.07	-0.000112	0.0811396
-0.07	-0.00011	0.08123505
-0.07	-0.000108	0.1017965
-0.07	-0.000106	0.10954288
-0.07	-0.000104	0.08401048
-0.07	-0.000102	0.10132612
-0.07	-0.0001	0.10965225
-0.07	-9.8e-05	0.0880523
-0.07	-9.6e-05	0.09318637
-0.07	-9.4e-05	0.09861602
-0.07	-9.2e-05	0.09597098
-0.07	-9e-05	0.1019455
-0.07	-8.8e-05	0.100935
-0.07	-8.6e-05	0.10151703
-0.07	-8.4e-05	0.10686983
-0.07	-8.2e-05	0.1039362
-0.07	-8e-05	0.09310945
-0.07	-7.8e-05	0.08873692
-0.07	-7.6e-05	0.10198278
-0.07	-7.4e-05	0.09310485
-0.07	-7.2e-05	0.09656005
-0.07	-7e-05	0.0889767
-0.07	-6.8e-05	0.0930024
-0.07	-6.6e-05	0.09900255
-0.07	-6.4e-05	0.10903292
-0.07	-6.2e-05	0.10011308
-0.07	-6e-05	0.08772403
-0.07	-5.8e-05	0.08872758
-0.07	-5.6e-05	0.10056715
-0.07	-5.4e-05	0.09899543
-0.07	-5.2e-05	0.09535405
-0.07	-5e-05	0.09193602
-0.07	-4.8e-05	0.10921218
-0.07	-4.6e-05	0.09773825
-0.07	-4.4e-05	0.10225517
-0.07	-4.2e-05	0.10756375
-0.07	-4e-05	0.09829005
-0.07	-3.8e-05	0.1036335
-0.07	-3.6e-05	0.10513988
-0.07	-3.4e-05	0.09046688
-0.07	-3.2e-05	0.08782185
-0.07	-3e-05	0.09677898
-0.07	-2.8e-05	0.10083955
-0.07	-2.6e-05	0.10612488
-0.07	-2.4e-05	0.0853911
-0.07	-2.2e-05	0.09645068
-0.07	-2e-05	0.09679068
-0.07	-1.8e-05	0.09917013
-0.07	-1.6e-05	0.09459275
-0.07	-1.4e-05	0.1038711
-0.07	-1.2e-05	0.09990593
-0.07	-1e-05	0.0959431
-0.07	-8e-06	0.08585908
-0.07	-6e-06	0.09518168
-0.07	-4e-06	0.09773818
-0.07	-2e-06	0.10229475
-0.07	-0.0	0.10123305
-0.07	2e-06	0.109012
-0.07	4e-06	0.0973773
-0.07	6e-06	0.08903728
-0.07	8e-06	0.0920128
-0.07	1e-05	0.09481152
-0.07	1.2e-05	0.08341663
-0.07	1.4e-05	0.09750065
-0.07	1.6e-05	0.09523758
-0.07	1.8e-05	0.09445758
-0.07	2e-05	0.09693262
-0.07	2.2e-05	0.09557982
-0.07	2.4e-05	0.09772658
-0.07	2.6e-05	0.1004856
-0.07	2.8e-05	0.08150742
-0.07	3e-05	0.10705383
-0.07	3.2e-05	0.08922118
-0.07	3.4e-05	0.101268
-0.07	3.6e-05	0.11292585
-0.07	3.8e-05	0.09676493
-0.07	4e-05	0.1003762
-0.07	4.2e-05	0.08689742
-0.07	4.4e-05	0.086695
-0.07	4.6e-05	0.10579885
-0.07	4.8e-05	0.09018518
-0.07	5e-05	0.09844598
-0.07	5.2e-05	0.09529815
-0.07	5.4e-05	0.08422915
-0.07	5.6e-05	0.0805598
-0.07	5.8e-05	0.09491392
-0.07	6e-05	0.09946118
-0.07	6.2e-05	0.1008954
-0.07	6.4e-05	0.08695105
-0.07	6.6e-05	0.08723515
-0.07	6.8e-05	0.0947021
-0.07	7e-05	0.10167775
-0.07	7.2e-05	0.1013006
-0.07	7.4e-05	0.0935333
-0.07	7.6e-05	0.09442265
-0.07	7.8e-05	0.0923901
-0.07	8e-05	0.11050678
-0.07	8.2e-05	0.10066955
-0.07	8.4e-05	0.10118883
-0.07	8.6e-05	0.10839262
-0.07	8.8e-05	0.10190125
-0.07	9e-05	0.0911793
-0.07	9.2e-05	0.08833648
-0.07	9.4e-05	0.10170095
-0.07	9.6e-05	0.09350768
-0.07	9.8e-05	0.10563118
-0.07	0.0001	0.09387312
-0.07	0.000102	0.07523268
-0.07	0.000104	0.10512132
-0.07	0.000106	0.10966618
-0.07	0.000108	0.0985531
-0.07	0.00011	0.09740758
-0.07	0.000112	0.09789425
-0.07	0.000114	0.09895595
-0.07	0.000116	0.09775912
-0.07	0.000118	0.08947038
-0.07	0.00012	0.10415508
-0.06	-0.00012	0.04866883
-0.06	-0.000118	0.10225995
-0.06	-0.000116	0.08853198
-0.06	-0.000114	0.08357958
-0.06	-0.000112	0.09156585
-0.06	-0.00011	0.08784045
-0.06	-0.000108	0.08443188
-0.06	-0.000106	0.0961945
-0.06	-0.000104	0.0985997
-0.06	-0.000102	0.0980013
-0.06	-0.0001	0.09930515
-0.06	-9.8e-05	0.08927472
-0.06	-9.6e-05	0.09025725
-0.06	-9.4e-05	0.09830635
-0.06	-9.2e-05	0.0876356
-0.06	-9e-05	0.09442262
-0.06	-8.8e-05	0.09136322
-0.06	-8.6e-05	0.0809091
-0.06	-8.4e-05	0.09099772
-0.06	-8.2e-05	0.09542852
-0.06	-8e-05	0.0845808
-0.06	-7.8e-05	0.10056005
-0.06	-7.6e-05	0.10511208
-0.06	-7.4e-05	0.08654825
-0.06	-7.2e-05	0.09791282
-0.06	-7e-05	0.09287428
-0.06	-6.8e-05	0.09195692
-0.06	-6.6e-05	0.10161952
-0.06	-6.4e-05	0.0838381
-0.06	-6.2e-05	0.08817575
-0.06	-6e-05	0.10124
-0.06	-5.8e-05	0.0879685
-0.06	-5.6e-05	0.09834365
-0.06	-5.4e-05	0.10489545
-0.06	-5.2e-05	0.09984535
-0.06	-5e-05	0.08790572
-0.06	-4.8e-05	0.09175675
-0.06	-4.6e-05	0.0911723
-0.06	-4.4e-05	0.09732148
-0.06	-4.2e-05	0.10147985
-0.06	-4e-05	0.09866025
-0.06	-3.8e-05	0.0936962
-0.06	-3.6e-05	0.10473022
-0.06	-3.4e-05	0.0841035
-0.06	-3.2e-05	0.10054382
-0.06	-3e-05	0.11786655
-0.06	-2.8e-05	0.09569628
-0.06	-2.6e-05	0.10256948
-0.06	-2.4e-05	0.0963063
-0.06	-2.2e-05	0.09469045
-0.06	-2e-05	0.07875778
-0.06	-1.8e-05	0.09639472
-0.06	-1.6e-05	0.10254385
-0.06	-1.4e-05	0.0916753
-0.06	-1.2e-05	0.088227
-0.06	-1e-05	0.0874587
-0.06	-8e-06	0.08294865
-0.06	-6e-06	0.0903155
-0.06	-4e-06	0.10640198
-0.06	-2e-06	0.0917707
-0.06	-0.0	0.0920478
-0.06	2e-06	0.09510485
-0.06	4e-06	0.09789188
-0.06	6e-06	0.09356582
-0.06	8e-06	0.10185705
-0.06	1e-05	0.10592925
-0.06	1.2e-05	0.09230625
-0.06	1.4e-05	0.1066441
-0.06	1.6e-05	0.09893955
-0.06	1.8e-05	0.09354958
-0.06	2e-05	0.09208045
-0.06	2.2e-05	0.10441825
-0.06	2.4e-05	0.09123993
-0.06	2.6e-05	0.09464857
-0.06	2.8e-05	0.0984787
-0.06	3e-05	0.090681
-0.06	3.2e-05	0.09448785
-0.06	3.4e-05	0.09395002
-0.06	3.6e-05	0.10029002
-0.06	3.8e-05	0.08653897
-0.06	4e-05	0.0922526
-0.06	4.2e-05	0.08957742
-0.06	4.4e-05	0.09870672
-0.06	4.6e-05	0.09808748
-0.06	4.8e-05	0.09650888
-0.06	5e-05	0.09410602
-0.06	5.2e-05	0.10203403
-0.06	5.4e-05	0.09052727
-0.06	5.6e-05	0.09834593
-0.06	5.8e-05	0.0940805
-0.06	6e-05	0.0928068
-0.06	6.2e-05	0.08519318
-0.06	6.4e-05	0.08723512
-0.06	6.6e-05	0.09117928
-0.06	6.8e-05	0.10235525
-0.06	7e-05	0.103431
-0.06	7.2e-05	0.1005276
-0.06	7.4e-05	0.09447625
-0.06	7.6e-05	0.09367758
-0.06	7.8e-05	0.09858573
-0.06	8e-05	0.09648558
-0.06	8.2e-05	0.08948895
-0.06	8.4e-05	0.08843885
-0.06	8.6e-05	0.09909552
-0.06	8.8e-05	0.08888128
-0.06	9e-05	0.0884249
-0.06	9.2e-05	0.09350998
-0.06	9.4e-05	0.09558683
-0.06	9.6e-05	0.0994076
-0.06	9.8e-05	0.09000818
-0.06	0.0001	0.0895914
-0.06	0.000102	0.10546125
-0.06	0.000104	0.08747028
-0.06	0.000106	0.0852211
-0.06	0.000108	0.0848323
-0.06	0.00011	0.10658588
-0.06	0.000112	0.09420145
-0.06	0.000114	0.09198022
-0.06	0.000116	0.09704428
-0.06	0.000118	0.08064365
-0.06	0.00012	0.08004983
-0.05	-0.00012	0.0003562
-0.05	-0.000118	0.07937005
-0.05	-0.000116	0.0941503
-0.05	-0.000114	0.09757518
-0.05	-0.000112	0.09111875
-0.05	-0.00011	0.09634588
-0.05	-0.000108	0.07693928
-0.05	-0.000106	0.10366385
-0.05	-0.000104	0.10217602
-0.05	-0.000102	0.08974972
-0.05	-0.0001	0.07534905
-0.05	-9.8e-05	0.08414775
-0.05	-9.6e-05	0.10022955
-0.05	-9.4e-05	0.09211062
-0.05	-9.2e-05	0.09137718
-0.05	-9e-05	0.09409445
-0.05	-8.8e-05	0.0904273
-0.05	-8.6e-05	0.10041815
-0.05	-8.4e-05	0.10098625
-0.05	-8.2e-05	0.0917591
-0.05	-8e-05	0.09004078
-0.05	-7.8e-05	0.09567768
-0.05	-7.6e-05	0.09479515
-0.05	-7.4e-05	0.08675777
-0.05	-7.2e-05	0.09605712
-0.05	-7e-05	0.0920245
-0.05	-6.8e-05	0.09219918
-0.05	-6.6e-05	0.09618525
-0.05	-6.4e-05	0.07798702
-0.05	-6.2e-05	0.08775203
-0.05	-6e-05	0.08935858
-0.05	-5.8e-05	0.09296518
-0.05	-5.6e-05	0.10979428
-0.05	-5.4e-05	0.09322135
-0.05	-5.2e-05	0.09774528
-0.05	-5e-05	0.1036056
-0.05	-4.8e-05	0.10440658
-0.05	-4.6e-05	0.09638315
-0.05	-4.4e-05	0.10135873
-0.05	-4.2e-05	0.08498358
-0.05	-4e-05	0.0971538
-0.05	-3.8e-05	0.09627603
-0.05	-3.6e-05	0.09520033
-0.05	-3.4e-05	0.09727948
-0.05	-3.2e-05	0.09396863
-0.05	-3e-05	0.09739362
-0.05	-2.8e-05	0.08398945
-0.05	-2.6e-05	0.09019912
-0.05	-2.4e-05	0.09872543
-0.05	-2.2e-05	0.09598498
-0.05	-2e-05	0.09160543
-0.05	-1.8e-05	0.09513282
-0.05	-1.6e-05	0.10295133
-0.05	-1.4e-05	0.09277185
-0.05	-1.2e-05	0.10280235
-0.05	-1e-05	0.10167065
-0.05	-8e-06	0.09177072
-0.05	-6e-06	0.09331673
-0.05	-4e-06	0.0915518
-0.05	-2e-06	0.07461098
-0.05	-0.0	0.06256427
-0.05	2e-06	0.06817782
-0.05	4e-06	0.0904506
-0.05	6e-06	0.08694872
-0.05	8e-06	0.0949721
-0.05	1e-05	0.10057645
-0.05	1.2e-05	0.086844
-0.05	1.4e-05	0.07949575
-0.05	1.6e-05	0.090404
-0.05	1.8e-05	0.09976618
-0.05	2e-05	0.1028163
-0.05	2.2e-05	0.09157977
-0.05	2.4e-05	0.10554975
-0.05	2.6e-05	0.09406875
-0.05	2.8e-05	0.09901178
-0.05	3e-05	0.09626903
-0.05	3.2e-05	0.0949349
-0.05	3.4e-05	0.09942852
-0.05	3.6e-05	0.0952748
-0.05	3.8e-05	0.09664152
-0.05	4e-05	0.08585912
-0.05	4.2e-05	0.10346832
-0.05	4.4e-05	0.10818535
-0.05	4.6e-05	0.09581745
-0.05	4.8e-05	0.08938182
-0.05	5e-05	0.09528885
-0.05	5.2e-05	0.10831808
-0.05	5.4e-05	0.10495602
-0.05	5.6e-05	0.0912073
-0.05	5.8e-05	0.09343778
-0.05	6e-05	0.0969443
-0.05	6.2e-05	0.08438983
-0.05	6.4e-05	0.09764975
-0.05	6.6e-05	0.0961131
-0.05	6.8e-05	0.09843903
-0.05	7e-05	0.09762878
-0.05	7.2e-05	0.10071142
-0.05	7.4e-05	0.10089318
-0.05	7.6e-05	0.09991525
-0.05	7.8e-05	0.09409208
-0.05	8e-05	0.10254152
-0.05	8.2e-05	0.09700243
-0.05	8.4e-05	0.08965665
-0.05	8.6e-05	0.07752608
-0.05	8.8e-05	0.08995695
-0.05	9e-05	0.0878638
-0.05	9.2e-05	0.0953633
-0.05	9.4e-05	0.08532125
-0.05	9.6e-05	0.08724445
-0.05	9.8e-05	0.09877662
-0.05	0.0001	0.08966128
-0.05	0.000102	0.09618748
-0.05	0.000104	0.09778008
-0.05	0.000106	0.09447858
-0.05	0.000108	0.09162865
-0.05	0.00011	0.09661358
-0.05	0.000112	0.10015273
-0.05	0.000114	0.08910948
-0.05	0.000116	0.08767752
-0.05	0.000118	0.08753785
-0.05	0.00012	0.10373128
-0.04	-0.00012	-0.00078
-0.04	-0.000118	0.09551702
-0.04	-0.000116	0.0913516
-0.04	-0.000114	0.0923691
-0.04	-0.000112	0.09276955
-0.04	-0.00011	0.0934261
-0.04	-0.000108	0.08405928
-0.04	-0.000106	0.09383362
-0.04	-0.000104	0.08117912
-0.04	-0.000102	0.0856076
-0.04	-0.0001	0.09266013
-0.04	-9.8e-05	0.08978465
-0.04	-9.6e-05	0.0961573
-0.04	-9.4e-05	0.09430623
-0.04	-9.2e-05	0.0883504
-0.04	-9e-05	0.08952858
-0.04	-8.8e-05	0.0877916
-0.04	-8.6e-05	0.09361473
-0.04	-8.4e-05	0.09443665
-0.04	-8.2e-05	0.09828073
-0.04	-8e-05	0.09839478
-0.04	-7.8e-05	0.0841454
-0.04	-7.6e-05	0.08934692
-0.04	-7.4e-05	0.10982218
-0.04	-7.2e-05	0.09289528
-0.04	-7e-05	0.09357055
-0.04	-6.8e-05	0.10085117
-0.04	-6.6e-05	0.0984159
-0.04	-6.4e-05	0.09591048
-0.04	-6.2e-05	0.09278585
-0.04	-6e-05	0.09051108
-0.04	-5.8e-05	0.09431092
-0.04	-5.6e-05	0.0971677
-0.04	-5.4e-05	0.09008045
-0.04	-5.2e-05	0.08849713
-0.04	-5e-05	0.105601
-0.04	-4.8e-05	0.08127685
-0.04	-4.6e-05	0.08492078
-0.04	-4.4e-05	0.0894168
-0.04	-4.2e-05	0.08784282
-0.04	-4e-05	0.0908859
-0.04	-3.8e-05	0.10035762
-0.04	-3.6e-05	0.097389
-0.04	-3.4e-05	0.09770798
-0.04	-3.2e-05	0.10182908
-0.04	-3e-05	0.09801057
-0.04	-2.8e-05	0.0845971
-0.04	-2.6e-05	0.09119558
-0.04	-2.4e-05	0.09700018
-0.04	-2.2e-05	0.10163818
-0.04	-2e-05	0.0841337
-0.04	-1.8e-05	0.09616425
-0.04	-1.6e-05	0.09805725
-0.04	-1.4e-05	0.09666483
-0.04	-1.2e-05	0.08595682
-0.04	-1e-05	0.1018291
-0.04	-8e-06	0.08554942
-0.04	-6e-06	0.09266242
-0.04	-4e-06	0.08430142
-0.04	-2e-06	0.08219658
-0.04	-0.0	0.07204748
-0.04	2e-06	0.07240377
-0.04	4e-06	0.07005448
-0.04	6e-06	0.0826274
-0.04	8e-06	0.0847671
-0.04	1e-05	0.09729583
-0.04	1.2e-05	0.10438795
-0.04	1.4e-05	0.0950211
-0.04	1.6e-05	0.1110027
-0.04	1.8e-05	0.1021155
-0.04	2e-05	0.10376158
-0.04	2.2e-05	0.1010188
-0.04	2.4e-05	0.08961703
-0.04	2.6e-05	0.10216203
-0.04	2.8e-05	0.09441807
-0.04	3e-05	0.09993613
-0.04	3.2e-05	0.090865
-0.04	3.4e-05	0.10301875
-0.04	3.6e-05	0.08853435
-0.04	3.8e-05	0.08617578
-0.04	4e-05	0.09975227
-0.04	4.2e-05	0.09962415
-0.04	4.4e-05	0.09032705
-0.04	4.6e-05	0.07786598
-0.04	4.8e-05	0.09342842
-0.04	5e-05	0.10726572
-0.04	5.2e-05	0.09524458
-0.04	5.4e-05	0.0938709
-0.04	5.6e-05	0.100942
-0.04	5.8e-05	0.08976595
-0.04	6e-05	0.09993137
-0.04	6.2e-05	0.10458345
-0.04	6.4e-05	0.09064385
-0.04	6.6e-05	0.09321895
-0.04	6.8e-05	0.09955663
-0.04	7e-05	0.07519305
-0.04	7.2e-05	0.08418505
-0.04	7.4e-05	0.08201035
-0.04	7.6e-05	0.09352155
-0.04	7.8e-05	0.08088115
-0.04	8e-05	0.09530512
-0.04	8.2e-05	0.08761002
-0.04	8.4e-05	0.09140762
-0.04	8.6e-05	0.09703735
-0.04	8.8e-05	0.10039258
-0.04	9e-05	0.0904831
-0.04	9.2e-05	0.08035723
-0.04	9.4e-05	0.09087662
-0.04	9.6e-05	0.09846933
-0.04	9.8e-05	0.09552162
-0.04	0.0001	0.08126068
-0.04	0.000102	0.09654848
-0.04	0.000104	0.09634122
-0.04	0.000106	0.08550288
-0.04	0.000108	0.095056
-0.04	0.00011	0.10265568
-0.04	0.000112	0.09892098
-0.04	0.000114	0.0930629
-0.04	0.000116	0.09748908
-0.04	0.000118	0.0993075
-0.04	0.00012	0.09610603
-0.03	-0.00012	-0.00564155
-0.03	-0.000118	0.0897148
-0.03	-0.000116	0.09064615
-0.03	-0.000114	0.0908767
-0.03	-0.000112	0.08797788
-0.03	-0.00011	0.09008268
-0.03	-0.000108	0.09304672
-0.03	-0.000106	0.10148913
-0.03	-0.000104	0.08336313
-0.03	-0.000102	0.09316543
-0.03	-0.0001	0.10253928
-0.03	-9.8e-05	0.08814085
-0.03	-9.6e-05	0.09326552
-0.03	-9.4e-05	0.0937405
-0.03	-9.2e-05	0.0828369
-0.03	-9e-05	0.09162635
-0.03	-8.8e-05	0.08373802
-0.03	-8.6e-05	0.08350978
-0.03	-8.4e-05	0.09396628
-0.03	-8.2e-05	0.0850419
-0.03	-8e-05	0.09269968
-0.03	-7.8e-05	0.09426898
-0.03	-7.6e-05	0.08572632
-0.03	-7.4e-05	0.10700735
-0.03	-7.2e-05	0.09242498
-0.03	-7e-05	0.09364268
-0.03	-6.8e-05	0.09058565
-0.03	-6.6e-05	0.10147758
-0.03	-6.4e-05	0.0946881
-0.03	-6.2e-05	0.08767288
-0.03	-6e-05	0.09097675
-0.03	-5.8e-05	0.0993704
-0.03	-5.6e-05	0.1012121
-0.03	-5.4e-05	0.09420152
-0.03	-5.2e-05	0.1047489
-0.03	-5e-05	0.1102855
-0.03	-4.8e-05	0.0993494
-0.03	-4.6e-05	0.09735173
-0.03	-4.4e-05	0.089177
-0.03	-4.2e-05	0.1069957
-0.03	-4e-05	0.10944733
-0.03	-3.8e-05	0.10489555
-0.03	-3.6e-05	0.10637862
-0.03	-3.4e-05	0.10249498
-0.03	-3.2e-05	0.13063507
-0.03	-3e-05	0.1109538
-0.03	-2.8e-05	0.11840208
-0.03	-2.6e-05	0.11803418
-0.03	-2.4e-05	0.1148095
-0.03	-2.2e-05	0.1130725
-0.03	-2e-05	0.11357783
-0.03	-1.8e-05	0.08761928
-0.03	-1.6e-05	0.08489283
-0.03	-1.4e-05	0.07464818
-0.03	-1.2e-05	0.0744829
-0.03	-1e-05	0.05623592
-0.03	-8e-06	0.0534326
-0.03	-6e-06	0.03243582
-0.03	-4e-06	0.030019
-0.03	-2e-06	0.03319952
-0.03	-0.0	0.02167428
-0.03	2e-06	0.03159528
-0.03	4e-06	0.03743471
-0.03	6e-06	0.03675014
-0.03	8e-06	0.05865968
-0.03	1e-05	0.07511625
-0.03	1.2e-05	0.08213373
-0.03	1.4e-05	0.08960535
-0.03	1.6e-05	0.1092681
-0.03	1.8e-05	0.1117385
-0.03	2e-05	0.11086532
-0.03	2.2e-05	0.10224115
-0.03	2.4e-05	0.10738445
-0.03	2.6e-05	0.11237175
-0.03	2.8e-05	0.1160272
-0.03	3e-05	0.105275
-0.03	3.2e-05	0.101899
-0.03	3.4e-05	0.1043739
-0.03	3.6e-05	0.08873925
-0.03	3.8e-05	0.08725145
-0.03	4e-05	0.08512095
-0.03	4.2e-05	0.08957975
-0.03	4.4e-05	0.0998686
-0.03	4.6e-05	0.08570778
-0.03	4.8e-05	0.0869395
-0.03	5e-05	0.10395018
-0.03	5.2e-05	0.1014287
-0.03	5.4e-05	0.08712565
-0.03	5.6e-05	0.09065545
-0.03	5.8e-05	0.08667403
-0.03	6e-05	0.08785452
-0.03	6.2e-05	0.09718178
-0.03	6.4e-05	0.0940268
-0.03	6.6e-05	0.10626222
-0.03	6.8e-05	0.09269975
-0.03	7e-05	0.0861292
-0.03	7.2e-05	0.08215238
-0.03	7.4e-05	0.09787555
-0.03	7.6e-05	0.08891148
-0.03	7.8e-05	0.09966148
-0.03	8e-05	0.08320015
-0.03	8.2e-05	0.0943807
-0.03	8.4e-05	0.0867974
-0.03	8.6e-05	0.09220372
-0.03	8.8e-05	0.09405942
-0.03	9e-05	0.08315827
-0.03	9.2e-05	0.08107443
-0.03	9.4e-05	0.09257395
-0.03	9.6e-05	0.10228545
-0.03	9.8e-05	0.08940045
-0.03	0.0001	0.098169
-0.03	0.000102	0.0992703
-0.03	0.000104	0.09009198
-0.03	0.000106	0.08963803
-0.03	0.000108	0.09317705
-0.03	0.00011	0.08831785
-0.03	0.000112	0.08260417
-0.03	0.000114	0.09445295
-0.03	0.000116	0.086532
-0.03	0.000118	0.08714435
-0.03	0.00012	0.0904436
-0.02	-0.00012	0.0001211
-0.02	-0.000118	0.08812223
-0.02	-0.000116	0.09371955
-0.02	-0.000114	0.08625725
-0.02	-0.000112	0.0909465
-0.02	-0.00011	0.09177293
-0.02	-0.000108	0.09518403
-0.02	-0.000106	0.09485108
-0.02	-0.000104	0.08234332
-0.02	-0.000102	0.0895261
-0.02	-0.0001	0.09785235
-0.02	-9.8e-05	0.0905088
-0.02	-9.6e-05	0.0960339
-0.02	-9.4e-05	0.09957065
-0.02	-9.2e-05	0.09737265
-0.02	-9e-05	0.09584995
-0.02	-8.8e-05	0.1045323
-0.02	-8.6e-05	0.09378932
-0.02	-8.4e-05	0.0957801
-0.02	-8.2e-05	0.0967068
-0.02	-8e-05	0.09291628
-0.02	-7.8e-05	0.10678143
-0.02	-7.6e-05	0.09954495
-0.02	-7.4e-05	0.09408505
-0.02	-7.2e-05	0.1106977
-0.02	-7e-05	0.09886515
-0.02	-6.8e-05	0.11185485
-0.02	-6.6e-05	0.11455105
-0.02	-6.4e-05	0.10481165
-0.02	-6.2e-05	0.11130308
-0.02	-6e-05	0.115678
-0.02	-5.8e-05	0.11651382
-0.02	-5.6e-05	0.10673015
-0.02	-5.4e-05	0.1609172
-0.02	-5.2e-05	0.21314375
-0.02	-5e-05	0.20481555
-0.02	-4.8e-05	0.15808577
-0.02	-4.6e-05	0.13884463
-0.02	-4.4e-05	0.1070305
-0.02	-4.2e-05	0.07391715
-0.02	-4e-05	0.05834303
-0.02	-3.8e-05	0.03893884
-0.02	-3.6e-05	0.02909704
-0.02	-3.4e-05	0.00956705
-0.02	-3.2e-05	0.01284298
-0.02	-3e-05	0.00676611
-0.02	-2.8e-05	0.01298037
-0.02	-2.6e-05	0.02280588
-0.02	-2.4e-05	0.00731559
-0.02	-2.2e-05	0.0028126
-0.02	-2e-05	-0.00449596
-0.02	-1.8e-05	-0.00185565
-0.02	-1.6e-05	-0.00319214
-0.02	-1.4e-05	0.00152505
-0.02	-1.2e-05	0.01525981
-0.02	-1e-05	-0.0092737
-0.02	-8e-06	-0.00852165
-0.02	-6e-06	0.00487784
-0.02	-4e-06	0.00659378
-0.02	-2e-06	-0.00247034
-0.02	-0.0	-0.00497098
-0.02	2e-06	-0.00949955
-0.02	4e-06	0.00637261
-0.02	6e-06	-0.00263102
-0.02	8e-06	0.00385803
-0.02	1e-05	0.00128288
-0.02	1.2e-05	0.00605831
-0.02	1.4e-05	-0.01252869
-0.02	1.6e-05	-0.00488947
-0.02	1.8e-05	0.00498027
-0.02	2e-05	-0.00100817
-0.02	2.2e-05	-0.00536444
-0.02	2.4e-05	-0.0085589
-0.02	2.6e-05	-0.00404195
-0.02	2.8e-05	-0.00195579
-0.02	3e-05	-0.00272646
-0.02	3.2e-05	0.00030035
-0.02	3.4e-05	0.01828198
-0.02	3.6e-05	0.01422139
-0.02	3.8e-05	0.02638215
-0.02	4e-05	0.05163514
-0.02	4.2e-05	0.0693048
-0.02	4.4e-05	0.09562405
-0.02	4.6e-05	0.12533348
-0.02	4.8e-05	0.15365038
-0.02	5e-05	0.1976046
-0.02	5.2e-05	0.2219262
-0.02	5.4e-05	0.22994732
-0.02	5.6e-05	0.23167023
-0.02	5.8e-05	0.22128365
-0.02	6e-05	0.2159007
-0.02	6.2e-05	0.19013292
-0.02	6.4e-05	0.1766519
-0.02	6.6e-05	0.14503092
-0.02	6.8e-05	0.1181063
-0.02	7e-05	0.12487013
-0.02	7.2e-05	0.1283393
-0.02	7.4e-05	0.11185015
-0.02	7.6e-05	0.1091936
-0.02	7.8e-05	0.11901905
-0.02	8e-05	0.10887225
-0.02	8.2e-05	0.12538935
-0.02	8.4e-05	0.1144788
-0.02	8.6e-05	0.10618305
-0.02	8.8e-05	0.0942294
-0.02	9e-05	0.09982675
-0.02	9.2e-05	0.10227148
-0.02	9.4e-05	0.0943249
-0.02	9.6e-05	0.08418738
-0.02	9.8e-05	0.0946788
-0.02	0.0001	0.10045068
-0.02	0.000102	0.091319
-0.02	0.000104	0.10163588
-0.02	0.000106	0.09327715
-0.02	0.000108	0.1067349
-0.02	0.00011	0.09031548
-0.02	0.000112	0.0925879
-0.02	0.000114	0.0857682
-0.02	0.000116	0.09493728
-0.02	0.000118	0.08967062
-0.02	0.00012	0.08754942
-0.01	-0.00012	-0.00740871
-0.01	-0.000118	0.00423986
-0.01	-0.000116	0.00630743
-0.01	-0.000114	0.00638193
-0.01	-0.000112	-0.00071479
-0.01	-0.00011	-0.00261005
-0.01	-0.000108	-0.00840523
-0.01	-0.000106	0.00140863
-0.01	-0.000104	-0.00740871
-0.01	-0.000102	0.00054948
-0.01	-0.0001	0.00077067
-0.01	-9.8e-05	-0.00223984
-0.01	-9.6e-05	-0.00119908
-0.01	-9.4e-05	-0.00978826
-0.01	-9.2e-05	-0.00395812
-0.01	-9e-05	-0.01059853
-0.01	-8.8e-05	-0.00851467
-0.01	-8.6e-05	0.0039046
-0.01	-8.4e-05	0.00874516
-0.01	-8.2e-05	-0.00212343
-0.01	-8e-05	-0.01301531
-0.01	-7.8e-05	-0.00659845
-0.01	-7.6e-05	-0.00716192
-0.01	-7.4e-05	-0.00811187
-0.01	-7.2e-05	-0.01192335
-0.01	-7e-05	-0.00986975
-0.01	-6.8e-05	-9.313e-05
-0.01	-6.6e-05	0.00053784
-0.01	-6.4e-05	-0.01215149
-0.01	-6.2e-05	-0.00781385
-0.01	-6e-05	-0.01185581
-0.01	-5.8e-05	0.0046473
-0.01	-5.6e-05	-0.01042389
-0.01	-5.4e-05	0.00554372
-0.01	-5.2e-05	0.00908277
-0.01	-5e-05	0.00169502
-0.01	-4.8e-05	-0.00599075
-0.01	-4.6e-05	-0.00112689
-0.01	-4.4e-05	-0.00341099
-0.01	-4.2e-05	-0.00240749
-0.01	-4e-05	0.00134345
-0.01	-3.8e-05	0.00197207
-0.01	-3.6e-05	-0.00034923
-0.01	-3.4e-05	0.00070085
-0.01	-3.2e-05	-0.00514792
-0.01	-3e-05	-0.01075217
-0.01	-2.8e-05	-0.00785109
-0.01	-2.6e-05	0.00159956
-0.01	-2.4e-05	-0.0030268
-0.01	-2.2e-05	0.00269154
-0.01	-2e-05	0.00536676
-0.01	-1.8e-05	0.00415139
-0.01	-1.6e-05	0.00454954
-0.01	-1.4e-05	-0.00558798
-0.01	-1.2e-05	-0.00414441
-0.01	-1e-05	0.00541101
-0.01	-8e-06	-0.00223752
-0.01	-6e-06	0.01444955
-0.01	-4e-06	-0.00993027
-0.01	-2e-06	-0.01011423
-0.01	-0.0	-0.00586273
-0.01	2e-06	-0.01899908
-0.01	4e-06	-0.00097557
-0.01	6e-06	-0.00361822
-0.01	8e-06	-0.0060117
