Initial Temperature (K)	0.0249733
Excitation Current (A)	7.092597402597402e-13
Axis 1,2	y,z
Angle	14
Field (T)	Current (A)	Resistance (Ohms)
-0.9	-0.0002	0.08135148
-0.9	-0.000195	0.13244415
-0.9	-0.00019	0.11589435
-0.9	-0.000185	0.08912805
-0.9	-0.00018	0.098581
-0.9	-0.000175	0.13455815
-0.9	-0.00017	0.10646005
-0.9	-0.000165	0.1110516
-0.9	-0.00016	0.1078385
-0.9	-0.000155	0.12759195
-0.9	-0.00015	0.1507819
-0.9	-0.000145	0.1039362
-0.9	-0.00014	0.08362385
-0.9	-0.000135	0.1013006
-0.9	-0.00013	0.1018966
-0.9	-0.000125	0.1262415
-0.9	-0.00012	0.1184276
-0.9	-0.000115	0.1078757
-0.9	-0.00011	0.10559395
-0.9	-0.000105	0.1083228
-0.9	-0.0001	0.09889775
-0.9	-9.5e-05	0.07646205
-0.9	-9e-05	0.07878095
-0.9	-8.5e-05	0.1154568
-0.9	-8e-05	0.1021667
-0.9	-7.5e-05	0.08124905
-0.9	-7e-05	0.08061575
-0.9	-6.5e-05	0.1222367
-0.9	-6e-05	0.0880291
-0.9	-5.5e-05	0.0707436
-0.9	-5e-05	0.0826088
-0.9	-4.5e-05	0.1071306
-0.9	-4e-05	0.11123775
-0.9	-3.5e-05	0.1121411
-0.9	-3e-05	0.09506995
-0.9	-2.5e-05	0.0972027
-0.9	-2e-05	0.1358527
-0.9	-1.5e-05	0.1354243
-0.9	-1e-05	0.1330308
-0.9	-5e-06	0.06344205
-0.9	0.0	0.1027721
-0.9	5e-06	0.1093099
-0.9	1e-05	0.09257395
-0.9	1.5e-05	0.09392445
-0.9	2e-05	0.12127745
-0.9	2.5e-05	0.0953494
-0.9	3e-05	0.10102105
-0.9	3.5e-05	0.09524695
-0.9	4e-05	0.0894354
-0.9	4.5e-05	0.1098967
-0.9	5e-05	0.10534255
-0.9	5.5e-05	0.11192705
-0.9	6e-05	0.07980545
-0.9	6.5e-05	0.11209465
-0.9	7e-05	0.11069765
-0.9	7.5e-05	0.10587335
-0.9	8e-05	0.0811932
-0.9	8.5e-05	0.09330975
-0.9	9e-05	0.12492825
-0.9	9.5e-05	0.10842515
-0.9	0.0001	0.0990933
-0.9	0.000105	0.0709951
-0.9	0.00011	0.13060945
-0.9	0.000115	0.11247645
-0.9	0.00012	0.11392934
-0.9	0.000125	0.0856915
-0.9	0.00013	0.0999315
-0.9	0.000135	0.1043367
-0.9	0.00014	0.11685365
-0.9	0.000145	0.08232005
-0.9	0.00015	0.07755165
-0.9	0.000155	0.07172165
-0.9	0.00016	0.10190595
-0.9	0.000165	0.1419622
-0.9	0.00017	0.09420375
-0.9	0.000175	0.09874865
-0.9	0.00018	0.1097663
-0.9	0.000185	0.1095335
-0.9	0.00019	0.11634145
-0.9	0.000195	0.0959734
-0.9	0.0002	0.09535865
-0.85	0.0002	0.086511
-0.85	0.000195	0.10449505
-0.85	0.00019	0.12259995
-0.85	0.000185	0.10255795
-0.85	0.00018	0.11153585
-0.85	0.000175	0.09301175
-0.85	0.00017	0.12810415
-0.85	0.000165	0.08696735
-0.85	0.00016	0.0953958
-0.85	0.000155	0.1131004
-0.85	0.00015	0.10902125
-0.85	0.000145	0.0892957
-0.85	0.00014	0.07264355
-0.85	0.000135	0.0900688
-0.85	0.00013	0.10841575
-0.85	0.000125	0.09208046
-0.85	0.00012	0.11229955
-0.85	0.000115	0.077114
-0.85	0.00011	0.08629675
-0.85	0.000105	0.1250121
-0.85	0.0001	0.0825901
-0.85	9.5e-05	0.09869285
-0.85	9e-05	0.099438
-0.85	8.5e-05	0.0994099
-0.85	8e-05	0.0879267
-0.85	7.5e-05	0.08988245
-0.85	7e-05	0.093049
-0.85	6.5e-05	0.10743805
-0.85	6e-05	0.07012895
-0.85	5.5e-05	0.0747669
-0.85	5e-05	0.0958056
-0.85	4.5e-05	0.06199845
-0.85	4e-05	0.06993335
-0.85	3.5e-05	0.10164515
-0.85	3e-05	0.0944832
-0.85	2.5e-05	0.0870792
-0.85	2e-05	0.08861585
-0.85	1.5e-05	0.0893888
-0.85	1e-05	0.1045508
-0.85	5e-06	0.08794525
-0.85	0.0	0.097212
-0.85	-5e-06	0.1080433
-0.85	-1e-05	0.08820605
-0.85	-1.5e-05	0.0955449
-0.85	-2e-05	0.09654145
-0.85	-2.5e-05	0.110707
-0.85	-3e-05	0.0852724
-0.85	-3.5e-05	0.0780825
-0.85	-4e-05	0.0907207
-0.85	-4.5e-05	0.0964669
-0.85	-5e-05	0.1224975
-0.85	-5.5e-05	0.0798985
-0.85	-6e-05	0.0843318
-0.85	-6.5e-05	0.09947515
-0.85	-7e-05	0.14810905
-0.85	-7.5e-05	0.09076715
-0.85	-8e-05	0.0731372
-0.85	-8.5e-05	0.0971934
-0.85	-9e-05	0.09781745
-0.85	-9.5e-05	0.079433
-0.85	-0.0001	0.0924157
-0.85	-0.000105	0.1352288
-0.85	-0.00011	0.11907025
-0.85	-0.000115	0.13914965
-0.85	-0.00012	0.099382
-0.85	-0.000125	0.112048
-0.85	-0.00013	0.09415725
-0.85	-0.000135	0.1000992
-0.85	-0.00014	0.0957591
-0.85	-0.000145	0.1196383
-0.85	-0.00015	0.10711195
-0.85	-0.000155	0.07987065
-0.85	-0.00016	0.09927025
-0.85	-0.000165	0.1164905
-0.85	-0.00017	0.0991585
-0.85	-0.000175	0.0923411
-0.85	-0.00018	0.10293975
-0.85	-0.000185	0.0797217
-0.85	-0.00019	0.10267885
-0.85	-0.000195	0.0730906
-0.85	-0.0002	0.09164265
-0.8	-0.0002	0.11399455
-0.8	-0.000195	0.11358475
-0.8	-0.00019	0.0900873
-0.8	-0.000185	0.118083
-0.8	-0.00018	0.09303045
-0.8	-0.000175	0.03870598
-0.8	-0.00017	0.08710715
-0.8	-0.000165	0.1153636
-0.8	-0.00016	0.09286275
-0.8	-0.000155	0.08491855
-0.8	-0.00015	0.1019991
-0.8	-0.000145	0.1179806
-0.8	-0.00014	0.0782222
-0.8	-0.000135	0.07425471
-0.8	-0.00013	0.0872468
-0.8	-0.000125	0.1220224
-0.8	-0.00012	0.05870155
-0.8	-0.000115	0.12202265
-0.8	-0.00011	0.0908976
-0.8	-0.000105	0.10232505
-0.8	-0.0001	0.0800663
-0.8	-9.5e-05	0.0805506
-0.8	-9e-05	0.10394545
-0.8	-8.5e-05	0.08891391
-0.8	-8e-05	0.10014565
-0.8	-7.5e-05	0.0997545
-0.8	-7e-05	0.08882075
-0.8	-6.5e-05	0.0982551
-0.8	-6e-05	0.1035637
-0.8	-5.5e-05	0.05627075
-0.8	-5e-05	0.07160054
-0.8	-4.5e-05	0.1080993
-0.8	-4e-05	0.08015
-0.8	-3.5e-05	0.0958709
-0.8	-3e-05	0.0624827
-0.8	-2.5e-05	0.1048116
-0.8	-2e-05	0.1244906
-0.8	-1.5e-05	0.0833445
-0.8	-1e-05	0.05967955
-0.8	-5e-06	0.10561255
-0.8	0.0	0.1138362
-0.8	5e-06	0.09737035
-0.8	1e-05	0.09003145
-0.8	1.5e-05	0.10408515
-0.8	2e-05	0.1082482
-0.8	2.5e-05	0.08242245
-0.8	3e-05	0.08320475
-0.8	3.5e-05	0.07836205
-0.8	4e-05	0.0807089
-0.8	4.5e-05	0.1012912
-0.8	5e-05	0.1363184
-0.8	5.5e-05	0.0908697
-0.8	6e-05	0.09116765
-0.8	6.5e-05	0.097836
-0.8	7e-05	0.10536105
-0.8	7.5e-05	0.08928645
-0.8	8e-05	0.05948396
-0.8	8.5e-05	0.0859615
-0.8	9e-05	0.10377785
-0.8	9.5e-05	0.08870895
-0.8	0.0001	0.09580565
-0.8	0.000105	0.0870419
-0.8	0.00011	0.097687
-0.8	0.000115	0.1162763
-0.8	0.00012	0.08146315
-0.8	0.000125	0.083773
-0.8	0.00013	0.07999175
-0.8	0.000135	0.10855555
-0.8	0.00014	0.0691976
-0.8	0.000145	0.093943
-0.8	0.00015	0.0982085
-0.8	0.000155	0.07716045
-0.8	0.00016	0.09002215
-0.8	0.000165	0.07649925
-0.8	0.00017	0.0688717
-0.8	0.000175	0.1142646
-0.8	0.00018	0.08483465
-0.8	0.000185	0.08017805
-0.8	0.00019	0.0892957
-0.8	0.000195	0.0943901
-0.8	0.0002	0.1000432
-0.75	0.0002	0.1086115
-0.75	0.000195	0.07965645
-0.75	0.00019	0.1168351
-0.75	0.000185	0.0871165
-0.75	0.00018	0.10562195
-0.75	0.000175	0.0939896
-0.75	0.00017	0.07989861
-0.75	0.000165	0.10542625
-0.75	0.00016	0.1207559
-0.75	0.000155	0.0935891
-0.75	0.00015	0.1040946
-0.75	0.000145	0.1079409
-0.75	0.00014	0.09569385
-0.75	0.000135	0.09215495
-0.75	0.00013	0.0959547
-0.75	0.000125	0.14470045
-0.75	0.00012	0.0720382
-0.75	0.000115	0.1166395
-0.75	0.00011	0.1152705
-0.75	0.000105	0.09014325
-0.75	0.0001	0.0922946
-0.75	9.5e-05	0.09818065
-0.75	9e-05	0.0985904
-0.75	8.5e-05	0.0873865
-0.75	8e-05	0.1072703
-0.75	7.5e-05	0.095871
-0.75	7e-05	0.09307695
-0.75	6.5e-05	0.120402
-0.75	6e-05	0.1055846
-0.75	5.5e-05	0.1027534
-0.75	5e-05	0.0962807
-0.75	4.5e-05	0.0884948
-0.75	4e-05	0.09500475
-0.75	3.5e-05	0.1410961
-0.75	3e-05	0.1067023
-0.75	2.5e-05	0.1055567
-0.75	2e-05	0.12204125
-0.75	1.5e-05	0.10041575
-0.75	1e-05	0.0926579
-0.75	5e-06	0.1115358
-0.75	0.0	0.08711645
-0.75	-5e-06	0.0959361
-0.75	-1e-05	0.1053146
-0.75	-1.5e-05	0.09936335
-0.75	-2e-05	0.09883245
-0.75	-2.5e-05	0.13033
-0.75	-3e-05	0.1174218
-0.75	-3.5e-05	0.0841828
-0.75	-4e-05	0.1085649
-0.75	-4.5e-05	0.11449745
-0.75	-5e-05	0.1196291
-0.75	-5.5e-05	0.113622
-0.75	-6e-05	0.1002295
-0.75	-6.5e-05	0.0957033
-0.75	-7e-05	0.11165688
-0.75	-7.5e-05	0.1021108
-0.75	-8e-05	0.1153356
-0.75	-8.5e-05	0.13399
-0.75	-9e-05	0.13410185
-0.75	-9.5e-05	0.11128435
-0.75	-0.0001	0.11364985
-0.75	-0.000105	0.09569395
-0.75	-0.00011	0.1160433
-0.75	-0.000115	0.1236338
-0.75	-0.00012	0.10137505
-0.75	-0.000125	0.10742875
-0.75	-0.00013	0.121203
-0.75	-0.000135	0.11694685
-0.75	-0.00014	0.144365
-0.75	-0.000145	0.080001
-0.75	-0.00015	0.1169002
-0.75	-0.000155	0.1099433
-0.75	-0.00016	0.09138195
-0.75	-0.000165	0.07612675
-0.75	-0.00017	0.09706305
-0.75	-0.000175	0.09068345
-0.75	-0.00018	0.12357785
-0.75	-0.000185	0.0849743
-0.75	-0.00019	0.0964577
-0.75	-0.000195	0.1051375
-0.75	-0.0002	0.10659985
-0.7	-0.0002	0.06927215
-0.7	-0.000195	0.0666271
-0.7	-0.00019	0.11440435
-0.7	-0.000185	0.068555
-0.7	-0.00018	0.0829999
-0.7	-0.000175	0.05841295
-0.7	-0.00017	0.0909442
-0.7	-0.000165	0.0919034
-0.7	-0.00016	0.04526249
-0.7	-0.000155	0.050627
-0.7	-0.00015	0.10008055
-0.7	-0.000145	0.0951724
-0.7	-0.00014	0.06471795
-0.7	-0.000135	0.0828416
-0.7	-0.00013	0.061421
-0.7	-0.000125	0.09551705
-0.7	-0.00012	0.0741616
-0.7	-0.000115	0.0950607
-0.7	-0.00011	0.11587575
-0.7	-0.000105	0.0884947
-0.7	-0.0001	0.0901339
-0.7	-9.5e-05	0.10435525
-0.7	-9e-05	0.13250005
-0.7	-8.5e-05	0.09437155
-0.7	-8e-05	0.1228608
-0.7	-7.5e-05	0.0968954
-0.7	-7e-05	0.09929822
-0.7	-6.5e-05	0.0547248
-0.7	-6e-05	0.07294155
-0.7	-5.5e-05	0.1207746
-0.7	-5e-05	0.09830165
-0.7	-4.5e-05	0.1649659
-0.7	-4e-05	0.1254778
-0.7	-3.5e-05	0.0773561
-0.7	-3e-05	0.0953121
-0.7	-2.5e-05	0.10274405
-0.7	-2e-05	0.0842851
-0.7	-1.5e-05	0.0887183
-0.7	-1e-05	0.0784364
-0.7	-5e-06	0.09505125
-0.7	0.0	0.077086
-0.7	5e-06	0.1184462
-0.7	1e-05	0.10006178
-0.7	1.5e-05	0.0961782
-0.7	2e-05	0.09584295
-0.7	2.5e-05	0.09674625
-0.7	3e-05	0.11438575
-0.7	3.5e-05	0.14107745
-0.7	4e-05	0.0982643
-0.7	4.5e-05	0.0987488
-0.7	5e-05	0.11399455
-0.7	5.5e-05	0.10279065
-0.7	6e-05	0.1010863
-0.7	6.5e-05	0.06821975
-0.7	7e-05	0.0693374
-0.7	7.5e-05	0.07532595
-0.7	8e-05	0.1094403
-0.7	8.5e-05	0.03304353
-0.7	9e-05	0.0925275
-0.7	9.5e-05	0.07191715
-0.7	0.0001	0.1141995
-0.7	0.000105	0.14057455
-0.7	0.00011	0.14095635
-0.7	0.000115	0.1000618
-0.7	0.00012	0.06647815
-0.7	0.000125	0.08489055
-0.7	0.00013	0.1279551
-0.7	0.000135	0.10877915
-0.7	0.00014	0.0947347
-0.7	0.000145	0.09262976
-0.7	0.00015	0.09684875
-0.7	0.000155	0.0853375
-0.7	0.00016	0.06958885
-0.7	0.000165	0.0878429
-0.7	0.00017	0.07387285
-0.7	0.000175	0.07284845
-0.7	0.00018	0.0942318
-0.7	0.000185	0.1283742
-0.7	0.00019	0.09203385
-0.7	0.000195	0.06902065
-0.7	0.0002	0.0973703
-0.65	0.0002	0.0918382
-0.65	0.000195	0.09267645
-0.65	0.00019	0.08201266
-0.65	0.000185	0.093673
-0.65	0.00018	0.08513255
-0.65	0.000175	0.0649973
-0.65	0.00017	0.10598515
-0.65	0.000165	0.1160434
-0.65	0.00016	0.1159969
-0.65	0.000155	0.13079565
-0.65	0.00015	0.08444345
-0.65	0.000145	0.1290633
-0.65	0.00014	0.111778
-0.65	0.000135	0.09324465
-0.65	0.00013	0.10162635
-0.65	0.000125	0.1166116
-0.65	0.00012	0.14244645
-0.65	0.000115	0.09411065
-0.65	0.00011	0.1100271
-0.65	0.000105	0.10342395
-0.65	0.0001	0.10003395
-0.65	9.5e-05	0.1157921
-0.65	9e-05	0.1220505
-0.65	8.5e-05	0.12186425
-0.65	8e-05	0.1341856
-0.65	7.5e-05	0.0954518
-0.65	7e-05	0.067335
-0.65	6.5e-05	0.09234115
-0.65	6e-05	0.0941851
-0.65	5.5e-05	0.12879325
-0.65	5e-05	0.0768997
-0.65	4.5e-05	0.0656959
-0.65	4e-05	0.0895659
-0.65	3.5e-05	0.0725131
-0.65	3e-05	0.07372385
-0.65	2.5e-05	0.0822362
-0.65	2e-05	0.07479495
-0.65	1.5e-05	0.09024565
-0.65	1e-05	0.09974515
-0.65	5e-06	0.05620565
-0.65	0.0	0.03955344
-0.65	-5e-06	0.07866925
-0.65	-1e-05	0.09642955
-0.65	-1.5e-05	0.09067405
-0.65	-2e-05	0.15388315
-0.65	-2.5e-05	0.1312893
-0.65	-3e-05	0.11751495
-0.65	-3.5e-05	0.11849275
-0.65	-4e-05	0.10455085
-0.65	-4.5e-05	0.1142646
-0.65	-5e-05	0.09649495
-0.65	-5.5e-05	0.04649188
-0.65	-6e-05	0.07785895
-0.65	-6.5e-05	0.0985345
-0.65	-7e-05	0.07160045
-0.65	-7.5e-05	0.0795913
-0.65	-8e-05	0.05602865
-0.65	-8.5e-05	0.104169
-0.65	-9e-05	0.09667185
-0.65	-9.5e-05	0.06943052
-0.65	-0.0001	0.07865995
-0.65	-0.000105	0.07804525
-0.65	-0.00011	0.11148925
-0.65	-0.000115	0.0898825
-0.65	-0.00012	0.0927137
-0.65	-0.000125	0.05425915
-0.65	-0.00013	0.09165195
-0.65	-0.000135	0.1343719
-0.65	-0.00014	0.1190237
-0.65	-0.000145	0.10659055
-0.65	-0.00015	0.08449
-0.65	-0.000155	0.08868105
-0.65	-0.00016	0.12173385
-0.65	-0.000165	0.0919034
-0.65	-0.00017	0.1044112
-0.65	-0.000175	0.1252544
-0.65	-0.00018	0.08636195
-0.65	-0.000185	0.08171475
-0.65	-0.00019	0.1381065
-0.65	-0.000195	0.0967743
-0.65	-0.0002	0.0968302
-0.6	-0.0002	0.08921195
-0.6	-0.000195	0.07118145
-0.6	-0.00019	0.06046185
-0.6	-0.000185	0.1071027
-0.6	-0.00018	0.0798148
-0.6	-0.000175	0.11431115
-0.6	-0.00017	0.09095355
-0.6	-0.000165	0.09334705
-0.6	-0.00016	0.12996675
-0.6	-0.000155	0.09216425
-0.6	-0.00015	0.0681638
-0.6	-0.000145	0.1167699
-0.6	-0.00014	0.1109212
-0.6	-0.000135	0.1054263
-0.6	-0.00013	0.08929575
-0.6	-0.000125	0.0912328
-0.6	-0.00012	0.10221325
-0.6	-0.000115	0.11460925
-0.6	-0.00011	0.11737525
-0.6	-0.000105	0.095964
-0.6	-0.0001	0.07758895
-0.6	-9.5e-05	0.0985437
-0.6	-9e-05	0.0719264
-0.6	-8.5e-05	0.11013885
-0.6	-8e-05	0.09046925
-0.6	-7.5e-05	0.04258035
-0.6	-7e-05	0.0768625
-0.6	-6.5e-05	0.0887835
-0.6	-6e-05	0.07199165
-0.6	-5.5e-05	0.09917715
-0.6	-5e-05	0.09077643
-0.6	-4.5e-05	0.09109315
-0.6	-4e-05	0.1032191
-0.6	-3.5e-05	0.06777265
-0.6	-3e-05	0.1037406
-0.6	-2.5e-05	0.1425024
-0.6	-2e-05	0.12443475
-0.6	-1.5e-05	0.1286349
-0.6	-1e-05	0.14295885
-0.6	-5e-06	0.0803177
-0.6	0.0	0.03450573
-0.6	5e-06	0.06102995
-0.6	1e-05	0.0890816
-0.6	1.5e-05	0.1015054
-0.6	2e-05	0.12054175
-0.6	2.5e-05	0.1485467
-0.6	3e-05	0.12677235
-0.6	3.5e-05	0.14648845
-0.6	4e-05	0.13677475
-0.6	4.5e-05	0.1228793
-0.6	5e-05	0.1090677
-0.6	5.5e-05	0.0922387
-0.6	6e-05	0.1176361
-0.6	6.5e-05	0.1494873
-0.6	7e-05	0.07854815
-0.6	7.5e-05	0.1328632
-0.6	8e-05	0.11044615
-0.6	8.5e-05	0.10733565
-0.6	9e-05	0.08908155
-0.6	9.5e-05	0.0720103
-0.6	0.0001	0.0856356
-0.6	0.000105	0.09254605
-0.6	0.00011	0.06796825
-0.6	0.000115	0.09405485
-0.6	0.00012	0.07816634
-0.6	0.000125	0.1074566
-0.6	0.00013	0.10052755
-0.6	0.000135	0.09329105
-0.6	0.00014	0.07223383
-0.6	0.000145	0.04541153
-0.6	0.00015	0.0789953
-0.6	0.000155	0.0622592
-0.6	0.00016	0.04406113
-0.6	0.000165	0.07249465
-0.6	0.00017	0.07984275
-0.6	0.000175	0.08323285
-0.6	0.00018	0.08475075
-0.6	0.000185	0.067782
-0.6	0.00019	0.08727485
-0.6	0.000195	0.11136825
-0.6	0.0002	0.06332095
-0.55	0.0002	0.0840057
-0.55	0.000195	0.1242856
-0.55	0.00019	0.12802965
-0.55	0.000185	0.1140038
-0.55	0.00018	0.10979425
-0.55	0.000175	0.0949861
-0.55	0.00017	0.0876101
-0.55	0.000165	0.09525625
-0.55	0.00016	0.06401945
-0.55	0.000155	0.10078835
-0.55	0.00015	0.0956194
-0.55	0.000145	0.05090645
-0.55	0.00014	0.0809789
-0.55	0.000135	0.08789875
-0.55	0.00013	0.0782688
-0.55	0.000125	0.0909534
-0.55	0.00012	0.08332585
-0.55	0.000115	0.089426
-0.55	0.00011	0.0672884
-0.55	0.000105	0.07832465
-0.55	0.0001	0.07984275
-0.55	9.5e-05	0.0737332
-0.55	9e-05	0.07488805
-0.55	8.5e-05	0.06062006
-0.55	8e-05	0.0604991
-0.55	7.5e-05	0.0816681
-0.55	7e-05	0.100155
-0.55	6.5e-05	0.07404055
-0.55	6e-05	0.08619445
-0.55	5.5e-05	0.08792665
-0.55	5e-05	0.08729335
-0.55	4.5e-05	0.06406604
-0.55	4e-05	0.0988885
-0.55	3.5e-05	0.12243235
-0.55	3e-05	0.1364487
-0.55	2.5e-05	0.0922107
-0.55	2e-05	0.1457807
-0.55	1.5e-05	0.1320064
-0.55	1e-05	0.0866507
-0.55	5e-06	0.01498503
-0.55	0.0	0.02621688
-0.55	-5e-06	0.02656141
-0.55	-1e-05	0.0829067
-0.55	-1.5e-05	0.08375432
-0.55	-2e-05	0.10430865
-0.55	-2.5e-05	0.15799045
-0.55	-3e-05	0.14627425
-0.55	-3.5e-05	0.13744525
-0.55	-4e-05	0.13440915
-0.55	-4.5e-05	0.1087139
-0.55	-5e-05	0.096318
-0.55	-5.5e-05	0.1029118
-0.55	-6e-05	0.1348935
-0.55	-6.5e-05	0.1201785
-0.55	-7e-05	0.10402935
-0.55	-7.5e-05	0.1209235
-0.55	-8e-05	0.1102413
-0.55	-8.5e-05	0.08045745
-0.55	-9e-05	0.11333335
-0.55	-9.5e-05	0.13043245
-0.55	-0.0001	0.133748
-0.55	-0.000105	0.09920505
-0.55	-0.00011	0.08966835
-0.55	-0.000115	0.08001975
-0.55	-0.00012	0.1390192
-0.55	-0.000125	0.11688165
-0.55	-0.00013	0.0973052
-0.55	-0.000135	0.0994565
-0.55	-0.00014	0.102027
-0.55	-0.000145	0.06774475
-0.55	-0.00015	0.08416404
-0.55	-0.000155	0.06829425
-0.55	-0.00016	0.08330725
-0.55	-0.000165	0.07822225
-0.55	-0.00017	0.07560525
-0.55	-0.000175	0.04749768
-0.55	-0.00018	0.03758836
-0.55	-0.000185	0.09034815
-0.55	-0.00019	0.0724294
-0.55	-0.000195	0.04637077
-0.55	-0.0002	0.0625013
-0.5	-0.0002	0.054138
-0.5	-0.000195	0.0750371
-0.5	-0.00019	0.08182655
-0.5	-0.000185	0.0813329
-0.5	-0.00018	0.12932415
-0.5	-0.000175	0.09605725
-0.5	-0.00017	0.09560075
-0.5	-0.000165	0.09730505
-0.5	-0.00016	0.08034565
-0.5	-0.000155	0.11178735
-0.5	-0.00015	0.0982551
-0.5	-0.000145	0.10634835
-0.5	-0.00014	0.1008442
-0.5	-0.000135	0.09742615
-0.5	-0.00013	0.12395975
-0.5	-0.000125	0.1312986
-0.5	-0.00012	0.0933563
-0.5	-0.000115	0.1074566
-0.5	-0.00011	0.07371465
-0.5	-0.000105	0.1002016
-0.5	-0.0001	0.1102226
-0.5	-9.5e-05	0.10630175
-0.5	-9e-05	0.0733607
-0.5	-8.5e-05	0.0998384
-0.5	-8e-05	0.09928875
-0.5	-7.5e-05	0.11690025
-0.5	-7e-05	0.0720475
-0.5	-6.5e-05	0.0825063
-0.5	-6e-05	0.10663715
-0.5	-5.5e-05	0.1005183
-0.5	-5e-05	0.06592865
-0.5	-4.5e-05	0.077738
-0.5	-4e-05	0.097184
-0.5	-3.5e-05	0.11610865
-0.5	-3e-05	0.12373625
-0.5	-2.5e-05	0.13106575
-0.5	-2e-05	0.1026137
-0.5	-1.5e-05	0.03655462
-0.5	-1e-05	-0.00359492
-0.5	-5e-06	0.02517381
-0.5	0.0	0.0085496
-0.5	5e-06	0.00569974
-0.5	1e-05	-0.01089657
-0.5	1.5e-05	0.03574436
-0.5	2e-05	0.06669239
-0.5	2.5e-05	0.1117779
-0.5	3e-05	0.1187536
-0.5	3.5e-05	0.1058082
-0.5	4e-05	0.1084345
-0.5	4.5e-05	0.08063436
-0.5	5e-05	0.1169655
-0.5	5.5e-05	0.07577275
-0.5	6e-05	0.0714888
-0.5	6.5e-05	0.080681
-0.5	7e-05	0.0858219
-0.5	7.5e-05	0.09844135
-0.5	8e-05	0.0735655
-0.5	8.5e-05	0.1032656
-0.5	9e-05	0.09981975
-0.5	9.5e-05	0.110828
-0.5	0.0001	0.0934215
-0.5	0.000105	0.0979012
-0.5	0.00011	0.1064322
-0.5	0.000115	0.1238293
-0.5	0.00012	0.10739145
-0.5	0.000125	0.0991957
-0.5	0.00013	0.12237645
-0.5	0.000135	0.09135405
-0.5	0.00014	0.0968487
-0.5	0.000145	0.1280017
-0.5	0.00015	0.1073263
-0.5	0.000155	0.08541205
-0.5	0.00016	0.1144416
-0.5	0.000165	0.1218829
-0.5	0.00017	0.0928348
-0.5	0.000175	0.0861758
-0.5	0.00018	0.10077895
-0.5	0.000185	0.07444105
-0.5	0.00019	0.0827392
-0.5	0.000195	0.0914192
-0.5	0.0002	0.0895472
-0.45	0.0002	0.11844635
-0.45	0.000195	0.0875262
-0.45	0.00019	0.1338131
-0.45	0.000185	0.12419255
-0.45	0.00018	0.0833818
-0.45	0.000175	0.11833455
-0.45	0.00017	0.10074175
-0.45	0.000165	0.10270675
-0.45	0.00016	0.07809185
-0.45	0.000155	0.0954146
-0.45	0.00015	0.07239209
-0.45	0.000145	0.082469
-0.45	0.00014	0.06717665
-0.45	0.000135	0.09983835
-0.45	0.00013	0.07015705
-0.45	0.000125	0.06367485
-0.45	0.00012	0.05488311
-0.45	0.000115	0.08090445
-0.45	0.00011	0.06377735
-0.45	0.000105	0.0675678
-0.45	0.0001	0.084993
-0.45	9.5e-05	0.11270935
-0.45	9e-05	0.0899477
-0.45	8.5e-05	0.10832275
-0.45	8e-05	0.11608995
-0.45	7.5e-05	0.13143815
-0.45	7e-05	0.14515665
-0.45	6.5e-05	0.0961596
-0.45	6e-05	0.137259
-0.45	5.5e-05	0.15317535
-0.45	5e-05	0.12716345
-0.45	4.5e-05	0.14471895
-0.45	4e-05	0.1994066
-0.45	3.5e-05	0.21501595
-0.45	3e-05	0.1016917
-0.45	2.5e-05	0.02346018
-0.45	2e-05	-0.01003043
-0.45	1.5e-05	0.00962989
-0.45	1e-05	0.00375326
-0.45	5e-06	-0.00619333
-0.45	0.0	-0.00261703
-0.45	-5e-06	0.01399784
-0.45	-1e-05	0.01732271
-0.45	-1.5e-05	0.00711533
-0.45	-2e-05	0.00084749
-0.45	-2.5e-05	0.0216161
-0.45	-3e-05	0.0778311
-0.45	-3.5e-05	0.1497296
-0.45	-4e-05	0.2449303
-0.45	-4.5e-05	0.21346945
-0.45	-5e-05	0.1446817
-0.45	-5.5e-05	0.153464
-0.45	-6e-05	0.1239039
-0.45	-6.5e-05	0.1175057
-0.45	-7e-05	0.0968861
-0.45	-7.5e-05	0.10655325
-0.45	-8e-05	0.0569414
-0.45	-8.5e-05	0.06277155
-0.45	-9e-05	0.080951
-0.45	-9.5e-05	0.09426905
-0.45	-0.0001	0.0767321
-0.45	-0.000105	0.0790418
-0.45	-0.00011	0.071051
-0.45	-0.000115	0.0895845
-0.45	-0.00012	0.08277645
-0.45	-0.000125	0.08310235
-0.45	-0.00013	0.1086581
-0.45	-0.000135	0.11066045
-0.45	-0.00014	0.1331798
-0.45	-0.000145	0.0926391
-0.45	-0.00015	0.09333775
-0.45	-0.000155	0.12155695
-0.45	-0.00016	0.0714887
-0.45	-0.000165	0.06610565
-0.45	-0.00017	0.1160807
-0.45	-0.000175	0.10241815
-0.45	-0.00018	0.06928138
-0.45	-0.000185	0.07092058
-0.45	-0.00019	0.06950495
-0.45	-0.000195	0.0600147
-0.45	-0.0002	0.07467385
-0.4	-0.0002	0.0910094
-0.4	-0.000195	0.08557035
-0.4	-0.00019	0.0786413
-0.4	-0.000185	0.10442975
-0.4	-0.00018	0.06188675
-0.4	-0.000175	0.08588705
-0.4	-0.00017	0.06569585
-0.4	-0.000165	0.08991045
-0.4	-0.00016	0.0796845
-0.4	-0.000155	0.07643405
-0.4	-0.00015	0.0856262
-0.4	-0.000145	0.08306515
-0.4	-0.00014	0.09698855
-0.4	-0.000135	0.10948685
-0.4	-0.00013	0.1081645
-0.4	-0.000125	0.1152332
-0.4	-0.00012	0.1083041
-0.4	-0.000115	0.1140877
-0.4	-0.00011	0.10182205
-0.4	-0.000105	0.10237155
-0.4	-0.0001	0.10778255
-0.4	-9.5e-05	0.1295663
-0.4	-9e-05	0.08947265
-0.4	-8.5e-05	0.0620823
-0.4	-8e-05	0.09471605
-0.4	-7.5e-05	0.07097645
-0.4	-7e-05	0.05533021
-0.4	-6.5e-05	0.10284665
-0.4	-6e-05	0.07012897
-0.4	-5.5e-05	0.0808113
-0.4	-5e-05	0.11006425
-0.4	-4.5e-05	0.1221623
-0.4	-4e-05	0.10626455
-0.4	-3.5e-05	0.1104463
-0.4	-3e-05	0.1060876
-0.4	-2.5e-05	0.17074015
-0.4	-2e-05	0.14500765
-0.4	-1.5e-05	0.09533075
-0.4	-1e-05	0.03095736
-0.4	-5e-06	0.02001423
-0.4	0.0	0.04035444
-0.4	5e-06	0.03518554
-0.4	1e-05	0.06093675
-0.4	1.5e-05	0.0835867
-0.4	2e-05	0.1619204
-0.4	2.5e-05	0.13439995
-0.4	3e-05	0.1120388
-0.4	3.5e-05	0.1584653
-0.4	4e-05	0.0843689
-0.4	4.5e-05	0.0807462
-0.4	5e-05	0.06069465
-0.4	5.5e-05	0.0764341
-0.4	6e-05	0.09709095
-0.4	6.5e-05	0.0758566
-0.4	7e-05	0.06890895
-0.4	7.5e-05	0.0625666
-0.4	8e-05	0.06976575
-0.4	8.5e-05	0.0754655
-0.4	9e-05	0.05566544
-0.4	9.5e-05	0.06570515
-0.4	0.0001	0.0558331
-0.4	0.000105	0.08431305
-0.4	0.00011	0.09235045
-0.4	0.000115	0.05655955
-0.4	0.00012	0.08889525
-0.4	0.000125	0.08523505
-0.4	0.00013	0.0854028
-0.4	0.000135	0.0912142
-0.4	0.00014	0.08940755
-0.4	0.000145	0.09184755
-0.4	0.00015	0.06897405
-0.4	0.000155	0.0556095
-0.4	0.00016	0.0922294
-0.4	0.000165	0.05463165
-0.4	0.00017	0.07301605
-0.4	0.000175	0.0918102
-0.4	0.00018	0.09455775
-0.4	0.000185	0.09195925
-0.4	0.00019	0.06449445
-0.4	0.000195	0.0752419
-0.4	0.0002	0.05370034
-0.35	0.0002	0.0922387
-0.35	0.000195	0.09117695
-0.35	0.00019	0.06447585
-0.35	0.000185	0.10199905
-0.35	0.00018	0.0786507
-0.35	0.000175	0.0814726
-0.35	0.00017	0.0937103
-0.35	0.000165	0.09262985
-0.35	0.00016	0.10835995
-0.35	0.000155	0.07538165
-0.35	0.00015	0.07804525
-0.35	0.000145	0.0941572
-0.35	0.00014	0.103452
-0.35	0.000135	0.0761081
-0.35	0.00013	0.10395485
-0.35	0.000125	0.1154753
-0.35	0.00012	0.1204952
-0.35	0.000115	0.0972306
-0.35	0.00011	0.10021085
-0.35	0.000105	0.08774975
-0.35	0.0001	0.08913735
-0.35	9.5e-05	0.087759
-0.35	9e-05	0.09716535
-0.35	8.5e-05	0.08835515
-0.35	8e-05	0.10142165
-0.35	7.5e-05	0.07083675
-0.35	7e-05	0.05804035
-0.35	6.5e-05	0.1167885
-0.35	6e-05	0.0875727
-0.35	5.5e-05	0.08397785
-0.35	5e-05	0.1169842
-0.35	4.5e-05	0.14627435
-0.35	4e-05	0.2449949
-0.35	3.5e-05	0.1801374
-0.35	3e-05	0.05751874
-0.35	2.5e-05	0.02072202
-0.35	2e-05	0.03063136
-0.35	1.5e-05	0.02267782
-0.35	1e-05	0.01955786
-0.35	5e-06	-0.00495468
-0.35	0.0	0.00979756
-0.35	-5e-06	0.00452625
-0.35	-1e-05	0.00210483
-0.35	-1.5e-05	0.01096173
-0.35	-2e-05	0.02785602
-0.35	-2.5e-05	0.04117402
-0.35	-3e-05	0.15015795
-0.35	-3.5e-05	0.2018562
-0.35	-4e-05	0.16640025
-0.35	-4.5e-05	0.140053
-0.35	-5e-05	0.08927705
-0.35	-5.5e-05	0.1129794
-0.35	-6e-05	0.1051748
-0.35	-6.5e-05	0.0925833
-0.35	-7e-05	0.0866879
-0.35	-7.5e-05	0.0773655
-0.35	-8e-05	0.10252985
-0.35	-8.5e-05	0.0659007
-0.35	-9e-05	0.0903109
-0.35	-9.5e-05	0.08590575
-0.35	-0.0001	0.088439
-0.35	-0.000105	0.04489926
-0.35	-0.00011	0.08988245
-0.35	-0.000115	0.0819848
-0.35	-0.00012	0.07435715
-0.35	-0.000125	0.0971654
-0.35	-0.00013	0.076136
-0.35	-0.000135	0.1201879
-0.35	-0.00014	0.0959826
-0.35	-0.000145	0.1040572
-0.35	-0.00015	0.1217059
-0.35	-0.000155	0.10100255
-0.35	-0.00016	0.08260875
-0.35	-0.000165	0.09579645
-0.35	-0.00017	0.1096825
-0.35	-0.000175	0.1012075
-0.35	-0.00018	0.10117015
-0.35	-0.000185	0.088709
-0.35	-0.00019	0.10499785
-0.35	-0.000195	0.1016357
-0.35	-0.0002	0.0979944
-0.3	-0.0002	0.0713956
-0.3	-0.000195	0.07558665
-0.3	-0.00019	0.08793595
-0.3	-0.000185	0.07576355
-0.3	-0.00018	0.09747275
-0.3	-0.000175	0.09295575
-0.3	-0.00017	0.08389395
-0.3	-0.000165	0.09428755
-0.3	-0.00016	0.0950047
-0.3	-0.000155	0.07985205
-0.3	-0.00015	0.08598955
-0.3	-0.000145	0.0971656
-0.3	-0.00014	0.09937265
-0.3	-0.000135	0.0943062
-0.3	-0.00013	0.08260875
-0.3	-0.000125	0.07230827
-0.3	-0.00012	0.0942038
-0.3	-0.000115	0.08534685
-0.3	-0.00011	0.1056126
-0.3	-0.000105	0.0946602
-0.3	-0.0001	0.0794143
-0.3	-9.5e-05	0.10175695
-0.3	-9e-05	0.10167305
-0.3	-8.5e-05	0.10413175
-0.3	-8e-05	0.1097383
-0.3	-7.5e-05	0.10611555
-0.3	-7e-05	0.095517
-0.3	-6.5e-05	0.11406915
-0.3	-6e-05	0.15716165
-0.3	-5.5e-05	0.3355579
-0.3	-5e-05	0.2950635
-0.3	-4.5e-05	0.0914191
-0.3	-4e-05	0.00810257
-0.3	-3.5e-05	0.00047498
-0.3	-3e-05	-0.00983484
-0.3	-2.5e-05	0.01257291
-0.3	-2e-05	0.01166021
-0.3	-1.5e-05	0.0113436
-0.3	-1e-05	0.00172299
-0.3	-5e-06	0.01057988
-0.3	0.0	0.00048429
-0.3	5e-06	0.01857066
-0.3	1e-05	-0.00895936
-0.3	1.5e-05	0.0158512
-0.3	2e-05	-0.01396994
-0.3	2.5e-05	0.00268221
-0.3	3e-05	2.8e-05
-0.3	3.5e-05	0.01873833
-0.3	4e-05	0.11207595
-0.3	4.5e-05	0.20548825
-0.3	5e-05	0.19743225
-0.3	5.5e-05	0.13382245
-0.3	6e-05	0.10930995
-0.3	6.5e-05	0.11315625
-0.3	7e-05	0.07211275
-0.3	7.5e-05	0.10286515
-0.3	8e-05	0.10826685
-0.3	8.5e-05	0.105743
-0.3	9e-05	0.09604785
-0.3	9.5e-05	0.1024554
-0.3	0.0001	0.07505565
-0.3	0.000105	0.08682775
-0.3	0.00011	0.0793119
-0.3	0.000115	0.09003145
-0.3	0.00012	0.0889883
-0.3	0.000125	0.08563555
-0.3	0.00013	0.06139315
-0.3	0.000135	0.07162845
-0.3	0.00014	0.10109565
-0.3	0.000145	0.080923
-0.3	0.00015	0.09922375
-0.3	0.000155	0.0782502
-0.3	0.00016	0.09203385
-0.3	0.000165	0.0972399
-0.3	0.00017	0.0898452
-0.3	0.000175	0.09481845
-0.3	0.00018	0.0931887
-0.3	0.000185	0.1149258
-0.3	0.00019	0.07562375
-0.3	0.000195	0.08696735
-0.3	0.0002	0.1132308
-0.25	0.0002	0.01856134
-0.25	0.000195	0.00130387
-0.25	0.00019	0.00471253
-0.25	0.000185	-0.00167635
-0.25	0.00018	0.00016764
-0.25	0.000175	0.01126906
-0.25	0.00017	-0.00424689
-0.25	0.000165	0.00409785
-0.25	0.00016	-0.01066371
-0.25	0.000155	0.00040979
-0.25	0.00015	-0.00600702
-0.25	0.000145	-0.0161865
-0.25	0.00014	0.0050571
-0.25	0.000135	-0.01547867
-0.25	0.00013	-0.00975104
-0.25	0.000125	-0.01730406
-0.25	0.00012	-0.00719914
-0.25	0.000115	-0.0210666
-0.25	0.00011	0.00191855
-0.25	0.000105	0.01125046
-0.25	0.0001	-0.01238663
-0.25	9.5e-05	-0.0003539
-0.25	9e-05	-0.00161119
-0.25	8.5e-05	-0.00176022
-0.25	8e-05	-0.0032317
-0.25	7.5e-05	0.00562521
-0.25	7e-05	0.00458212
-0.25	6.5e-05	-0.00891286
-0.25	6e-05	0.00013042
-0.25	5.5e-05	0.01323418
-0.25	5e-05	0.00895936
-0.25	4.5e-05	0.00276606
-0.25	4e-05	0.0058767
-0.25	3.5e-05	-0.01517137
-0.25	3e-05	-0.01400718
-0.25	2.5e-05	-0.01141809
-0.25	2e-05	-0.00997454
-0.25	1.5e-05	-0.0233018
-0.25	1e-05	-0.02676639
-0.25	5e-06	0.00172294
-0.25	0.0	-0.01881279
-0.25	-5e-06	0.00298025
-0.25	-1e-05	-0.01650313
-0.25	-1.5e-05	-0.00443311
-0.25	-2e-05	-0.0062678
-0.25	-2.5e-05	0.01189305
-0.25	-3e-05	0.00249597
-0.25	-3.5e-05	-0.00108965
-0.25	-4e-05	-0.01506892
-0.25	-4.5e-05	-6.516e-05
-0.25	-5e-05	-0.00142492
-0.25	-5.5e-05	0.01237737
-0.25	-6e-05	-0.0010431
-0.25	-6.5e-05	-0.00703154
-0.25	-7e-05	0.00176954
-0.25	-7.5e-05	0.01351358
-0.25	-8e-05	0.00461937
-0.25	-8.5e-05	0.00625851
-0.25	-9e-05	-0.00078232
-0.25	-9.5e-05	-0.00269154
-0.25	-0.0001	0.00169502
-0.25	-0.000105	-0.0035856
-0.25	-0.00011	-0.00794421
-0.25	-0.000115	-0.00901529
-0.25	-0.00012	-0.00383708
-0.25	-0.000125	-0.01329935
-0.25	-0.00013	-0.01253566
-0.25	-0.000135	-0.00467524
-0.25	-0.00014	5.589e-05
-0.25	-0.000145	0.00383709
-0.25	-0.00015	-0.0127778
-0.25	-0.000155	-0.02773496
-0.25	-0.00016	-0.00980689
-0.25	-0.000165	-0.00176952
-0.25	-0.00017	0.00423751
-0.25	-0.000175	-0.01046811
-0.25	-0.00018	0.00459147
-0.25	-0.000185	-0.00612814
-0.25	-0.00019	0.01031914
-0.25	-0.000195	0.02197008
-0.25	-0.0002	0.0098348
-0.2	-0.0002	8.385e-05
-0.2	-0.000195	-0.00583944
-0.2	-0.00019	-0.02332975
-0.2	-0.000185	0.00948092
-0.2	-0.00018	0.00186265
-0.2	-0.000175	-0.01800258
-0.2	-0.00017	-0.0064169
-0.2	-0.000165	0.00100582
-0.2	-0.00016	-0.00448899
-0.2	-0.000155	-0.00578353
-0.2	-0.00015	0.00492673
-0.2	-0.000145	0.01090583
-0.2	-0.00014	0.0276046
-0.2	-0.000135	-0.00151805
-0.2	-0.00013	0.01518996
-0.2	-0.000125	0.00691041
-0.2	-0.00012	-0.00627714
-0.2	-0.000115	-0.00632371
-0.2	-0.00011	-0.00642616
-0.2	-0.000105	0.00887554
-0.2	-0.0001	0.00232833
-0.2	-9.5e-05	-0.01747171
-0.2	-9e-05	0.00354838
-0.2	-8.5e-05	0.01062642
-0.2	-8e-05	-0.01274058
-0.2	-7.5e-05	-0.01010493
-0.2	-7e-05	-0.0004936
-0.2	-6.5e-05	-0.00793494
-0.2	-6e-05	-0.00636098
-0.2	-5.5e-05	0.00281261
-0.2	-5e-05	-0.01077544
-0.2	-4.5e-05	-0.00429344
-0.2	-4e-05	0.01038432
-0.2	-3.5e-05	0.01612126
-0.2	-3e-05	-0.00257976
-0.2	-2.5e-05	0.01676389
-0.2	-2e-05	0.00615608
-0.2	-1.5e-05	0.00741337
-0.2	-1e-05	-0.01242394
-0.2	-5e-06	-0.01392336
-0.2	0.0	0.00304544
-0.2	5e-06	0.00474978
-0.2	1e-05	-0.01075686
-0.2	1.5e-05	0.01052404
-0.2	2e-05	0.00311064
-0.2	2.5e-05	-0.00557868
-0.2	3e-05	-0.00266359
-0.2	3.5e-05	0.0116416
-0.2	4e-05	0.01173473
-0.2	4.5e-05	0.01391404
-0.2	5e-05	0.0077859
-0.2	5.5e-05	-0.0100863
-0.2	6e-05	0.01584188
-0.2	6.5e-05	-0.00154601
-0.2	7e-05	-0.01512474
-0.2	7.5e-05	-0.023367
-0.2	8e-05	0.00090339
-0.2	8.5e-05	-0.0121352
-0.2	9e-05	-0.00431204
-0.2	9.5e-05	0.00436794
-0.2	0.0001	0.00045635
-0.2	0.000105	-0.01563703
-0.2	0.00011	-0.012247
-0.2	0.000115	-0.01586983
-0.2	0.00012	0.01306655
-0.2	0.000125	0.00029803
-0.2	0.00013	-0.00623055
-0.2	0.000135	0.00461939
-0.2	0.00014	-0.00627717
-0.2	0.000145	-0.00015833
-0.2	0.00015	-0.01555319
-0.2	0.000155	0.00445177
-0.2	0.00016	0.00813047
-0.2	0.000165	0.00326898
-0.2	0.00017	-0.00082888
-0.2	0.000175	-0.00114553
-0.2	0.00018	-0.00849369
-0.2	0.000185	-0.00815843
-0.2	0.00019	0.00843783
-0.2	0.000195	0.02243568
-0.2	0.0002	-0.00665899
-0.15	0.0002	0.0030175
-0.15	0.000195	-0.00838192
-0.15	0.00019	0.00085682
-0.15	0.000185	0.00652862
-0.15	0.00018	-0.00230969
-0.15	0.000175	0.00784178
-0.15	0.00017	-0.00908046
-0.15	0.000165	-0.01400717
-0.15	0.00016	-0.01596299
-0.15	0.000155	0.00828884
-0.15	0.00015	-0.00923877
-0.15	0.000145	0.00458214
-0.15	0.00014	0.02076861
-0.15	0.000135	0.01558112
-0.15	0.00013	0.01495712
-0.15	0.000125	0.00331552
-0.15	0.00012	-0.00156463
-0.15	0.000115	-0.01001176
-0.15	0.00011	-0.0154228
-0.15	0.000105	-0.00543894
-0.15	0.0001	-0.00612812
-0.15	9.5e-05	-0.00949022
-0.15	9e-05	-0.00271947
-0.15	8.5e-05	-0.01160433
-0.15	8e-05	-0.00838196
-0.15	7.5e-05	0.00737611
-0.15	7e-05	-0.00246804
-0.15	6.5e-05	0.00121072
-0.15	6e-05	-0.01050538
-0.15	5.5e-05	-0.02258476
-0.15	5e-05	-0.00924811
-0.15	4.5e-05	-0.00160188
-0.15	4e-05	0.01434247
-0.15	3.5e-05	-0.01084999
-0.15	3e-05	0.00383706
-0.15	2.5e-05	-0.00373462
-0.15	2e-05	0.00878245
-0.15	1.5e-05	0.00409784
-0.15	1e-05	0.0053365
-0.15	5e-06	0.00335279
-0.15	0.0	-0.01749966
-0.15	-5e-06	0.00446106
-0.15	-1e-05	-0.01692223
-0.15	-1.5e-05	-0.00981617
-0.15	-2e-05	-0.00420959
-0.15	-2.5e-05	0.00781381
-0.15	-3e-05	0.01638209
-0.15	-3.5e-05	0.00867066
-0.15	-4e-05	0.01200481
-0.15	-4.5e-05	0.00297094
-0.15	-5e-05	-0.00487083
-0.15	-5.5e-05	0.0042841
-0.15	-6e-05	-0.0031106
-0.15	-6.5e-05	-0.00881967
-0.15	-7e-05	-0.00363218
-0.15	-7.5e-05	-0.00515956
-0.15	-8e-05	0.02344151
-0.15	-8.5e-05	0.00213274
-0.15	-9e-05	0.00416305
-0.15	-9.5e-05	0.00206756
-0.15	-0.0001	-0.0221376
-0.15	-0.000105	-0.00507577
-0.15	-0.00011	-0.0034832
-0.15	-0.000115	-0.01302927
-0.15	-0.00012	-0.00292436
-0.15	-0.000125	0.00082888
-0.15	-0.00013	-0.01189306
-0.15	-0.000135	0.00258907
-0.15	-0.00014	-0.01626095
-0.15	-0.000145	-0.01515269
-0.15	-0.00015	-0.01328074
-0.15	-0.000155	-0.01828194
-0.15	-0.00016	-0.0033807
-0.15	-0.000165	-0.0113063
-0.15	-0.00017	-0.00183472
-0.15	-0.000175	-0.02488505
-0.15	-0.00018	0.01001178
-0.15	-0.000185	0.0107941
-0.15	-0.00019	0.00170433
-0.15	-0.000195	-0.00190922
-0.15	-0.0002	0.0012666
-0.1	-0.0002	0.0815191
-0.1	-0.000195	0.0764526
-0.1	-0.00019	0.0965973
-0.1	-0.000185	0.08564485
-0.1	-0.00018	0.0666365
-0.1	-0.000175	0.0971841
-0.1	-0.00017	0.06893695
-0.1	-0.000165	0.08803845
-0.1	-0.00016	0.0951352
-0.1	-0.000155	0.1074007
-0.1	-0.00015	0.11253245
-0.1	-0.000145	0.1268841
-0.1	-0.00014	0.09364505
-0.1	-0.000135	0.10633895
-0.1	-0.00013	0.11065115
-0.1	-0.000125	0.11483285
-0.1	-0.00012	0.1254592
-0.1	-0.000115	0.11637865
-0.1	-0.00011	0.12968735
-0.1	-0.000105	0.12486305
-0.1	-0.0001	0.25363725
-0.1	-9.5e-05	0.5905165
-0.1	-9e-05	0.396196
-0.1	-8.5e-05	0.12832765
-0.1	-8e-05	0.02898292
-0.1	-7.5e-05	0.00297096
-0.1	-7e-05	-0.00394882
-0.1	-6.5e-05	-0.00401401
-0.1	-6e-05	-0.01529238
-0.1	-5.5e-05	-0.00394885
-0.1	-5e-05	0.00779519
-0.1	-4.5e-05	-0.00211412
-0.1	-4e-05	0.01215384
-0.1	-3.5e-05	-0.01022597
-0.1	-3e-05	0.00106172
-0.1	-2.5e-05	-0.00137836
-0.1	-2e-05	-0.00438651
-0.1	-1.5e-05	-0.00732954
-0.1	-1e-05	-0.0045449
-0.1	-5e-06	-0.00815841
-0.1	0.0	-0.02194208
-0.1	5e-06	-0.01139014
-0.1	1e-05	-0.00344591
-0.1	1.5e-05	-0.00216066
-0.1	2e-05	-0.00630509
-0.1	2.5e-05	-0.00270084
-0.1	3e-05	-0.00122935
-0.1	3.5e-05	0.00858685
-0.1	4e-05	-0.0161585
-0.1	4.5e-05	-0.00413511
-0.1	5e-05	-0.00675214
-0.1	5.5e-05	0.01125046
-0.1	6e-05	-0.01254503
-0.1	6.5e-05	-0.00171368
-0.1	7e-05	0.00713397
-0.1	7.5e-05	0.0134484
-0.1	8e-05	0.01600018
-0.1	8.5e-05	0.0172668
-0.1	9e-05	0.03574439
-0.1	9.5e-05	0.39460335
-0.1	0.0001	0.582145
-0.1	0.000105	0.31224575
-0.1	0.00011	0.14494245
-0.1	0.000115	0.12129615
-0.1	0.00012	0.1141901
-0.1	0.000125	0.0829534
-0.1	0.00013	0.0934867
-0.1	0.000135	0.0946882
-0.1	0.00014	0.09660665
-0.1	0.000145	0.10862085
-0.1	0.00015	0.09754725
-0.1	0.000155	0.08942605
-0.1	0.00016	0.09505135
-0.1	0.000165	0.0835307
-0.1	0.00017	0.09860905
-0.1	0.000175	0.0976777
-0.1	0.00018	0.10591065
-0.1	0.000185	0.0968115
-0.1	0.00019	0.1026044
-0.1	0.000195	0.08332585
-0.1	0.0002	0.0734631
-0.05	0.0002	0.08611975
-0.05	0.000195	0.07733745
-0.05	0.00019	0.08124915
-0.05	0.000185	0.0957126
-0.05	0.00018	0.0862782
-0.05	0.000175	0.084369
-0.05	0.00017	0.08598015
-0.05	0.000165	0.08429435
-0.05	0.00016	0.0940268
-0.05	0.000155	0.0974728
-0.05	0.00015	0.0932166
-0.05	0.000145	0.080476
-0.05	0.00014	0.08805715
-0.05	0.000135	0.0884016
-0.05	0.00013	0.0921176
-0.05	0.000125	0.084639
-0.05	0.00012	0.10223185
-0.05	0.000115	0.07745845
-0.05	0.00011	0.09710945
-0.05	0.000105	0.09752865
-0.05	0.0001	0.10603165
-0.05	9.5e-05	0.0902457
-0.05	9e-05	0.0829999
-0.05	8.5e-05	0.09745415
-0.05	8e-05	0.10651605
-0.05	7.5e-05	0.0893329
-0.05	7e-05	0.0830837
-0.05	6.5e-05	0.0921734
-0.05	6e-05	0.1158945
-0.05	5.5e-05	0.09752865
-0.05	5e-05	0.09506995
-0.05	4.5e-05	0.0980036
-0.05	4e-05	0.12692125
-0.05	3.5e-05	0.2138236
-0.05	3e-05	0.17329225
-0.05	2.5e-05	0.1012259
-0.05	2e-05	0.03144162
-0.05	1.5e-05	0.02109456
-0.05	1e-05	0.02335769
-0.05	5e-06	0.0005588
-0.05	0.0	0.00047499
-0.05	-5e-06	0.00558796
-0.05	-1e-05	0.02275234
-0.05	-1.5e-05	-0.00193715
-0.05	-2e-05	0.0565316
-0.05	-2.5e-05	0.1304417
-0.05	-3e-05	0.1507167
-0.05	-3.5e-05	0.13408325
-0.05	-4e-05	0.1053798
-0.05	-4.5e-05	0.1035729
-0.05	-5e-05	0.10049025
-0.05	-5.5e-05	0.0877403
-0.05	-6e-05	0.07458065
-0.05	-6.5e-05	0.0975286
-0.05	-7e-05	0.07803595
-0.05	-7.5e-05	0.0947253
-0.05	-8e-05	0.09818995
-0.05	-8.5e-05	0.1115359
-0.05	-9e-05	0.09023645
-0.05	-9.5e-05	0.09523765
-0.05	-0.0001	0.0856357
-0.05	-0.000105	0.0817706
-0.05	-0.00011	0.08134205
-0.05	-0.000115	0.08315815
-0.05	-0.00012	0.077887
-0.05	-0.000125	0.073696
-0.05	-0.00013	0.0867811
-0.05	-0.000135	0.07289495
-0.05	-0.00014	0.0934029
-0.05	-0.000145	0.08592435
-0.05	-0.00015	0.0872189
-0.05	-0.000155	0.08975205
-0.05	-0.00016	0.08660415
-0.05	-0.000165	0.09496755
-0.05	-0.00017	0.0759684
-0.05	-0.000175	0.1060317
-0.05	-0.00018	0.08703255
-0.05	-0.000185	0.0833259
-0.05	-0.00019	0.08005695
-0.05	-0.000195	0.10513765
-0.05	-0.0002	0.1082948
0.0	-0.0002	0.0927323
0.0	-0.000195	0.0977615
0.0	-0.00019	0.0817239
0.0	-0.000185	0.1115638
0.0	-0.00018	0.0927509
0.0	-0.000175	0.0888674
0.0	-0.00017	0.09719335
0.0	-0.000165	0.0817985
0.0	-0.00016	0.090907
0.0	-0.000155	0.10696305
0.0	-0.00015	0.1178409
0.0	-0.000145	0.10532385
0.0	-0.00014	0.0943248
0.0	-0.000135	0.0994472
0.0	-0.00013	0.09627135
0.0	-0.000125	0.0935612
0.0	-0.00012	0.11485145
0.0	-0.000115	0.1045602
0.0	-0.00011	0.0996241
0.0	-0.000105	0.1091703
0.0	-0.0001	0.12660475
0.0	-9.5e-05	0.13304015
0.0	-9e-05	0.14219505
0.0	-8.5e-05	0.16673555
0.0	-8e-05	0.32353385
0.0	-7.5e-05	0.5098735
0.0	-7e-05	0.2813351
0.0	-6.5e-05	0.05125095
0.0	-6e-05	0.01809569
0.0	-5.5e-05	0.01277781
0.0	-5e-05	0.00635165
0.0	-4.5e-05	-0.00203029
0.0	-4e-05	0.02349745
0.0	-3.5e-05	-0.00564385
0.0	-3e-05	0.01152984
0.0	-2.5e-05	0.00458214
0.0	-2e-05	0.0070874
0.0	-1.5e-05	-0.00092201
0.0	-1e-05	-0.01594434
0.0	-5e-06	0.00219794
0.0	0.0	0.01308519
0.0	5e-06	0.00404198
0.0	1e-05	-0.00157396
0.0	1.5e-05	-0.00914565
0.0	2e-05	0.00488946
0.0	2.5e-05	-0.00669626
0.0	3e-05	-0.01405372
0.0	3.5e-05	-0.00800941
0.0	4e-05	-0.01371846
0.0	4.5e-05	0.01917604
0.0	5e-05	-0.00748788
0.0	5.5e-05	0.01207001
0.0	6e-05	0.01366263
0.0	6.5e-05	0.00658447
0.0	7e-05	0.05749084
0.0	7.5e-05	0.5588618
0.0	8e-05	0.44615285
0.0	8.5e-05	0.18369505
0.0	9e-05	0.1400437
0.0	9.5e-05	0.11832515
0.0	0.0001	0.1067674
0.0	0.000105	0.1150748
0.0	0.00011	0.10875115
0.0	0.000115	0.1084438
0.0	0.00012	0.10172905
0.0	0.000125	0.1024741
0.0	0.00013	0.12061635
0.0	0.000135	0.10498875
0.0	0.00014	0.11036245
0.0	0.000145	0.1062925
0.0	0.00015	0.09013385
0.0	0.000155	0.08950065
0.0	0.00016	0.09249015
0.0	0.000165	0.0890349
0.0	0.00017	0.08791725
0.0	0.000175	0.1089003
0.0	0.00018	0.09606645
0.0	0.000185	0.0918009
0.0	0.00019	0.0850301
0.0	0.000195	0.08554255
0.0	0.0002	0.08733995
0.05	0.0002	0.0876472
0.05	0.000195	0.09629925
0.05	0.00019	0.09925155
0.05	0.000185	0.1012727
0.05	0.00018	0.09101855
0.05	0.000175	0.0935053
0.05	0.00017	0.09588015
0.05	0.000165	0.08657625
0.05	0.00016	0.08909075
0.05	0.000155	0.0896216
0.05	0.00015	0.08514195
0.05	0.000145	0.11269075
0.05	0.00014	0.0954146
0.05	0.000135	0.09143775
0.05	0.00013	0.0982085
0.05	0.000125	0.0994007
0.05	0.00012	0.10164515
0.05	0.000115	0.09303965
0.05	0.00011	0.0965135
0.05	0.000105	0.09593605
0.05	0.0001	0.1055102
0.05	9.5e-05	0.0941573
0.05	9e-05	0.11828805
0.05	8.5e-05	0.10849045
0.05	8e-05	0.12773155
0.05	7.5e-05	0.1167327
0.05	7e-05	0.11825065
0.05	6.5e-05	0.13814375
0.05	6e-05	0.15370635
0.05	5.5e-05	0.24533905
0.05	5e-05	0.312376
0.05	4.5e-05	0.15311025
0.05	4e-05	0.04024264
0.05	3.5e-05	0.0160654
0.05	3e-05	-0.00244008
0.05	2.5e-05	0.0137185
0.05	2e-05	-0.00364148
0.05	1.5e-05	0.00365081
0.05	1e-05	-0.00194647
0.05	5e-06	-0.01218176
0.05	0.0	-0.0065845
0.05	-5e-06	0.01510615
0.05	-1e-05	0.00416303
0.05	-1.5e-05	-0.00616538
0.05	-2e-05	0.00763688
0.05	-2.5e-05	0.01433313
0.05	-3e-05	0.01713642
0.05	-3.5e-05	0.00031665
0.05	-4e-05	0.00789767
0.05	-4.5e-05	0.02895494
0.05	-5e-05	0.05884125
0.05	-5.5e-05	0.27751705
0.05	-6e-05	0.3593715
0.05	-6.5e-05	0.2223543
0.05	-7e-05	0.15457235
0.05	-7.5e-05	0.1407608
0.05	-8e-05	0.10579885
0.05	-8.5e-05	0.1065719
0.05	-9e-05	0.1009745
0.05	-9.5e-05	0.10996185
0.05	-0.0001	0.1033216
0.05	-0.000105	0.0895751
0.05	-0.00011	0.1017476
0.05	-0.000115	0.1033122
0.05	-0.00012	0.0848161
0.05	-0.000125	0.10128195
0.05	-0.00013	0.0786506
0.05	-0.000135	0.07471115
0.05	-0.00014	0.10060195
0.05	-0.000145	0.1169934
0.05	-0.00015	0.08638995
0.05	-0.000155	0.0908976
0.05	-0.00016	0.1040014
0.05	-0.000165	0.08880215
0.05	-0.00017	0.0856356
0.05	-0.000175	0.09865545
0.05	-0.00018	0.09404545
0.05	-0.000185	0.0881967
0.05	-0.00019	0.10252055
0.05	-0.000195	0.0917638
0.05	-0.0002	0.09060885
0.1	-0.0002	0.08617575
0.1	-0.000195	0.10949635
0.1	-0.00019	0.0846111
0.1	-0.000185	0.0829999
0.1	-0.00018	0.09920505
0.1	-0.000175	0.09799435
0.1	-0.00017	0.09591745
0.1	-0.000165	0.0896216
0.1	-0.00016	0.09858105
0.1	-0.000155	0.088057
0.1	-0.00015	0.08646455
0.1	-0.000145	0.1024461
0.1	-0.00014	0.0996334
0.1	-0.000135	0.0920804
0.1	-0.00013	0.0933004
0.1	-0.000125	0.08940745
0.1	-0.00012	0.09868355
0.1	-0.000115	0.10384315
0.1	-0.00011	0.1060504
0.1	-0.000105	0.1085556
0.1	-0.0001	0.0986277
0.1	-9.5e-05	0.09735175
0.1	-9e-05	0.125487
0.1	-8.5e-05	0.1278434
0.1	-8e-05	0.12110995
0.1	-7.5e-05	0.1303579
0.1	-7e-05	0.16168765
0.1	-6.5e-05	0.16547815
0.1	-6e-05	0.39287135
0.1	-5.5e-05	0.30208545
0.1	-5e-05	0.0967278
0.1	-4.5e-05	0.03838936
0.1	-4e-05	0.01586048
0.1	-3.5e-05	-0.01267537
0.1	-3e-05	0.01882214
0.1	-2.5e-05	-0.01282435
0.1	-2e-05	0.00302682
0.1	-1.5e-05	0.00151805
0.1	-1e-05	0.00210482
0.1	-5e-06	0.00392088
0.1	0.0	-0.00498262
0.1	5e-06	-0.00027009
0.1	1e-05	0.00501985
0.1	1.5e-05	0.00243077
0.1	2e-05	0.00092201
0.1	2.5e-05	0.00216069
0.1	3e-05	-0.00082888
0.1	3.5e-05	0.01252635
0.1	4e-05	0.01589778
0.1	4.5e-05	0.01477086
0.1	5e-05	0.0917731
0.1	5.5e-05	0.317639
0.1	6e-05	0.3142115
0.1	6.5e-05	0.192207
0.1	7e-05	0.13977365
0.1	7.5e-05	0.13268625
0.1	8e-05	0.11707735
0.1	8.5e-05	0.1327235
0.1	9e-05	0.0921548
0.1	9.5e-05	0.1021201
0.1	0.0001	0.1068606
0.1	0.000105	0.0872188
0.1	0.00011	0.1009001
0.1	0.000115	0.10306075
0.1	0.00012	0.10276285
0.1	0.000125	0.0968302
0.1	0.00013	0.10799685
0.1	0.000135	0.1048769
0.1	0.00014	0.1028186
0.1	0.000145	0.0765179
0.1	0.00015	0.09285345
0.1	0.000155	0.09195935
0.1	0.00016	0.10524
0.1	0.000165	0.1171052
0.1	0.00017	0.099056
0.1	0.000175	0.08112795
0.1	0.00018	0.08571935
0.1	0.000185	0.1046534
0.1	0.00019	0.1025484
0.1	0.000195	0.10125405
0.1	0.0002	0.0982271
0.15	0.0002	0.10335875
0.15	0.000195	0.0923878
0.15	0.00019	0.0869489
0.15	0.000185	0.07203815
0.15	0.00018	0.1110702
0.15	0.000175	0.09154955
0.15	0.00017	0.0886531
0.15	0.000165	0.0870047
0.15	0.00016	0.09897225
0.15	0.000155	0.1041411
0.15	0.00015	0.08310235
0.15	0.000145	0.1034892
0.15	0.00014	0.1051096
0.15	0.000135	0.08845755
0.15	0.00013	0.09514445
0.15	0.000125	0.0872188
0.15	0.00012	0.09348675
0.15	0.000115	0.08662285
0.15	0.00011	0.0755493
0.15	0.000105	0.1011608
0.15	0.0001	0.0913725
0.15	9.5e-05	0.07965645
0.15	9e-05	0.09946585
0.15	8.5e-05	0.08691145
0.15	8e-05	0.09945645
0.15	7.5e-05	0.0913725
0.15	7e-05	0.11517735
0.15	6.5e-05	0.1093844
0.15	6e-05	0.1000153
0.15	5.5e-05	0.11846485
0.15	5e-05	0.12128685
0.15	4.5e-05	0.0878056
0.15	4e-05	0.13020895
0.15	3.5e-05	0.17181125
0.15	3e-05	0.1731617
0.15	2.5e-05	0.1105113
0.15	2e-05	0.04912748
0.15	1.5e-05	0.00536445
0.15	1e-05	0.0134763
0.15	5e-06	0.01643798
0.15	0.0	-0.00612813
0.15	-5e-06	-0.00801871
0.15	-1e-05	0.02088967
0.15	-1.5e-05	0.00801874
0.15	-2e-05	0.03321117
0.15	-2.5e-05	0.07052005
0.15	-3e-05	0.1548424
0.15	-3.5e-05	0.1748845
0.15	-4e-05	0.1608308
0.15	-4.5e-05	0.13366415
0.15	-5e-05	0.1195266
0.15	-5.5e-05	0.10150545
0.15	-6e-05	0.10863935
0.15	-6.5e-05	0.10490475
0.15	-7e-05	0.1064694
0.15	-7.5e-05	0.1019898
0.15	-8e-05	0.10347055
0.15	-8.5e-05	0.1038339
0.15	-9e-05	0.11236485
0.15	-9.5e-05	0.089277
0.15	-0.0001	0.12595275
0.15	-0.000105	0.0860174
0.15	-0.00011	0.1075591
0.15	-0.000115	0.10659985
0.15	-0.00012	0.09697915
0.15	-0.000125	0.081873
0.15	-0.00013	0.09927025
0.15	-0.000135	0.09568465
0.15	-0.00014	0.08788935
0.15	-0.000145	0.0940547
0.15	-0.00015	0.07919075
0.15	-0.000155	0.09960545
0.15	-0.00016	0.0859802
0.15	-0.000165	0.13232295
0.15	-0.00017	0.0831955
0.15	-0.000175	0.09579645
0.15	-0.00018	0.10182205
0.15	-0.000185	0.09171725
0.15	-0.00019	0.0991119
0.15	-0.000195	0.0856076
0.15	-0.0002	0.0786134
0.2	-0.0002	0.0872375
0.2	-0.000195	0.0974915
0.2	-0.00019	0.06828495
0.2	-0.000185	0.07080885
0.2	-0.00018	0.07892995
0.2	-0.000175	0.07504645
0.2	-0.00017	0.0957406
0.2	-0.000165	0.0940641
0.2	-0.00016	0.096644
0.2	-0.000155	0.0815284
0.2	-0.00015	0.09900015
0.2	-0.000145	0.0988418
0.2	-0.00014	0.08566355
0.2	-0.000135	0.07917215
0.2	-0.00013	0.0926298
0.2	-0.000125	0.10160795
0.2	-0.00012	0.0916428
0.2	-0.000115	0.08272055
0.2	-0.00011	0.1023343
0.2	-0.000105	0.1031259
0.2	-0.0001	0.0991678
0.2	-9.5e-05	0.08930515
0.2	-9e-05	0.09828305
0.2	-8.5e-05	0.09953105
0.2	-8e-05	0.09335625
0.2	-7.5e-05	0.07966575
0.2	-7e-05	0.08850415
0.2	-6.5e-05	0.1075591
0.2	-6e-05	0.09036665
0.2	-5.5e-05	0.10176625
0.2	-5e-05	0.1418132
0.2	-4.5e-05	0.1287933
0.2	-4e-05	0.16766675
0.2	-3.5e-05	0.1949364
0.2	-3e-05	0.1680582
0.2	-2.5e-05	0.0806344
0.2	-2e-05	0.02623553
0.2	-1.5e-05	0.02234254
0.2	-1e-05	0.01974413
0.2	-5e-06	-5.588e-05
0.2	0.0	0.00713396
0.2	5e-06	0.00253321
0.2	1e-05	-0.00285917
0.2	1.5e-05	-0.01488261
0.2	2e-05	0.01424933
0.2	2.5e-05	0.07474835
0.2	3e-05	0.17432595
0.2	3.5e-05	0.1614272
0.2	4e-05	0.12389455
0.2	4.5e-05	0.1270983
0.2	5e-05	0.11285835
0.2	5.5e-05	0.1207653
0.2	6e-05	0.08844825
0.2	6.5e-05	0.09451115
0.2	7e-05	0.11608075
0.2	7.5e-05	0.09478115
0.2	8e-05	0.10430875
0.2	8.5e-05	0.1168444
0.2	9e-05	0.0970164
0.2	9.5e-05	0.09669045
0.2	0.0001	0.1162297
0.2	0.000105	0.0987115
0.2	0.00011	0.0861665
0.2	0.000115	0.0757915
0.2	0.00012	0.09429695
0.2	0.000125	0.0873399
0.2	0.00013	0.0986463
0.2	0.000135	0.09879525
0.2	0.00014	0.0984601
0.2	0.000145	0.086092
0.2	0.00015	0.0980595
0.2	0.000155	0.08262745
0.2	0.00016	0.08697675
0.2	0.000165	0.0933749
0.2	0.00017	0.0955169
0.2	0.000175	0.0898545
0.2	0.00018	0.09155875
0.2	0.000185	0.0995124
0.2	0.00019	0.0891653
0.2	0.000195	0.093319
0.2	0.0002	0.0820966
0.25	0.0002	0.101077
0.25	0.000195	0.0925274
0.25	0.00019	0.12842995
0.25	0.000185	0.1029583
0.25	0.00018	0.1069816
0.25	0.000175	0.11050205
0.25	0.00017	0.09770565
0.25	0.000165	0.0770487
0.25	0.00016	0.0794143
0.25	0.000155	0.0820034
0.25	0.00015	0.08590575
0.25	0.000145	0.08522585
0.25	0.00014	0.09377545
0.25	0.000135	0.1009466
0.25	0.00013	0.1022692
0.25	0.000125	0.1097011
0.25	0.00012	0.09566595
0.25	0.000115	0.1173287
0.25	0.00011	0.12002945
0.25	0.000105	0.11114475
0.25	0.0001	0.0849371
0.25	9.5e-05	0.09149365
0.25	9e-05	0.0925368
0.25	8.5e-05	0.1062832
0.25	8e-05	0.12147315
0.25	7.5e-05	0.09969865
0.25	7e-05	0.10551945
0.25	6.5e-05	0.12666995
0.25	6e-05	0.1208491
0.25	5.5e-05	0.14012765
0.25	5e-05	0.12253475
0.25	4.5e-05	0.142819
0.25	4e-05	0.20153935
0.25	3.5e-05	0.2493908
0.25	3e-05	0.1633736
0.25	2.5e-05	0.06296705
0.25	2e-05	0.05836625
0.25	1.5e-05	0.01618648
0.25	1e-05	0.00950886
0.25	5e-06	0.00531787
0.25	0.0	0.01076617
0.25	-5e-06	-0.00458213
0.25	-1e-05	-0.001993
0.25	-1.5e-05	0.00523403
0.25	-2e-05	-0.00214202
0.25	-2.5e-05	0.02552772
0.25	-3e-05	0.11685368
0.25	-3.5e-05	0.204026
0.25	-4e-05	0.1700791
0.25	-4.5e-05	0.1124021
0.25	-5e-05	0.1392055
0.25	-5.5e-05	0.1313637
0.25	-6e-05	0.10887215
0.25	-6.5e-05	0.10946825
0.25	-7e-05	0.0994192
0.25	-7.5e-05	0.0887276
0.25	-8e-05	0.1143391
0.25	-8.5e-05	0.1080434
0.25	-9e-05	0.10781055
0.25	-9.5e-05	0.0890628
0.25	-0.0001	0.074618
0.25	-0.000105	0.105119
0.25	-0.00011	0.088141
0.25	-0.000115	0.10766145
0.25	-0.00012	0.0860826
0.25	-0.000125	0.11596895
0.25	-0.00013	0.10640425
0.25	-0.000135	0.10374985
0.25	-0.00014	0.11568955
0.25	-0.000145	0.0948557
0.25	-0.00015	0.1006858
0.25	-0.000155	0.11440415
0.25	-0.00016	0.08627827
0.25	-0.000165	0.0996893
0.25	-0.00017	0.11825995
0.25	-0.000175	0.087405
0.25	-0.00018	0.08248765
0.25	-0.000185	0.11998295
0.25	-0.00019	0.0990933
0.25	-0.000195	0.09256465
0.25	-0.0002	0.10610625
0.3	-0.0002	0.11092115
0.3	-0.000195	0.08507675
0.3	-0.00019	0.08069955
0.3	-0.000185	0.0898732
0.3	-0.00018	0.07558652
0.3	-0.000175	0.1077081
0.3	-0.00017	0.0914937
0.3	-0.000165	0.07016619
0.3	-0.00016	0.08641795
0.3	-0.000155	0.090227
0.3	-0.00015	0.0828416
0.3	-0.000145	0.0747856
0.3	-0.00014	0.10004335
0.3	-0.000135	0.0907672
0.3	-0.00013	0.08818745
0.3	-0.000125	0.08553305
0.3	-0.00012	0.08556105
0.3	-0.000115	0.1099899
0.3	-0.00011	0.10513765
0.3	-0.000105	0.1043367
0.3	-0.0001	0.09622485
0.3	-9.5e-05	0.08646435
0.3	-9e-05	0.07736535
0.3	-8.5e-05	0.11224365
0.3	-8e-05	0.0875354
0.3	-7.5e-05	0.0964764
0.3	-7e-05	0.0949768
0.3	-6.5e-05	0.1081272
0.3	-6e-05	0.12038345
0.3	-5.5e-05	0.0901339
0.3	-5e-05	0.05352335
0.3	-4.5e-05	0.0815656
0.3	-4e-05	0.11002705
0.3	-3.5e-05	0.1309168
0.3	-3e-05	0.1245279
0.3	-2.5e-05	0.1410028
0.3	-2e-05	0.15345485
0.3	-1.5e-05	0.1113495
0.3	-1e-05	0.02281759
0.3	-5e-06	0.03969316
0.3	0.0	0.03645218
0.3	5e-06	0.03411456
0.3	1e-05	0.04800065
0.3	1.5e-05	0.08603605
0.3	2e-05	0.1172914
0.3	2.5e-05	0.130004
0.3	3e-05	0.13927995
0.3	3.5e-05	0.11409695
0.3	4e-05	0.12098875
0.3	4.5e-05	0.12070945
0.3	5e-05	0.10534255
0.3	5.5e-05	0.11977805
0.3	6e-05	0.09761245
0.3	6.5e-05	0.1078944
0.3	7e-05	0.0913539
0.3	7.5e-05	0.0779429
0.3	8e-05	0.0722617
0.3	8.5e-05	0.11209455
0.3	9e-05	0.0741803
0.3	9.5e-05	0.0778125
0.3	0.0001	0.1217804
0.3	0.000105	0.0941014
0.3	0.00011	0.07454341
0.3	0.000115	0.08297206
0.3	0.00012	0.09230389
0.3	0.000125	0.075391
0.3	0.00013	0.08672525
0.3	0.000135	0.07812915
0.3	0.00014	0.1082575
0.3	0.000145	0.0859895
0.3	0.00015	0.07941421
0.3	0.000155	0.12307507
0.3	0.00016	0.0766483
0.3	0.000165	0.09225735
0.3	0.00017	0.08941675
0.3	0.000175	0.1153543
0.3	0.00018	0.10143085
0.3	0.000185	0.0889978
0.3	0.00019	0.0916334
0.3	0.000195	0.1040294
0.3	0.0002	0.10239015
0.35	0.0002	0.1026417
0.35	0.000195	0.08626895
0.35	0.00019	0.1086209
0.35	0.000185	0.10651605
0.35	0.00018	0.09257405
0.35	0.000175	0.11355685
0.35	0.00017	0.1027069
0.35	0.000165	0.1094123
0.35	0.00016	0.1050073
0.35	0.000155	0.09064605
0.35	0.00015	0.09302105
0.35	0.000145	0.0811093
0.35	0.00014	0.08781495
0.35	0.000135	0.08734915
0.35	0.00013	0.0749625
0.35	0.000125	0.11713315
0.35	0.00012	0.05193085
0.35	0.000115	0.10624605
0.35	0.00011	0.0877683
0.35	0.000105	0.10200835
0.35	0.0001	0.09848795
0.35	9.5e-05	0.0887555
0.35	9e-05	0.0701383
0.35	8.5e-05	0.0989069
0.35	8e-05	0.0970258
0.35	7.5e-05	0.09803155
0.35	7e-05	0.08607325
0.35	6.5e-05	0.07938645
0.35	6e-05	0.1014123
0.35	5.5e-05	0.1101761
0.35	5e-05	0.09670915
0.35	4.5e-05	0.09256475
0.35	4e-05	0.11672335
0.35	3.5e-05	0.12008535
0.35	3e-05	0.10210145
0.35	2.5e-05	0.09462295
0.35	2e-05	0.13060005
0.35	1.5e-05	0.1165835
0.35	1e-05	0.06681345
0.35	5e-06	0.02649627
0.35	0.0	0.02568601
0.35	-5e-06	0.02566743
0.35	-1e-05	0.04498315
0.35	-1.5e-05	0.1090585
0.35	-2e-05	0.1055846
0.35	-2.5e-05	0.11561515
0.35	-3e-05	0.0976218
0.35	-3.5e-05	0.1036848
0.35	-4e-05	0.0934216
0.35	-4.5e-05	0.09341215
0.35	-5e-05	0.09803165
0.35	-5.5e-05	0.1077546
0.35	-6e-05	0.1072517
0.35	-6.5e-05	0.08900705
0.35	-7e-05	0.1053424
0.35	-7.5e-05	0.09961485
0.35	-8e-05	0.08614785
0.35	-8.5e-05	0.1034426
0.35	-9e-05	0.0909069
0.35	-9.5e-05	0.0893143
0.35	-0.0001	0.09775215
0.35	-0.000105	0.0802058
0.35	-0.00011	0.09823645
0.35	-0.000115	0.089156
0.35	-0.00012	0.07970305
0.35	-0.000125	0.07774735
0.35	-0.00013	0.0998104
0.35	-0.000135	0.10289325
0.35	-0.00014	0.11186185
0.35	-0.000145	0.1183811
0.35	-0.00015	0.11270925
0.35	-0.000155	0.09841345
0.35	-0.00016	0.10650665
0.35	-0.000165	0.0886996
0.35	-0.00017	0.08662285
0.35	-0.000175	0.097538
0.35	-0.00018	0.0840058
0.35	-0.000185	0.10169175
0.35	-0.00019	0.0813142
0.35	-0.000195	0.08622225
0.35	-0.0002	0.0918196
0.4	-0.0002	0.071675
0.4	-0.000195	0.06995205
0.4	-0.00019	0.080178
0.4	-0.000185	0.09292795
0.4	-0.00018	0.1026138
0.4	-0.000175	0.07362145
0.4	-0.00017	0.10625515
0.4	-0.000165	0.09828305
0.4	-0.00016	0.09762175
0.4	-0.000155	0.11126585
0.4	-0.00015	0.1163601
0.4	-0.000145	0.108388
0.4	-0.00014	0.11011095
0.4	-0.000135	0.10016435
0.4	-0.00013	0.08384735
0.4	-0.000125	0.0943342
0.4	-0.00012	0.1229446
0.4	-0.000115	0.12397835
0.4	-0.00011	0.11771985
0.4	-0.000105	0.1130259
0.4	-0.0001	0.118083
0.4	-9.5e-05	0.10051825
0.4	-9e-05	0.0995123
0.4	-8.5e-05	0.08815005
0.4	-8e-05	0.11132165
0.4	-7.5e-05	0.0988511
0.4	-7e-05	0.12432285
0.4	-6.5e-05	0.0980409
0.4	-6e-05	0.09443665
0.4	-5.5e-05	0.09344945
0.4	-5e-05	0.08865315
0.4	-4.5e-05	0.07198235
0.4	-4e-05	0.07399405
0.4	-3.5e-05	0.11088385
0.4	-3e-05	0.0741058
0.4	-2.5e-05	0.1044018
0.4	-2e-05	0.10740075
0.4	-1.5e-05	0.1137804
0.4	-1e-05	0.10267885
0.4	-5e-06	0.07398465
0.4	0.0	0.08018735
0.4	5e-06	0.0560845
0.4	1e-05	0.0849743
0.4	1.5e-05	0.1350518
0.4	2e-05	0.1350517
0.4	2.5e-05	0.1288213
0.4	3e-05	0.1207187
0.4	3.5e-05	0.122777
0.4	4e-05	0.0844622
0.4	4.5e-05	0.0838289
0.4	5e-05	0.099652
0.4	5.5e-05	0.1118431
0.4	6e-05	0.0943621
0.4	6.5e-05	0.09960545
0.4	7e-05	0.10866735
0.4	7.5e-05	0.08180775
0.4	8e-05	0.10227845
0.4	8.5e-05	0.091326
0.4	9e-05	0.0724107
0.4	9.5e-05	0.1022505
0.4	0.0001	0.0991864
0.4	0.000105	0.08002895
0.4	0.00011	0.10603165
0.4	0.000115	0.11237405
0.4	0.00012	0.09599195
0.4	0.000125	0.10693515
0.4	0.00013	0.09093485
0.4	0.000135	0.10244605
0.4	0.00014	0.1130538
0.4	0.000145	0.08396854
0.4	0.00015	0.089631
0.4	0.000155	0.08286015
0.4	0.00016	0.1111634
0.4	0.000165	0.1239784
0.4	0.00017	0.09650415
0.4	0.000175	0.07321165
0.4	0.00018	0.07525135
0.4	0.000185	0.09349605
0.4	0.00019	0.0669904
0.4	0.000195	0.0873399
0.4	0.0002	0.11324015
0.45	0.0002	0.1095148
0.45	0.000195	0.0917823
0.45	0.00019	0.09304885
0.45	0.000185	0.0921176
0.45	0.00018	0.09681155
0.45	0.000175	0.0802152
0.45	0.00017	0.07729085
0.45	0.000165	0.11260675
0.45	0.00016	0.1099526
0.45	0.000155	0.07868795
0.45	0.00015	0.1156429
0.45	0.000145	0.1262601
0.45	0.00014	0.08399645
0.45	0.000135	0.09357985
0.45	0.00013	0.0877963
0.45	0.000125	0.13994115
0.45	0.00012	0.09326315
0.45	0.000115	0.12381075
0.45	0.00011	0.10937515
0.45	0.000105	0.12286075
0.45	0.0001	0.09846005
0.45	9.5e-05	0.08245975
0.45	9e-05	0.1233357
0.45	8.5e-05	0.1064322
0.45	8e-05	0.0970909
0.45	7.5e-05	0.13125195
0.45	7e-05	0.0835308
0.45	6.5e-05	0.08109065
0.45	6e-05	0.05792857
0.45	5.5e-05	0.0786879
0.45	5e-05	0.0711628
0.45	4.5e-05	0.09457635
0.45	4e-05	0.0914285
0.45	3.5e-05	0.1306373
0.45	3e-05	0.12167795
0.45	2.5e-05	0.08666936
0.45	2e-05	0.1374453
0.45	1.5e-05	0.1145346
0.45	1e-05	0.14062115
0.45	5e-06	0.07998245
0.45	0.0	0.03574434
0.45	-5e-06	0.08701396
0.45	-1e-05	0.1181482
0.45	-1.5e-05	0.1171516
0.45	-2e-05	0.10588265
0.45	-2.5e-05	0.1202344
0.45	-3e-05	0.0627156
0.45	-3.5e-05	0.11136815
0.45	-4e-05	0.11061385
0.45	-4.5e-05	0.08744235
0.45	-5e-05	0.08400575
0.45	-5.5e-05	0.1131097
0.45	-6e-05	0.08013145
0.45	-6.5e-05	0.04185386
0.45	-7e-05	0.1369889
0.45	-7.5e-05	0.10307005
0.45	-8e-05	0.12273035
0.45	-8.5e-05	0.10748455
0.45	-9e-05	0.07423615
0.45	-9.5e-05	0.09888835
0.45	-0.0001	0.10137505
0.45	-0.000105	0.04590514
0.45	-0.00011	0.06798692
0.45	-0.000115	0.08382885
0.45	-0.00012	0.0879546
0.45	-0.000125	0.09635514
0.45	-0.00013	0.13510775
0.45	-0.000135	0.12185485
0.45	-0.00014	0.1299854
0.45	-0.000145	0.12377345
0.45	-0.00015	0.1183252
0.45	-0.000155	0.08049472
0.45	-0.00016	0.05659677
0.45	-0.000165	0.09625275
0.45	-0.00017	0.10493285
0.45	-0.000175	0.1156802
0.45	-0.00018	0.0737983
0.45	-0.000185	0.11375235
0.45	-0.00019	0.0933655
0.45	-0.000195	0.07530719
0.45	-0.0002	0.0634513
0.5	-0.0002	0.09439005
0.5	-0.000195	0.1011609
0.5	-0.00019	0.0677728
0.5	-0.000185	0.06450376
0.5	-0.00018	0.12427645
0.5	-0.000175	0.10051825
0.5	-0.00017	0.07363076
0.5	-0.000165	0.1131284
0.5	-0.00016	0.17439115
0.5	-0.000155	0.12335435
0.5	-0.00015	0.06434546
0.5	-0.000145	0.10905845
0.5	-0.00014	0.13536835
0.5	-0.000135	0.11172195
0.5	-0.00013	0.1446818
0.5	-0.000125	0.05476205
0.5	-0.00012	0.07934905
0.5	-0.000115	0.0850303
0.5	-0.00011	0.09824575
0.5	-0.000105	0.08985455
0.5	-0.0001	0.09512572
0.5	-9.5e-05	0.03669435
0.5	-9e-05	0.09298375
0.5	-8.5e-05	0.05681095
0.5	-8e-05	0.11212255
0.5	-7.5e-05	0.1153263
0.5	-7e-05	0.15357585
0.5	-6.5e-05	0.0928534
0.5	-6e-05	0.0927881
0.5	-5.5e-05	0.0968209
0.5	-5e-05	0.17267745
0.5	-4.5e-05	0.1084811
0.5	-4e-05	0.1435549
0.5	-3.5e-05	0.0988418
0.5	-3e-05	0.07325825
0.5	-2.5e-05	0.086688
0.5	-2e-05	0.10561255
0.5	-1.5e-05	0.1337946
0.5	-1e-05	0.06100191
0.5	-5e-06	0.01249843
0.5	0.0	0.1119177
0.5	5e-06	0.05583313
0.5	1e-05	0.07484145
0.5	1.5e-05	0.18852875
0.5	2e-05	0.165143
0.5	2.5e-05	0.0861292
0.5	3e-05	0.08305575
0.5	3.5e-05	0.10773605
0.5	4e-05	0.1802493
0.5	4.5e-05	0.13629995
0.5	5e-05	0.1097477
0.5	5.5e-05	0.18071495
0.5	6e-05	0.061449
0.5	6.5e-05	0.0651929
0.5	7e-05	0.1358808
0.5	7.5e-05	0.13589935
0.5	8e-05	0.09846914
0.5	8.5e-05	0.01098965
0.5	9e-05	0.11441355
0.5	9.5e-05	0.07719784
0.5	0.0001	0.1055287
0.5	0.000105	0.15314755
0.5	0.00011	0.05898095
0.5	0.000115	-0.00257046
0.5	0.00012	0.0882526
0.5	0.000125	0.1252077
0.5	0.00013	0.04071765
0.5	0.000135	0.12169655
0.5	0.00014	0.09588015
0.5	0.000145	0.10207345
0.5	0.00015	0.1003598
0.5	0.000155	0.11409685
0.5	0.00016	0.0996334
0.5	0.000165	0.10811785
0.5	0.00017	0.12802025
0.5	0.000175	0.1311774
0.5	0.00018	0.12696795
0.5	0.000185	0.13064665
0.5	0.00019	0.02269643
0.5	0.000195	0.06104858
0.5	0.0002	0.15074475
0.55	0.0002	0.09649495
0.55	0.000195	0.1100642
0.55	0.00019	-0.01742514
0.55	0.000185	0.02224946
0.55	0.00018	0.08009419
0.55	0.000175	0.07016627
0.55	0.00017	0.09442735
0.55	0.000165	0.08082988
0.55	0.00016	0.04376302
0.55	0.000155	0.12318665
0.55	0.00015	0.05806828
0.55	0.000145	0.1437784
0.55	0.00014	0.1552989
0.55	0.000135	0.09875795
0.55	0.00013	0.1082297
0.55	0.000125	0.0658263
0.55	0.00012	0.01363464
0.55	0.000115	0.0935797
0.55	0.00011	0.10183146
0.55	0.000105	0.13783645
0.55	0.0001	0.10344255
0.55	9.5e-05	0.16780655
0.55	9e-05	0.07064115
0.55	8.5e-05	0.16610235
0.55	8e-05	0.0971095
0.55	7.5e-05	0.1652918
0.55	7e-05	0.02712025
0.55	6.5e-05	0.0586737
0.55	6e-05	0.09318853
0.55	5.5e-05	0.1033402
0.55	5e-05	0.05124168
0.55	4.5e-05	0.0491276
0.55	4e-05	0.05529291
0.55	3.5e-05	0.10329355
0.55	3e-05	0.15245845
0.55	2.5e-05	0.11520515
0.55	2e-05	0.1286908
0.55	1.5e-05	0.1428751
0.55	1e-05	0.07966585
0.55	5e-06	0.0875822
0.55	0.0	0.00749721
0.55	-5e-06	-0.012843
0.55	-1e-05	0.10053685
0.55	-1.5e-05	0.1225534
0.55	-2e-05	0.1277781
0.55	-2.5e-05	0.13376655
0.55	-3e-05	0.11541945
0.55	-3.5e-05	0.13919615
0.55	-4e-05	0.1335803
0.55	-4.5e-05	0.0781105
0.55	-5e-05	0.08773105
0.55	-5.5e-05	0.10107695
0.55	-6e-05	0.0879546
0.55	-6.5e-05	0.0906275
0.55	-7e-05	0.07718845
0.55	-7.5e-05	0.0811372
0.55	-8e-05	0.095163
0.55	-8.5e-05	0.08132345
0.55	-9e-05	0.08830855
0.55	-9.5e-05	0.09905605
0.55	-0.0001	0.08241322
0.55	-0.000105	0.1009652
0.55	-0.00011	0.10747535
0.55	-0.000115	0.1059665
0.55	-0.00012	0.1403231
0.55	-0.000125	0.16323375
0.55	-0.00013	0.06390769
0.55	-0.000135	0.07197302
0.55	-0.00014	0.1747917
0.55	-0.000145	0.13376655
0.55	-0.00015	0.13439995
0.55	-0.000155	0.1549821
0.55	-0.00016	0.1043833
0.55	-0.000165	0.0947999
0.55	-0.00017	0.16995795
0.55	-0.000175	0.0767041
0.55	-0.00018	0.05069212
0.55	-0.000185	0.142307
0.55	-0.00019	0.10724245
0.55	-0.000195	0.06784725
0.55	-0.0002	0.1044484
0.6	-0.0002	0.0829814
0.6	-0.000195	0.14626495
0.6	-0.00019	0.1631966
0.6	-0.000185	0.13733355
0.6	-0.00018	0.129678
0.6	-0.000175	0.14056525
0.6	-0.00017	0.07526055
0.6	-0.000165	0.06565855
0.6	-0.00016	0.08023385
0.6	-0.000155	0.08832715
0.6	-0.00015	0.1003227
0.6	-0.000145	0.08453655
0.6	-0.00014	0.06997995
0.6	-0.000135	0.1259435
0.6	-0.00013	0.080802
0.6	-0.000125	0.10753115
0.6	-0.00012	0.1353777
0.6	-0.000115	0.1229166
0.6	-0.00011	0.12207845
0.6	-0.000105	0.08816875
0.6	-0.0001	0.1152425
0.6	-9.5e-05	0.1043459
0.6	-9e-05	0.13587135
0.6	-8.5e-05	0.0917358
0.6	-8e-05	0.0607039
0.6	-7.5e-05	0.07065046
0.6	-7e-05	0.070399
0.6	-6.5e-05	0.11654625
0.6	-6e-05	0.10365685
0.6	-5.5e-05	0.0824877
0.6	-5e-05	0.10898405
0.6	-4.5e-05	0.1089561
0.6	-4e-05	0.11704005
0.6	-3.5e-05	0.08563555
0.6	-3e-05	0.117515
0.6	-2.5e-05	0.105594
0.6	-2e-05	0.08819675
0.6	-1.5e-05	0.1097384
0.6	-1e-05	0.0744969
0.6	-5e-06	0.0977988
0.6	0.0	0.0674095
0.6	5e-06	0.0767507
0.6	1e-05	0.0924529
0.6	1.5e-05	0.0736773
0.6	2e-05	0.11609935
0.6	2.5e-05	0.1326676
0.6	3e-05	0.13585275
0.6	3.5e-05	0.13138245
0.6	4e-05	0.1014122
0.6	4.5e-05	0.12813205
0.6	5e-05	0.06781925
0.6	5.5e-05	0.0776541
0.6	6e-05	0.15155485
0.6	6.5e-05	0.10836925
0.6	7e-05	0.08103485
0.6	7.5e-05	0.126763
0.6	8e-05	0.1267443
0.6	8.5e-05	0.1180365
0.6	9e-05	0.10822955
0.6	9.5e-05	0.12078395
0.6	0.0001	0.1316617
0.6	0.000105	0.1026137
0.6	0.00011	0.0956102
0.6	0.000115	0.10761505
0.6	0.00012	0.08433165
0.6	0.000125	0.0924436
0.6	0.00013	0.09737975
0.6	0.000135	0.0770861
0.6	0.00014	0.03418895
0.6	0.000145	0.07178681
0.6	0.00015	0.0763503
0.6	0.000155	0.0560194
0.6	0.00016	0.00227246
0.6	0.000165	0.064569
0.6	0.00017	0.09479055
0.6	0.000175	0.06077845
0.6	0.00018	0.08554242
0.6	0.000185	0.10972905
0.6	0.00019	0.08770305
0.6	0.000195	0.10428075
0.6	0.0002	0.0847788
0.65	0.0002	0.09521895
0.65	0.000195	0.11106075
0.65	0.00019	0.1010584
0.65	0.000185	0.0813049
0.65	0.00018	0.1087697
0.65	0.000175	0.0913819
0.65	0.00017	0.07363075
0.65	0.000165	0.08176125
0.65	0.00016	0.1064136
0.65	0.000155	0.1148048
0.65	0.00015	0.04859664
0.65	0.000145	0.1031259
0.65	0.00014	0.0755773
0.65	0.000135	0.0912235
0.65	0.00013	0.08309305
0.65	0.000125	0.0675865
0.65	0.00012	0.1319877
0.65	0.000115	0.07309995
0.65	0.00011	0.10698155
0.65	0.000105	0.1532219
0.65	0.0001	0.11060445
0.65	9.5e-05	0.07364945
0.65	9e-05	0.0628368
0.65	8.5e-05	0.11837185
0.65	8e-05	0.0964577
0.65	7.5e-05	0.07443165
0.65	7e-05	0.1027441
0.65	6.5e-05	0.0930303
0.65	6e-05	0.0550415
0.65	5.5e-05	0.0828323
0.65	5e-05	0.10948695
0.65	4.5e-05	0.06650615
0.65	4e-05	0.0707343
0.65	3.5e-05	0.09679295
0.65	3e-05	0.1053052
0.65	2.5e-05	0.101524
0.65	2e-05	0.0761733
0.65	1.5e-05	0.1016079
0.65	1e-05	0.1202902
0.65	5e-06	0.15365045
0.65	0.0	0.07420825
0.65	-5e-06	0.0939803
0.65	-1e-05	0.0779056
0.65	-1.5e-05	0.0791908
0.65	-2e-05	0.12719135
0.65	-2.5e-05	0.0713955
0.65	-3e-05	0.0735842
0.65	-3.5e-05	0.09121425
0.65	-4e-05	0.11047395
0.65	-4.5e-05	0.10322835
0.65	-5e-05	0.11947065
0.65	-5.5e-05	0.093049
0.65	-6e-05	0.1129608
0.65	-6.5e-05	0.06816385
0.65	-7e-05	0.07519535
0.65	-7.5e-05	0.1259714
0.65	-8e-05	0.09640169
0.65	-8.5e-05	0.08906295
0.65	-9e-05	0.0810255
0.65	-9.5e-05	0.1356852
0.65	-0.0001	0.06100194
0.65	-0.000105	0.07820359
0.65	-0.00011	0.10835995
0.65	-0.000115	0.08160285
0.65	-0.00012	0.106637
0.65	-0.000125	0.10714935
0.65	-0.00013	0.1062925
0.65	-0.000135	0.0690021
0.65	-0.00014	0.0999873
0.65	-0.000145	0.08885805
0.65	-0.00015	0.06027547
0.65	-0.000155	0.154619
0.65	-0.00016	0.11330522
0.65	-0.000165	0.11769185
0.65	-0.00017	0.0880478
0.65	-0.000175	0.1086767
0.65	-0.00018	0.1214265
0.65	-0.000185	0.09887905
0.65	-0.00019	0.1140503
0.65	-0.000195	0.1187536
0.65	-0.0002	0.1203834
0.7	-0.0002	0.0653607
0.7	-0.000195	0.1062552
0.7	-0.00019	0.12112865
0.7	-0.000185	0.1150004
0.7	-0.00018	0.13263975
0.7	-0.000175	0.100276
0.7	-0.00017	0.1069165
0.7	-0.000165	0.107708
0.7	-0.00016	0.08559833
0.7	-0.000155	0.0665154
0.7	-0.00015	0.11646245
0.7	-0.000145	0.12184565
0.7	-0.00014	0.08694885
0.7	-0.000135	0.0939803
0.7	-0.00013	0.1242391
0.7	-0.000125	0.1202344
0.7	-0.00012	0.08462055
0.7	-0.000115	0.10303275
0.7	-0.00011	0.0776634
0.7	-0.000105	0.07681585
0.7	-0.0001	0.12138005
0.7	-9.5e-05	0.1127
0.7	-9e-05	0.09933545
0.7	-8.5e-05	0.07186116
0.7	-8e-05	0.109133
0.7	-7.5e-05	0.1234754
0.7	-7e-05	0.08350284
0.7	-6.5e-05	0.1026789
0.7	-6e-05	0.14324745
0.7	-5.5e-05	0.1152426
0.7	-5e-05	0.08800125
0.7	-4.5e-05	0.0849371
0.7	-4e-05	0.12422045
0.7	-3.5e-05	0.06059215
0.7	-3e-05	0.10595725
0.7	-2.5e-05	0.09168925
0.7	-2e-05	0.11121915
0.7	-1.5e-05	0.07954475
0.7	-1e-05	0.1193124
0.7	-5e-06	0.1045321
0.7	0.0	0.0747017
0.7	5e-06	0.08497425
0.7	1e-05	0.1000526
0.7	1.5e-05	0.13227645
0.7	2e-05	0.12362445
0.7	2.5e-05	0.11639735
0.7	3e-05	0.13238815
0.7	3.5e-05	0.12911
0.7	4e-05	0.11704925
0.7	4.5e-05	0.1129049
0.7	5e-05	0.1286908
0.7	5.5e-05	0.0986462
0.7	6e-05	0.06835015
0.7	6.5e-05	0.0843502
0.7	7e-05	0.0914564
0.7	7.5e-05	0.1116568
0.7	8e-05	0.0936451
0.7	8.5e-05	0.1118804
0.7	9e-05	0.0867253
0.7	9.5e-05	0.1018127
0.7	0.0001	0.08313045
0.7	0.000105	0.11541005
0.7	0.00011	0.11034375
0.7	0.000115	0.10470916
0.7	0.00012	0.1025671
0.7	0.000125	0.121054
0.7	0.00013	0.08333525
0.7	0.000135	0.0804761
0.7	0.00014	0.1158664
0.7	0.000145	0.0800103
0.7	0.00015	0.11483275
0.7	0.000155	0.11849285
0.7	0.00016	0.13074905
0.7	0.000165	0.1373522
0.7	0.00017	0.09897225
0.7	0.000175	0.1037871
0.7	0.00018	0.08405235
0.7	0.000185	0.0866134
0.7	0.00019	0.0956008
0.7	0.000195	0.09866485
0.7	0.0002	0.07781245
0.75	0.0002	0.0885693
0.75	0.000195	0.09988495
0.75	0.00019	0.0926485
0.75	0.000185	0.11284915
0.75	0.00018	0.1357411
0.75	0.000175	0.10263235
0.75	0.00017	0.10660915
0.75	0.000165	0.09977305
0.75	0.00016	0.13638365
0.75	0.000155	0.12011335
0.75	0.00015	0.11439505
0.75	0.000145	0.1402206
0.75	0.00014	0.0933471
0.75	0.000135	0.10478375
0.75	0.00013	0.12070925
0.75	0.000125	0.08725615
0.75	0.00012	0.08769375
0.75	0.000115	0.07040835
0.75	0.00011	0.1115172
0.75	0.000105	0.08679042
0.75	0.0001	0.04579336
0.75	9.5e-05	0.10442985
0.75	9e-05	0.0900594
0.75	8.5e-05	0.0770674
0.75	8e-05	0.0676795
0.75	7.5e-05	0.1063389
0.75	7e-05	0.08966825
0.75	6.5e-05	0.0723735
0.75	6e-05	0.10989665
0.75	5.5e-05	0.1127465
0.75	5e-05	0.07502775
0.75	4.5e-05	0.0713305
0.75	4e-05	0.0987767
0.75	3.5e-05	0.12374545
0.75	3e-05	0.12174305
0.75	2.5e-05	0.09133525
0.75	2e-05	0.1307026
0.75	1.5e-05	0.0889791
0.75	1e-05	0.1110142
0.75	5e-06	0.08284155
0.75	0.0	0.07933985
0.75	-5e-06	0.08388475
0.75	-1e-05	0.1177477
0.75	-1.5e-05	0.1079316
0.75	-2e-05	0.09972655
0.75	-2.5e-05	0.15836295
0.75	-3e-05	0.09233185
0.75	-3.5e-05	0.0726529
0.75	-4e-05	0.1068699
0.75	-4.5e-05	0.11199225
0.75	-5e-05	0.0770767
0.75	-5.5e-05	0.1000991
0.75	-6e-05	0.1149724
0.75	-6.5e-05	0.1163788
0.75	-7e-05	0.1213986
0.75	-7.5e-05	0.11918195
0.75	-8e-05	0.1270424
0.75	-8.5e-05	0.0809975
0.75	-9e-05	0.07349105
0.75	-9.5e-05	0.08743315
0.75	-0.0001	0.1283276
0.75	-0.000105	0.08339105
0.75	-0.00011	0.08712575
0.75	-0.000115	0.09773345
0.75	-0.00012	0.11531705
0.75	-0.000125	0.0935146
0.75	-0.00013	0.13145685
0.75	-0.000135	0.11767325
0.75	-0.00014	0.10815505
0.75	-0.000145	0.08873685
0.75	-0.00015	0.0701662
0.75	-0.000155	0.1204765
0.75	-0.00016	0.1123274
0.75	-0.000165	0.08864375
0.75	-0.00017	0.1107256
0.75	-0.000175	0.1117221
0.75	-0.00018	0.09750065
0.75	-0.000185	0.09260185
0.75	-0.00019	0.09642035
0.75	-0.000195	0.0965787
0.75	-0.0002	0.08616645
0.8	-0.0002	0.1075219
0.8	-0.000195	0.09123285
0.8	-0.00019	0.08905355
0.8	-0.000185	0.1127186
0.8	-0.00018	0.06648745
0.8	-0.000175	0.0862968
0.8	-0.00017	0.1170307
0.8	-0.000165	0.1046626
0.8	-0.00016	0.06970985
0.8	-0.000155	0.0889138
0.8	-0.00015	0.11098635
0.8	-0.000145	0.1665864
0.8	-0.00014	0.09736102
0.8	-0.000135	0.1090398
0.8	-0.00013	0.1183251
0.8	-0.000125	0.08623165
0.8	-0.00012	0.10667435
0.8	-0.000115	0.0938685
0.8	-0.00011	0.095936
0.8	-0.000105	0.08467634
0.8	-0.0001	0.0610671
0.8	-9.5e-05	0.101077
0.8	-9e-05	0.1072051
0.8	-8.5e-05	0.1011515
0.8	-8e-05	0.1160063
0.8	-7.5e-05	0.08759144
0.8	-7e-05	0.07308125
0.8	-6.5e-05	0.08241315
0.8	-6e-05	0.0861292
0.8	-5.5e-05	0.0988325
0.8	-5e-05	0.07106965
0.8	-4.5e-05	0.0893702
0.8	-4e-05	0.08598023
0.8	-3.5e-05	0.0990001
0.8	-3e-05	0.11601545
0.8	-2.5e-05	0.1117873
0.8	-2e-05	0.13101915
0.8	-1.5e-05	0.0940734
0.8	-1e-05	0.08029905
0.8	-5e-06	0.08344695
0.8	0.0	0.072746
0.8	5e-06	0.08569152
0.8	1e-05	0.05880402
0.8	1.5e-05	0.1066556
0.8	2e-05	0.12951975
0.8	2.5e-05	0.0797031
0.8	3e-05	0.0977615
0.8	3.5e-05	0.1269027
0.8	4e-05	0.1493197
0.8	4.5e-05	0.108779
0.8	5e-05	0.0695888
0.8	5.5e-05	0.11680705
0.8	6e-05	0.1110515
0.8	6.5e-05	0.07706735
0.8	7e-05	0.10232495
0.8	7.5e-05	0.10201765
0.8	8e-05	0.0666458
0.8	8.5e-05	0.0875355
0.8	9e-05	0.11715175
0.8	9.5e-05	0.10290245
0.8	0.0001	0.10347055
0.8	0.000105	0.09265785
0.8	0.00011	0.07629435
0.8	0.000115	0.124742
0.8	0.00012	0.0949768
0.8	0.000125	0.09989425
0.8	0.00013	0.1031912
0.8	0.000135	0.0914098
0.8	0.00014	0.10590125
0.8	0.000145	0.1022039
0.8	0.00015	0.10493265
0.8	0.000155	0.09491165
0.8	0.00016	0.0842945
0.8	0.000165	0.1224603
0.8	0.00017	0.09363555
0.8	0.000175	0.1026974
0.8	0.00018	0.10246465
0.8	0.000185	0.1530822
0.8	0.00019	0.11092115
0.8	0.000195	0.07961
0.8	0.0002	0.136691
0.85	0.0002	0.0983669
0.85	0.000195	0.09334705
0.85	0.00019	0.128607
0.85	0.000185	0.1013285
0.85	0.00018	0.1017476
0.85	0.000175	0.120607
0.85	0.00017	0.1053145
0.85	0.000165	0.1047092
0.85	0.00016	0.07117207
0.85	0.000155	0.0853935
0.85	0.00015	0.09232255
0.85	0.000145	0.079824
0.85	0.00014	0.0960106
0.85	0.000135	0.10563135
0.85	0.00013	0.09715605
0.85	0.000125	0.0823946
0.85	0.00012	0.12785275
0.85	0.000115	0.10505375
0.85	0.00011	0.11613655
0.85	0.000105	0.09849725
0.85	0.0001	0.09195935
0.85	9.5e-05	0.0933656
0.85	9e-05	0.08658555
0.85	8.5e-05	0.10747525
0.85	8e-05	0.08801975
0.85	7.5e-05	0.10766145
0.85	7e-05	0.10770805
0.85	6.5e-05	0.1089374
0.85	6e-05	0.092993
0.85	5.5e-05	0.10395485
0.85	5e-05	0.1268375
0.85	4.5e-05	0.113026
0.85	4e-05	0.12268375
0.85	3.5e-05	0.1063018
0.85	3e-05	0.07035252
0.85	2.5e-05	0.1054635
0.85	2e-05	0.12216215
0.85	1.5e-05	0.0976032
0.85	1e-05	0.09623405
0.85	5e-06	0.1323602
0.85	0.0	0.1066091
0.85	-5e-06	0.0805319
0.85	-1e-05	0.07501837
0.85	-1.5e-05	0.12236705
0.85	-2e-05	0.10831345
0.85	-2.5e-05	0.0829905
0.85	-3e-05	0.13291905
0.85	-3.5e-05	0.0991491
0.85	-4e-05	0.11652775
0.85	-4.5e-05	0.0989721
0.85	-5e-05	0.1144881
0.85	-5.5e-05	0.1009653
0.85	-6e-05	0.09561015
0.85	-6.5e-05	0.06075988
0.85	-7e-05	0.09780805
0.85	-7.5e-05	0.08544925
0.85	-8e-05	0.0863155
0.85	-8.5e-05	0.12094215
0.85	-9e-05	0.0910001
0.85	-9.5e-05	0.11479545
0.85	-0.0001	0.10982225
0.85	-0.000105	0.0989257
0.85	-0.00011	0.07227102
0.85	-0.000115	0.1015334
0.85	-0.00012	0.0715446
0.85	-0.000125	0.09534935
0.85	-0.00013	0.1309074
0.85	-0.000135	0.0892864
0.85	-0.00014	0.0770301
0.85	-0.000145	0.09212695
0.85	-0.00015	0.0886345
0.85	-0.000155	0.05899028
0.85	-0.00016	0.0641777
0.85	-0.000165	0.1171889
0.85	-0.00017	0.11838115
0.85	-0.000175	0.1007977
0.85	-0.00018	0.11655565
0.85	-0.000185	0.12154755
0.85	-0.00019	0.09767765
0.85	-0.000195	0.0786042
0.85	-0.0002	0.08626895
