Initial Temperature (K)	0.0250085
Excitation Current (A)	0.0
Axis 1,2	x,y
Angle	0
Field (T)	Current (A)	Resistance (Ohms)	Actual X-Field	Actual Y-Field	Actual Z-Field
-0.004	-0.0002	0.19368333	-0.004	0.0	-0.0
-0.004	-0.000196	0.10954608	-0.004	-0.0	0.0
-0.004	-0.000192	0.08851555	-0.004	0.0	0.0
-0.004	-0.000188	0.08369953	-0.004	-0.0	0.0001
-0.004	-0.000184	0.09938564	-0.004	-0.0	-0.0
-0.004	-0.00018	0.08083099	-0.004	0.0	-0.0
-0.004	-0.000176	0.08375991	-0.004	0.0	-0.0
-0.004	-0.000172	0.10228433	-0.004	-0.0	-0.0
-0.004	-0.000168	0.10379401	-0.004	0.0	-0.0
-0.004	-0.000164	0.08991959	-0.004	0.0	-0.0
-0.004	-0.00016	0.1003821	-0.004	-0.0	-0.0
-0.004	-0.000156	0.08258238	-0.004	0.0	-0.0
-0.004	-0.000152	0.09271266	-0.004	0.0	-0.0
-0.004	-0.000148	0.0888629	-0.004	0.0	0.0
-0.004	-0.000144	0.10854966	-0.004	0.0	0.0
-0.004	-0.00014	0.10198237	-0.004	-0.0	-0.0
-0.004	-0.000136	0.09450919	-0.004	-0.0	-0.0
-0.004	-0.000132	0.08907413	-0.004	0.0	-0.0
-0.004	-0.000128	0.09967245	-0.004	-0.0	0.0
-0.004	-0.000124	0.10623978	-0.004	-0.0	0.0
-0.004	-0.00012	0.09620011	-0.004	0.0	0.0001
-0.004	-0.000116	0.11895163	-0.004	-0.0	-0.0
-0.004	-0.000112	0.10149929	-0.004	0.0	0.0
-0.004	-0.000108	0.1111313	-0.004	0.0	-0.0
-0.004	-0.000104	0.12521704	-0.004	-0.0	0.0001
-0.004	-0.0001	0.13027456	-0.004	-0.0	-0.0
-0.004	-9.6e-05	0.13509058	-0.004	0.0	0.0001
-0.004	-9.2e-05	0.15461154	-0.004	-0.0	0.0001
-0.004	-8.8e-05	0.16166203	-0.004	0.0	0.0001
-0.004	-8.4e-05	0.14612679	-0.004	0.0	-0.0
-0.004	-8e-05	0.16149611	-0.004	-0.0	0.0
-0.004	-7.6e-05	0.18057898	-0.004	-0.0	-0.0
-0.004	-7.2e-05	0.1683804	-0.004	0.0	-0.0
-0.004	-6.8e-05	0.15334335	-0.004	0.0	0.0
-0.004	-6.4e-05	0.15587957	-0.004	-0.0	-0.0
-0.004	-6e-05	0.12994257	-0.004	-0.0	0.0
-0.004	-5.6e-05	0.11715505	-0.004	0.0	0.0
-0.004	-5.2e-05	0.10655686	-0.004	0.0	-0.0
-0.004	-4.8e-05	0.08347311	-0.004	0.0	-0.0
-0.004	-4.4e-05	0.05996647	-0.004	-0.0	0.0
-0.004	-4e-05	0.04055136	-0.004	0.0	0.0001
-0.004	-3.6e-05	0.02211757	-0.004	0.0	0.0
-0.004	-3.2e-05	0.01425184	-0.004	0.0	-0.0
-0.004	-2.8e-05	0.01517282	-0.004	-0.0	-0.0
-0.004	-2.4e-05	0.0028081	-0.004	0.0	-0.0
-0.004	-2e-05	-0.01657684	-0.004	-0.0	-0.0
-0.004	-1.6e-05	0.00188715	-0.004	0.0	-0.0
-0.004	-1.2e-05	-0.00057368	-0.004	0.0	-0.0
-0.004	-8e-06	0.00640128	-0.004	-0.0	-0.0
-0.004	-4e-06	0.00700515	-0.004	-0.0	0.0
-0.004	-0.0	0.00997932	-0.004	-0.0	0.0001
-0.004	4e-06	-0.01515773	-0.004	-0.0	0.0
-0.004	8e-06	-0.00769963	-0.004	-0.0	-0.0
-0.004	1.2e-05	0.0094962	-0.004	0.0	0.0
-0.004	1.6e-05	0.00028684	-0.004	0.0	0.0
-0.004	2e-05	0.00262694	-0.004	0.0	0.0
-0.004	2.4e-05	0.00579737	-0.004	0.0	-0.0
-0.004	2.8e-05	0.02192133	-0.004	-0.0	-0.0
-0.004	3.2e-05	-0.00694476	-0.004	0.0	0.0001
-0.004	3.6e-05	0.03244412	-0.004	0.0	0.0
-0.004	4e-05	0.05010799	-0.004	0.0	-0.0
-0.004	4.4e-05	0.07305586	-0.004	0.0	-0.0
-0.004	4.8e-05	0.09244081	-0.004	-0.0	0.0001
-0.004	5.2e-05	0.08520929	-0.004	0.0	0.0
-0.004	5.6e-05	0.10631524	-0.004	0.0	-0.0001
-0.004	6e-05	0.12088412	-0.004	-0.0	0.0
-0.004	6.4e-05	0.13676639	-0.004	0.0	-0.0
-0.004	6.8e-05	0.15009748	-0.004	0.0	-0.0
-0.004	7.2e-05	0.15518539	-0.004	0.0	0.0
-0.004	7.6e-05	0.14138614	-0.004	-0.0	0.0
-0.004	8e-05	0.15387194	-0.004	-0.0	-0.0
-0.004	8.4e-05	0.15091275	-0.004	0.0	0.0
-0.004	8.8e-05	0.14713833	-0.004	0.0	-0.0
-0.004	9.2e-05	0.16036377	-0.004	0.0	-0.0001
-0.004	9.6e-05	0.15204509	-0.004	0.0	0.0
-0.004	0.0001	0.1361927	-0.004	0.0	0.0
-0.004	0.000104	0.12882526	-0.004	0.0	0.0
-0.004	0.000108	0.12785899	-0.004	0.0	-0.0
-0.004	0.000112	0.10491128	-0.004	0.0	-0.0
-0.004	0.000116	0.11297314	-0.004	0.0	0.0
-0.004	0.00012	0.10950081	-0.004	0.0	0.0
-0.004	0.000124	0.0990988	-0.004	0.0	0.0
-0.004	0.000128	0.09669834	-0.004	-0.0	-0.0
-0.004	0.000132	0.09690973	-0.004	0.0	-0.0
-0.004	0.000136	0.10094064	-0.004	0.0	0.0
-0.004	0.00014	0.09108212	-0.004	0.0	-0.0
-0.004	0.000144	0.09648696	-0.004	-0.0	-0.0
-0.004	0.000148	0.11176538	-0.004	0.0	-0.0
-0.004	0.000152	0.10613408	-0.004	-0.0	0.0
-0.004	0.000156	0.10288821	-0.004	-0.0	-0.0
-0.004	0.00016	0.09144443	-0.004	-0.0	-0.0
-0.004	0.000164	0.0946452	-0.004	-0.0	0.0
-0.004	0.000168	0.10017072	-0.004	0.0	0.0001
-0.004	0.000172	0.09707572	-0.004	-0.0	0.0
-0.004	0.000176	0.10143887	-0.004	0.0	0.0
-0.004	0.00018	0.09485642	-0.004	0.0	-0.0
-0.004	0.000184	0.09721165	-0.004	-0.0	0.0
-0.004	0.000188	0.10352229	-0.004	0.0	0.0001
-0.004	0.000192	0.0950225	-0.004	-0.0	-0.0
-0.004	0.000196	0.09111228	-0.004	0.0	0.0
-0.004	0.0002	0.09937053	-0.004	0.0	-0.0
-0.0039	-0.0002	0.33899477	-0.0039	-0.0	0.0
-0.0039	-0.000196	0.095249	-0.0039	0.0	0.0
-0.0039	-0.000192	0.10211821	-0.0039	0.0	0.0001
-0.0039	-0.000188	0.09487158	-0.0039	-0.0	0.0
-0.0039	-0.000184	0.09653231	-0.0039	0.0	-0.0
-0.0039	-0.00018	0.10457909	-0.0039	0.0	-0.0
-0.0039	-0.000176	0.09010078	-0.0039	0.0	0.0
-0.0039	-0.000172	0.1062247	-0.0039	0.0	0.0
-0.0039	-0.000168	0.10494148	-0.0039	-0.0	0.0
-0.0039	-0.000164	0.0896479	-0.0039	0.0	-0.0
-0.0039	-0.00016	0.09253147	-0.0039	-0.0	-0.0
-0.0039	-0.000156	0.09115767	-0.0039	0.0	-0.0
-0.0039	-0.000152	0.08822871	-0.0039	-0.0	0.0001
-0.0039	-0.000148	0.1061492	-0.0039	-0.0	0.0001
-0.0039	-0.000144	0.09384497	-0.0039	-0.0	0.0
-0.0039	-0.00014	0.08543571	-0.0039	-0.0	-0.0
-0.0039	-0.000136	0.0950828	-0.0039	0.0	0.0
-0.0039	-0.000132	0.09749849	-0.0039	0.0	-0.0
-0.0039	-0.000128	0.10457909	-0.0039	0.0	-0.0
-0.0039	-0.000124	0.09918929	-0.0039	0.0	0.0001
-0.0039	-0.00012	0.09251643	-0.0039	0.0	-0.0
-0.0039	-0.000116	0.11603787	-0.0039	-0.0	0.0001
-0.0039	-0.000112	0.1020126	-0.0039	0.0	0.0
-0.0039	-0.000108	0.10465463	-0.0039	0.0	-0.0
-0.0039	-0.000104	0.11316941	-0.0039	0.0	-0.0
-0.0039	-0.0001	0.11457349	-0.0039	-0.0	0.0
-0.0039	-9.6e-05	0.13326382	-0.0039	0.0	0.0
-0.0039	-9.2e-05	0.11863463	-0.0039	0.0	-0.0
-0.0039	-8.8e-05	0.11679275	-0.0039	-0.0	-0.0
-0.0039	-8.4e-05	0.1246735	-0.0039	-0.0	-0.0
-0.0039	-8e-05	0.13740046	-0.0039	0.0	-0.0
-0.0039	-7.6e-05	0.12147293	-0.0039	0.0	-0.0001
-0.0039	-7.2e-05	0.1142866	-0.0039	0.0	0.0
-0.0039	-6.8e-05	0.11913282	-0.0039	0.0	-0.0
-0.0039	-6.4e-05	0.13078786	-0.0039	-0.0	-0.0
-0.0039	-6e-05	0.1034619	-0.0039	0.0	-0.0
-0.0039	-5.6e-05	0.09520369	-0.0039	0.0	0.0001
-0.0039	-5.2e-05	0.10424698	-0.0039	0.0	-0.0001
-0.0039	-4.8e-05	0.08839478	-0.0039	-0.0	-0.0
-0.0039	-4.4e-05	0.08613025	-0.0039	-0.0	-0.0
-0.0039	-4e-05	0.07042898	-0.0039	0.0	0.0
-0.0039	-3.6e-05	0.06150651	-0.0039	0.0	0.0001
-0.0039	-3.2e-05	0.05370114	-0.0039	0.0	-0.0001
-0.0039	-2.8e-05	0.0381358	-0.0039	0.0	-0.0
-0.0039	-2.4e-05	0.05025899	-0.0039	0.0	0.0
-0.0039	-2e-05	0.04354062	-0.0039	-0.0	0.0001
-0.0039	-1.6e-05	0.03223271	-0.0039	-0.0	0.0
-0.0039	-1.2e-05	0.04449173	-0.0039	-0.0	0.0
-0.0039	-8e-06	0.02408024	-0.0039	0.0	-0.0001
-0.0039	-4e-06	0.02672229	-0.0039	0.0	0.0
-0.0039	-0.0	0.0213023	-0.0039	-0.0	-0.0001
-0.0039	4e-06	0.0298172	-0.0039	-0.0	0.0001
-0.0039	8e-06	0.0231291	-0.0039	0.0	-0.0
-0.0039	1.2e-05	0.03973613	-0.0039	-0.0	-0.0
-0.0039	1.6e-05	0.04565423	-0.0039	-0.0	-0.0
-0.0039	2e-05	0.04204601	-0.0039	0.0	-0.0
-0.0039	2.4e-05	0.05234233	-0.0039	0.0	-0.0
-0.0039	2.8e-05	0.0705799	-0.0039	-0.0	0.0
-0.0039	3.2e-05	0.06609595	-0.0039	-0.0	0.0
-0.0039	3.6e-05	0.0711234	-0.0039	0.0	-0.0
-0.0039	4e-05	0.09464512	-0.0039	0.0	0.0001
-0.0039	4.4e-05	0.08727764	-0.0039	-0.0	-0.0001
-0.0039	4.8e-05	0.08905913	-0.0039	0.0	-0.0
-0.0039	5.2e-05	0.10728151	-0.0039	0.0	0.0
-0.0039	5.6e-05	0.08957244	-0.0039	0.0	0.0001
-0.0039	6e-05	0.1066927	-0.0039	0.0	-0.0
-0.0039	6.4e-05	0.11348645	-0.0039	0.0	-0.0
-0.0039	6.8e-05	0.11162949	-0.0039	-0.0	-0.0
-0.0039	7.2e-05	0.10482059	-0.0039	0.0	0.0
-0.0039	7.6e-05	0.11158423	-0.0039	0.0	0.0
-0.0039	8e-05	0.12009905	-0.0039	-0.0	0.0
-0.0039	8.4e-05	0.10590762	-0.0039	0.0	-0.0
-0.0039	8.8e-05	0.12825152	-0.0039	0.0	0.0
-0.0039	9.2e-05	0.1145886	-0.0039	0.0	0.0
-0.0039	9.6e-05	0.11762309	-0.0039	0.0	0.0
-0.0039	0.0001	0.09624538	-0.0039	0.0	0.0
-0.0039	0.000104	0.12216735	-0.0039	0.0	0.0001
-0.0039	0.000108	0.11881574	-0.0039	0.0	0.0
-0.0039	0.000112	0.11126719	-0.0039	0.0	-0.0
-0.0039	0.000116	0.10870066	-0.0039	0.0	0.0
-0.0039	0.00012	0.10060856	-0.0039	0.0	0.0001
-0.0039	0.000124	0.09841945	-0.0039	0.0	0.0001
-0.0039	0.000128	0.08061965	-0.0039	-0.0	0.0
-0.0039	0.000132	0.1036884	-0.0039	0.0	0.0
-0.0039	0.000136	0.09893272	-0.0039	-0.0	-0.0
-0.0039	0.00014	0.09319582	-0.0039	-0.0	-0.0
-0.0039	0.000144	0.09536981	-0.0039	-0.0	-0.0
-0.0039	0.000148	0.09629073	-0.0039	-0.0	0.0001
-0.0039	0.000152	0.09443377	-0.0039	0.0	0.0
-0.0039	0.000156	0.10042733	-0.0039	0.0	0.0
-0.0039	0.00016	0.08991967	-0.0039	-0.0	-0.0001
-0.0039	0.000164	0.09458469	-0.0039	0.0	0.0
-0.0039	0.000168	0.0821898	-0.0039	-0.0	0.0
-0.0039	0.000172	0.09801184	-0.0039	-0.0	0.0001
-0.0039	0.000176	0.08294468	-0.0039	0.0	0.0
-0.0039	0.00018	0.09419211	-0.0039	-0.0	-0.0001
-0.0039	0.000184	0.07571301	-0.0039	-0.0	-0.0
-0.0039	0.000188	0.09979326	-0.0039	-0.0	-0.0
-0.0039	0.000192	0.10577178	-0.0039	-0.0	-0.0
-0.0039	0.000196	0.08860617	-0.0039	0.0	-0.0
-0.0039	0.0002	0.09117274	-0.0039	0.0	0.0
-0.0038	-0.0002	-0.2132641	-0.0039	0.0	-0.0
-0.0038	-0.000196	0.07648301	-0.0039	-0.0	0.0
-0.0038	-0.000192	0.08021216	-0.0039	-0.0	0.0001
-0.0038	-0.000188	0.09271258	-0.0039	0.0	0.0
-0.0038	-0.000184	0.09197289	-0.0039	-0.0	0.0
-0.0038	-0.00018	0.08844013	-0.0039	0.0	-0.0
-0.0038	-0.000176	0.09752869	-0.0039	0.0	0.0
-0.0038	-0.000172	0.09875157	-0.0039	0.0	0.0
-0.0038	-0.000168	0.08717198	-0.0039	0.0	-0.0
-0.0038	-0.000164	0.10627001	-0.0039	0.0	0.0001
-0.0038	-0.00016	0.09177658	-0.0039	0.0	0.0
-0.0038	-0.000156	0.09372416	-0.0039	0.0	-0.0001
-0.0038	-0.000152	0.09305989	-0.0039	-0.0	0.0
-0.0038	-0.000148	0.10205783	-0.0039	-0.0	-0.0
-0.0038	-0.000144	0.09719657	-0.0039	-0.0	0.0
-0.0038	-0.00014	0.09808718	-0.0039	0.0	-0.0
-0.0038	-0.000136	0.09887234	-0.0039	0.0	-0.0
-0.0038	-0.000132	0.10628505	-0.0039	-0.0	-0.0
-0.0038	-0.000128	0.09283339	-0.0039	0.0	-0.0
-0.0038	-0.000124	0.09509796	-0.0039	0.0	-0.0
-0.0038	-0.00012	0.09174647	-0.0039	0.0	-0.0
-0.0038	-0.000116	0.0970305	-0.0039	0.0	0.0001
-0.0038	-0.000112	0.10325056	-0.0039	-0.0	0.0
-0.0038	-0.000108	0.10098586	-0.0039	-0.0	-0.0
-0.0038	-0.000104	0.1075985	-0.0039	-0.0	-0.0
-0.0038	-0.0001	0.10774946	-0.0039	0.0	0.0001
-0.0038	-9.6e-05	0.11572083	-0.0039	0.0	0.0
-0.0038	-9.2e-05	0.10039714	-0.0039	-0.0	-0.0
-0.0038	-8.8e-05	0.11884597	-0.0039	0.0	-0.0
-0.0038	-8.4e-05	0.12431119	-0.0039	-0.0	-0.0
-0.0038	-8e-05	0.10934985	-0.0039	-0.0	-0.0
-0.0038	-7.6e-05	0.12160882	-0.0039	0.0	0.0
-0.0038	-7.2e-05	0.12031039	-0.0039	0.0	0.0
-0.0038	-6.8e-05	0.12290716	-0.0039	-0.0	0.0
-0.0038	-6.4e-05	0.11412048	-0.0039	0.0	-0.0
-0.0038	-6e-05	0.10889697	-0.0039	-0.0	0.0001
-0.0038	-5.6e-05	0.1165814	-0.0039	-0.0	0.0
-0.0038	-5.2e-05	0.11747209	-0.0039	0.0	0.0
-0.0038	-4.8e-05	0.09011598	-0.0039	0.0	-0.0
-0.0038	-4.4e-05	0.09367881	-0.0039	-0.0	0.0
-0.0038	-4e-05	0.08493744	-0.0039	0.0	-0.0
-0.0038	-3.6e-05	0.06674522	-0.0039	0.0	-0.0
-0.0038	-3.2e-05	0.06333327	-0.0039	0.0	-0.0
-0.0038	-2.8e-05	0.04849253	-0.0039	-0.0	0.0001
-0.0038	-2.4e-05	0.05164791	-0.0039	-0.0	-0.0
-0.0038	-2e-05	0.0423027	-0.0039	0.0	0.0
-0.0038	-1.6e-05	0.03440676	-0.0039	0.0	0.0
-0.0038	-1.2e-05	0.02444256	-0.0039	-0.0	0.0
-0.0038	-8e-06	0.03516164	-0.0039	-0.0	-0.0
-0.0038	-4e-06	0.02558997	-0.0039	0.0	0.0001
-0.0038	-0.0	0.0253182	-0.0039	0.0	0.0001
-0.0038	4e-06	0.03550891	-0.0039	-0.0	-0.0
-0.0038	8e-06	0.01382914	-0.0039	0.0	0.0
-0.0038	1.2e-05	0.02939449	-0.0039	-0.0	0.0001
-0.0038	1.6e-05	0.03925302	-0.0039	0.0	-0.0001
-0.0038	2e-05	0.04728476	-0.0039	0.0	-0.0
-0.0038	2.4e-05	0.03973613	-0.0039	0.0	0.0
-0.0038	2.8e-05	0.06609607	-0.0039	0.0	-0.0
-0.0038	3.2e-05	0.0666546	-0.0039	0.0	0.0
-0.0038	3.6e-05	0.08958751	-0.0039	0.0	-0.0001
-0.0038	4e-05	0.07313136	-0.0039	0.0	-0.0
-0.0038	4.4e-05	0.10072929	-0.0039	0.0	0.0
-0.0038	4.8e-05	0.09120293	-0.0039	0.0	0.0
-0.0038	5.2e-05	0.09927995	-0.0039	0.0	-0.0
-0.0038	5.6e-05	0.10889689	-0.0039	0.0	-0.0
-0.0038	6e-05	0.11579637	-0.0039	-0.0	-0.0
-0.0038	6.4e-05	0.11024054	-0.0039	0.0	-0.0
-0.0038	6.8e-05	0.11173519	-0.0039	0.0	0.0
-0.0038	7.2e-05	0.1013181	-0.0039	0.0	0.0
-0.0038	7.6e-05	0.11712486	-0.0039	0.0	-0.0001
-0.0038	8e-05	0.11421114	-0.0039	0.0	-0.0
-0.0038	8.4e-05	0.10396009	-0.0039	0.0	-0.0
-0.0038	8.8e-05	0.11390918	-0.0039	0.0	0.0001
-0.0038	9.2e-05	0.10101614	-0.0039	0.0	-0.0
-0.0038	9.6e-05	0.10895731	-0.0039	0.0	-0.0
-0.0038	0.0001	0.09770992	-0.0039	0.0	-0.0
-0.0038	0.000104	0.10865535	-0.0039	-0.0	-0.0
-0.0038	0.000108	0.09378462	-0.0039	0.0	0.0001
-0.0038	0.000112	0.09571704	-0.0039	0.0	0.0001
-0.0038	0.000116	0.11581144	-0.0039	0.0	0.0
-0.0038	0.00012	0.10610393	-0.0039	-0.0	-0.0
-0.0038	0.000124	0.09290889	-0.0039	0.0	0.0
-0.0038	0.000128	0.1080062	-0.0039	0.0	0.0
-0.0038	0.000132	0.08723237	-0.0039	-0.0	0.0
-0.0038	0.000136	0.094177	-0.0039	-0.0	-0.0001
-0.0038	0.00014	0.10020087	-0.0039	0.0	-0.0
-0.0038	0.000144	0.10868554	-0.0039	0.0	-0.0
-0.0038	0.000148	0.08776075	-0.0039	-0.0	0.0
-0.0038	0.000152	0.08727768	-0.0039	0.0	-0.0001
-0.0038	0.000156	0.09396573	-0.0039	0.0	0.0001
-0.0038	0.00016	0.09666819	-0.0039	0.0	0.0001
-0.0038	0.000164	0.08288418	-0.0039	0.0	-0.0
-0.0038	0.000168	0.09520365	-0.0039	0.0	0.0
-0.0038	0.000172	0.1033109	-0.0039	0.0	-0.0
-0.0038	0.000176	0.09499227	-0.0039	0.0	0.0
-0.0038	0.00018	0.08984417	-0.0039	0.0	0.0
-0.0038	0.000184	0.1031449	-0.0039	-0.0	0.0001
-0.0038	0.000188	0.09849487	-0.0039	-0.0	-0.0
-0.0038	0.000192	0.08750406	-0.0039	0.0	0.0
-0.0038	0.000196	0.09885722	-0.0039	0.0	-0.0
-0.0038	0.0002	0.09423742	-0.0039	0.0	0.0001
-0.0037	-0.0002	0.25817926	-0.0037	0.0	-0.0
-0.0037	-0.000196	0.09437335	-0.0037	0.0	0.0
-0.0037	-0.000192	0.08908928	-0.0037	0.0	-0.0
-0.0037	-0.000188	0.10115202	-0.0037	-0.0	0.0
-0.0037	-0.000184	0.09151989	-0.0037	-0.0	-0.0
-0.0037	-0.00018	0.09589815	-0.0037	0.0	0.0
-0.0037	-0.000176	0.08451475	-0.0037	0.0	0.0
-0.0037	-0.000172	0.08111788	-0.0037	0.0	0.0001
-0.0037	-0.000168	0.08522433	-0.0037	0.0	-0.0
-0.0037	-0.000164	0.09130859	-0.0037	0.0	0.0
-0.0037	-0.00016	0.08921009	-0.0037	0.0	0.0001
-0.0037	-0.000156	0.10133309	-0.0037	0.0	-0.0
-0.0037	-0.000152	0.08803248	-0.0037	0.0	0.0001
-0.0037	-0.000148	0.08788152	-0.0037	0.0	-0.0
-0.0037	-0.000144	0.07070075	-0.0037	0.0	-0.0
-0.0037	-0.00014	0.09245601	-0.0037	0.0	0.0001
-0.0037	-0.000136	0.07883823	-0.0037	-0.0	-0.0
-0.0037	-0.000132	0.10225405	-0.0037	0.0	-0.0
-0.0037	-0.000128	0.1002311	-0.0037	-0.0	-0.0
-0.0037	-0.000124	0.10146906	-0.0037	0.0	-0.0
-0.0037	-0.00012	0.09392051	-0.0037	-0.0	-0.0
-0.0037	-0.000116	0.10755328	-0.0037	-0.0	-0.0
-0.0037	-0.000112	0.10257117	-0.0037	-0.0	0.0
-0.0037	-0.000108	0.10377898	-0.0037	0.0	0.0
-0.0037	-0.000104	0.08679448	-0.0037	-0.0	0.0001
-0.0037	-0.0001	0.08508849	-0.0037	-0.0	0.0001
-0.0037	-9.6e-05	0.11445268	-0.0037	0.0	0.0001
-0.0037	-9.2e-05	0.09389027	-0.0037	0.0	0.0001
-0.0037	-8.8e-05	0.10694935	-0.0037	-0.0	-0.0
-0.0037	-8.4e-05	0.10438282	-0.0037	0.0	-0.0
-0.0037	-8e-05	0.10228433	-0.0037	0.0	0.0
-0.0037	-7.6e-05	0.11759286	-0.0037	0.0	0.0001
-0.0037	-7.2e-05	0.10953096	-0.0037	0.0	-0.0
-0.0037	-6.8e-05	0.10232964	-0.0037	-0.0	0.0
-0.0037	-6.4e-05	0.10160494	-0.0037	0.0	-0.0001
-0.0037	-6e-05	0.08191807	-0.0037	0.0	-0.0
-0.0037	-5.6e-05	0.08800229	-0.0037	-0.0	0.0
-0.0037	-5.2e-05	0.09114255	-0.0037	-0.0	-0.0
-0.0037	-4.8e-05	0.08173696	-0.0037	0.0	-0.0
-0.0037	-4.4e-05	0.10119733	-0.0037	-0.0	0.0
-0.0037	-4e-05	0.07640751	-0.0037	-0.0	0.0001
-0.0037	-3.6e-05	0.08391091	-0.0037	-0.0	-0.0
-0.0037	-3.2e-05	0.06940233	-0.0037	0.0	0.0
-0.0037	-2.8e-05	0.06925129	-0.0037	-0.0	0.0001
-0.0037	-2.4e-05	0.06371061	-0.0037	0.0	0.0
-0.0037	-2e-05	0.07788708	-0.0037	-0.0	-0.0001
-0.0037	-1.6e-05	0.06155177	-0.0037	-0.0	-0.0
-0.0037	-1.2e-05	0.06345396	-0.0037	-0.0	-0.0
-0.0037	-8e-06	0.06019297	-0.0037	-0.0	-0.0
-0.0037	-4e-06	0.06804352	-0.0037	-0.0	-0.0
-0.0037	-0.0	0.04443135	-0.0037	-0.0	-0.0
-0.0037	4e-06	0.06399754	-0.0037	-0.0	0.0
-0.0037	8e-06	0.04908138	-0.0037	0.0	-0.0001
-0.0037	1.2e-05	0.06105346	-0.0037	0.0	-0.0
-0.0037	1.6e-05	0.05974	-0.0037	-0.0	-0.0
-0.0037	2e-05	0.07103278	-0.0037	-0.0	-0.0
-0.0037	2.4e-05	0.06573372	-0.0037	0.0	0.0001
-0.0037	2.8e-05	0.0804385	-0.0037	-0.0	0.0
-0.0037	3.2e-05	0.06757556	-0.0037	-0.0	-0.0
-0.0037	3.6e-05	0.07372012	-0.0037	0.0	0.0001
-0.0037	4e-05	0.08181234	-0.0037	0.0	-0.0
-0.0037	4.4e-05	0.07296528	-0.0037	0.0	-0.0001
-0.0037	4.8e-05	0.09763438	-0.0037	0.0	0.0001
-0.0037	5.2e-05	0.077268	-0.0037	-0.0	0.0
-0.0037	5.6e-05	0.10649643	-0.0037	0.0	-0.0001
-0.0037	6e-05	0.08830421	-0.0037	0.0	-0.0
-0.0037	6.4e-05	0.10734193	-0.0037	0.0	-0.0
-0.0037	6.8e-05	0.09319565	-0.0037	0.0	-0.0001
-0.0037	7.2e-05	0.10174083	-0.0037	-0.0	-0.0001
-0.0037	7.6e-05	0.11309391	-0.0037	-0.0	0.0
-0.0037	8e-05	0.10477536	-0.0037	-0.0	-0.0
-0.0037	8.4e-05	0.12269577	-0.0037	0.0	-0.0
-0.0037	8.8e-05	0.10208798	-0.0037	0.0	-0.0
-0.0037	9.2e-05	0.11393937	-0.0037	-0.0	0.0
-0.0037	9.6e-05	0.10636055	-0.0037	0.0	0.0001
-0.0037	0.0001	0.11404502	-0.0037	0.0	0.0
-0.0037	0.000104	0.11150877	-0.0037	0.0	0.0
-0.0037	0.000108	0.11378837	-0.0037	0.0	-0.0
-0.0037	0.000112	0.10196725	-0.0037	-0.0	-0.0
-0.0037	0.000116	0.09567165	-0.0037	0.0	0.0
-0.0037	0.00012	0.09420727	-0.0037	-0.0	-0.0001
-0.0037	0.000124	0.10184648	-0.0037	0.0	-0.0
-0.0037	0.000128	0.10175591	-0.0037	-0.0	0.0
-0.0037	0.000132	0.08720214	-0.0037	0.0	-0.0
-0.0037	0.000136	0.08505825	-0.0037	0.0	0.0
-0.0037	0.00014	0.08780614	-0.0037	0.0	0.0
-0.0037	0.000144	0.10651155	-0.0037	0.0	0.0
-0.0037	0.000148	0.08792675	-0.0037	-0.0	-0.0
-0.0037	0.000152	0.10747778	-0.0037	0.0	-0.0
-0.0037	0.000156	0.0939355	-0.0037	-0.0	-0.0
-0.0037	0.00016	0.10032168	-0.0037	0.0	0.0
-0.0037	0.000164	0.09043297	-0.0037	-0.0	0.0
-0.0037	0.000168	0.10598312	-0.0037	0.0	0.0
-0.0037	0.000172	0.0813595	-0.0037	0.0	-0.0
-0.0037	0.000176	0.10032168	-0.0037	-0.0	-0.0
-0.0037	0.00018	0.09494708	-0.0037	-0.0	-0.0
-0.0037	0.000184	0.09920449	-0.0037	-0.0	-0.0001
-0.0037	0.000188	0.09056886	-0.0037	0.0	0.0
-0.0037	0.000192	0.09186716	-0.0037	0.0	0.0001
-0.0037	0.000196	0.09244093	-0.0037	-0.0	-0.0
-0.0037	0.0002	0.09117278	-0.0037	0.0	-0.0
-0.0036	-0.0002	0.32975513	-0.0036	0.0	-0.0
-0.0036	-0.000196	0.09789095	-0.0036	0.0	-0.0
-0.0036	-0.000192	0.09555092	-0.0036	0.0	-0.0
-0.0036	-0.000188	0.09766457	-0.0036	-0.0	-0.0
-0.0036	-0.000184	0.07622639	-0.0036	0.0	0.0001
-0.0036	-0.00018	0.09915922	-0.0036	0.0	-0.0
-0.0036	-0.000176	0.09861568	-0.0036	-0.0	-0.0
-0.0036	-0.000172	0.09254658	-0.0036	-0.0	0.0001
-0.0036	-0.000168	0.10059341	-0.0036	0.0	0.0
-0.0036	-0.000164	0.08303522	-0.0036	0.0	0.0
-0.0036	-0.00016	0.0875041	-0.0036	0.0	-0.0
-0.0036	-0.000156	0.08881755	-0.0036	-0.0	0.0
-0.0036	-0.000152	0.1168381	-0.0036	-0.0	0.0
-0.0036	-0.000148	0.09505273	-0.0036	-0.0	-0.0
-0.0036	-0.000144	0.09082555	-0.0036	0.0	-0.0
-0.0036	-0.00014	0.09327123	-0.0036	0.0	-0.0
-0.0036	-0.000136	0.10791558	-0.0036	-0.0	0.0
-0.0036	-0.000132	0.11088977	-0.0036	0.0	0.0
-0.0036	-0.000128	0.09914411	-0.0036	0.0	-0.0
-0.0036	-0.000124	0.09792122	-0.0036	0.0	0.0
-0.0036	-0.00012	0.10014049	-0.0036	0.0	-0.0
-0.0036	-0.000116	0.10602839	-0.0036	0.0	0.0
-0.0036	-0.000112	0.1035374	-0.0036	-0.0	-0.0
-0.0036	-0.000108	0.08726248	-0.0036	0.0	0.0
-0.0036	-0.000104	0.11011981	-0.0036	0.0	-0.0
-0.0036	-0.0001	0.10115206	-0.0036	-0.0	-0.0
-0.0036	-9.6e-05	0.10583212	-0.0036	0.0	0.0
-0.0036	-9.2e-05	0.11261084	-0.0036	-0.0	0.0
-0.0036	-8.8e-05	0.12259012	-0.0036	-0.0	0.0
-0.0036	-8.4e-05	0.10951588	-0.0036	-0.0	0.0001
-0.0036	-8e-05	0.11102557	-0.0036	0.0	0.0
-0.0036	-7.6e-05	0.09888745	-0.0036	0.0	-0.0
-0.0036	-7.2e-05	0.10660212	-0.0036	0.0	0.0
-0.0036	-6.8e-05	0.09982349	-0.0036	0.0	0.0
-0.0036	-6.4e-05	0.11469426	-0.0036	-0.0	0.0
-0.0036	-6e-05	0.09485646	-0.0036	0.0	0.0
-0.0036	-5.6e-05	0.10512263	-0.0036	-0.0	0.0001
-0.0036	-5.2e-05	0.09695496	-0.0036	-0.0	-0.0001
-0.0036	-4.8e-05	0.09180678	-0.0036	0.0	-0.0
-0.0036	-4.4e-05	0.1017861	-0.0036	-0.0	-0.0
-0.0036	-4e-05	0.07252743	-0.0036	-0.0	0.0001
-0.0036	-3.6e-05	0.06365027	-0.0036	0.0	-0.0
-0.0036	-3.2e-05	0.05604121	-0.0036	-0.0	-0.0
-0.0036	-2.8e-05	0.06461654	-0.0036	-0.0	-0.0
-0.0036	-2.4e-05	0.0725124	-0.0036	-0.0	0.0001
-0.0036	-2e-05	0.04307262	-0.0036	0.0	-0.0
-0.0036	-1.6e-05	0.04314811	-0.0036	-0.0	-0.0
-0.0036	-1.2e-05	0.05720371	-0.0036	-0.0	-0.0
-0.0036	-8e-06	0.04180448	-0.0036	0.0	-0.0
-0.0036	-4e-06	0.03267053	-0.0036	-0.0	-0.0
-0.0036	-0.0	0.03193083	-0.0036	-0.0	-0.0001
-0.0036	4e-06	0.05281037	-0.0036	0.0	-0.0001
-0.0036	8e-06	0.04485408	-0.0036	0.0	-0.0
-0.0036	1.2e-05	0.04687715	-0.0036	0.0	0.0
-0.0036	1.6e-05	0.04201582	-0.0036	-0.0	0.0001
-0.0036	2e-05	0.04538248	-0.0036	0.0	0.0
-0.0036	2.4e-05	0.06063077	-0.0036	-0.0	-0.0001
-0.0036	2.8e-05	0.05912105	-0.0036	0.0	-0.0
-0.0036	3.2e-05	0.05697728	-0.0036	0.0	-0.0001
-0.0036	3.6e-05	0.0691154	-0.0036	0.0	-0.0
-0.0036	4e-05	0.06585445	-0.0036	-0.0	-0.0
-0.0036	4.4e-05	0.08682467	-0.0036	-0.0	0.0001
-0.0036	4.8e-05	0.08709644	-0.0036	-0.0	0.0001
-0.0036	5.2e-05	0.09668319	-0.0036	0.0	0.0
-0.0036	5.6e-05	0.1069947	-0.0036	-0.0	-0.0
-0.0036	6e-05	0.10255606	-0.0036	0.0	0.0
-0.0036	6.4e-05	0.10172567	-0.0036	-0.0	-0.0
-0.0036	6.8e-05	0.10838358	-0.0036	-0.0	-0.0
-0.0036	7.2e-05	0.1157511	-0.0036	-0.0	0.0
-0.0036	7.6e-05	0.10895727	-0.0036	-0.0	-0.0001
-0.0036	8e-05	0.11757782	-0.0036	0.0	-0.0
-0.0036	8.4e-05	0.11510187	-0.0036	-0.0	-0.0001
-0.0036	8.8e-05	0.11809113	-0.0036	0.0	-0.0
-0.0036	9.2e-05	0.09918933	-0.0036	0.0	-0.0
-0.0036	9.6e-05	0.13397339	-0.0036	0.0	-0.0
-0.0036	0.0001	0.10909315	-0.0036	0.0	-0.0001
-0.0036	0.000104	0.11754759	-0.0036	0.0	-0.0
-0.0036	0.000108	0.12299769	-0.0036	0.0	-0.0
-0.0036	0.000112	0.12846295	-0.0036	0.0	-0.0
-0.0036	0.000116	0.0950225	-0.0036	0.0	0.0
-0.0036	0.00012	0.11528302	-0.0036	0.0	-0.0
-0.0036	0.000124	0.1035374	-0.0036	-0.0	-0.0
-0.0036	0.000128	0.09982345	-0.0036	0.0	0.0
-0.0036	0.000132	0.11291276	-0.0036	0.0	-0.0
-0.0036	0.000136	0.10551513	-0.0036	-0.0	-0.0001
-0.0036	0.00014	0.08472618	-0.0036	-0.0	-0.0
-0.0036	0.000144	0.09493196	-0.0036	0.0	-0.0
-0.0036	0.000148	0.09093112	-0.0036	0.0	0.0
-0.0036	0.000152	0.09103678	-0.0036	-0.0	0.0001
-0.0036	0.000156	0.09770988	-0.0036	0.0	0.0001
-0.0036	0.00016	0.09586796	-0.0036	0.0	0.0001
-0.0036	0.000164	0.09659249	-0.0036	0.0	0.0
-0.0036	0.000168	0.08914967	-0.0036	-0.0	-0.0
-0.0036	0.000172	0.09761926	-0.0036	0.0	0.0001
-0.0036	0.000176	0.08218984	-0.0036	-0.0	-0.0001
-0.0036	0.00018	0.10728155	-0.0036	0.0	0.0
-0.0036	0.000184	0.08685495	-0.0036	0.0	0.0
-0.0036	0.000188	0.07977415	-0.0036	0.0	-0.0
-0.0036	0.000192	0.10325052	-0.0036	0.0	-0.0
-0.0036	0.000196	0.08493752	-0.0036	-0.0	0.0
-0.0036	0.0002	0.10347702	-0.0036	-0.0	0.0001
-0.0035	-0.0002	0.0452315	-0.0035	0.0	-0.0
-0.0035	-0.000196	0.09502254	-0.0035	-0.0	-0.0
-0.0035	-0.000192	0.08498275	-0.0035	0.0	-0.0
-0.0035	-0.000188	0.10226913	-0.0035	-0.0	0.0001
-0.0035	-0.000184	0.09472062	-0.0035	0.0	0.0
-0.0035	-0.00018	0.08788148	-0.0035	-0.0	-0.0001
-0.0035	-0.000176	0.1009256	-0.0035	0.0	0.0001
-0.0035	-0.000172	0.09654738	-0.0035	-0.0	-0.0001
-0.0035	-0.000168	0.09118774	-0.0035	0.0	-0.0
-0.0035	-0.000164	0.08883263	-0.0035	0.0	0.0
-0.0035	-0.00016	0.1094555	-0.0035	0.0	0.0
-0.0035	-0.000156	0.10127279	-0.0035	-0.0	0.0
-0.0035	-0.000152	0.10859496	-0.0035	0.0	-0.0
-0.0035	-0.000148	0.11798544	-0.0035	-0.0	-0.0
-0.0035	-0.000144	0.09076505	-0.0035	0.0	-0.0
-0.0035	-0.00014	0.10735697	-0.0035	0.0	-0.0
-0.0035	-0.000136	0.09389027	-0.0035	-0.0	-0.0
-0.0035	-0.000132	0.09905349	-0.0035	0.0	0.0
-0.0035	-0.000128	0.12468857	-0.0035	-0.0	0.0
-0.0035	-0.000124	0.09997449	-0.0035	0.0	0.0
-0.0035	-0.00012	0.11442249	-0.0035	0.0	0.0
-0.0035	-0.000116	0.1055302	-0.0035	-0.0	-0.0
-0.0035	-0.000112	0.1166569	-0.0035	0.0	-0.0001
-0.0035	-0.000108	0.12716457	-0.0035	-0.0	-0.0001
-0.0035	-0.000104	0.12807037	-0.0035	0.0	-0.0
-0.0035	-0.0001	0.11114638	-0.0035	0.0	0.0
-0.0035	-9.6e-05	0.10667758	-0.0035	0.0	-0.0001
-0.0035	-9.2e-05	0.12396408	-0.0035	0.0	-0.0
-0.0035	-8.8e-05	0.11439229	-0.0035	-0.0	-0.0001
-0.0035	-8.4e-05	0.12651542	-0.0035	0.0	-0.0
-0.0035	-8e-05	0.12021982	-0.0035	0.0	-0.0
-0.0035	-7.6e-05	0.12791937	-0.0035	0.0	0.0
-0.0035	-7.2e-05	0.12175978	-0.0035	0.0	0.0
-0.0035	-6.8e-05	0.11004427	-0.0035	-0.0	-0.0
-0.0035	-6.4e-05	0.10934985	-0.0035	0.0	-0.0
-0.0035	-6e-05	0.1057567	-0.0035	0.0	0.0
-0.0035	-5.6e-05	0.09973283	-0.0035	-0.0	0.0001
-0.0035	-5.2e-05	0.09629069	-0.0035	0.0	0.0
-0.0035	-4.8e-05	0.08893828	-0.0035	-0.0	0.0
-0.0035	-4.4e-05	0.09155016	-0.0035	-0.0	-0.0
-0.0035	-4e-05	0.07270867	-0.0035	-0.0	0.0
-0.0035	-3.6e-05	0.05830578	-0.0035	0.0	-0.0
-0.0035	-3.2e-05	0.06260854	-0.0035	-0.0	0.0
-0.0035	-2.8e-05	0.03594668	-0.0035	0.0	-0.0
-0.0035	-2.4e-05	0.0348748	-0.0035	-0.0	0.0001
-0.0035	-2e-05	0.02326495	-0.0035	0.0	-0.0
-0.0035	-1.6e-05	0.04120055	-0.0035	-0.0	-0.0
-0.0035	-1.2e-05	0.02023043	-0.0035	-0.0	-0.0
-0.0035	-8e-06	0.01396502	-0.0035	0.0	0.0001
-0.0035	-4e-06	0.03235354	-0.0035	-0.0	-0.0
-0.0035	-0.0	0.01073421	-0.0035	0.0	0.0
-0.0035	4e-06	0.00822803	-0.0035	0.0	-0.0
-0.0035	8e-06	0.00655224	-0.0035	-0.0	-0.0
-0.0035	1.2e-05	0.01900751	-0.0035	0.0	-0.0
-0.0035	1.6e-05	0.02818667	-0.0035	0.0	0.0001
-0.0035	2e-05	0.01532376	-0.0035	0.0	0.0
-0.0035	2.4e-05	0.03626376	-0.0035	0.0	0.0
-0.0035	2.8e-05	0.05202529	-0.0035	-0.0	-0.0
-0.0035	3.2e-05	0.0543956	-0.0035	0.0	0.0
-0.0035	3.6e-05	0.05311229	-0.0035	-0.0	0.0001
-0.0035	4e-05	0.05747547	-0.0035	-0.0	-0.0001
-0.0035	4.4e-05	0.06932687	-0.0035	-0.0	-0.0
-0.0035	4.8e-05	0.09494708	-0.0035	-0.0	0.0001
-0.0035	5.2e-05	0.08868171	-0.0035	0.0	-0.0
-0.0035	5.6e-05	0.10187667	-0.0035	0.0	-0.0
-0.0035	6e-05	0.10885162	-0.0035	0.0	-0.0
-0.0035	6.4e-05	0.11372803	-0.0035	0.0	0.0001
-0.0035	6.8e-05	0.1077042	-0.0035	0.0	0.0001
-0.0035	7.2e-05	0.11159934	-0.0035	-0.0	0.0001
-0.0035	7.6e-05	0.12387339	-0.0035	-0.0	-0.0001
-0.0035	8e-05	0.13036513	-0.0035	0.0	-0.0
-0.0035	8.4e-05	0.12361669	-0.0035	-0.0	0.0
-0.0035	8.8e-05	0.13184467	-0.0035	-0.0	-0.0
-0.0035	9.2e-05	0.12461315	-0.0035	0.0	-0.0
-0.0035	9.6e-05	0.12539823	-0.0035	0.0	-0.0
-0.0035	0.0001	0.14023892	-0.0035	-0.0	0.0001
-0.0035	0.000104	0.13022925	-0.0035	0.0	0.0001
-0.0035	0.000108	0.10479048	-0.0035	0.0	0.0001
-0.0035	0.000112	0.1070852	-0.0035	-0.0	0.0
-0.0035	0.000116	0.12160877	-0.0035	0.0	-0.0
-0.0035	0.00012	0.10703993	-0.0035	-0.0	0.0
-0.0035	0.000124	0.11550948	-0.0035	-0.0	0.0
-0.0035	0.000128	0.10729658	-0.0035	0.0	-0.0
-0.0035	0.000132	0.08641714	-0.0035	0.0	0.0001
-0.0035	0.000136	0.11383368	-0.0035	0.0	0.0
-0.0035	0.00014	0.10969704	-0.0035	0.0	0.0
-0.0035	0.000144	0.09198793	-0.0035	0.0	0.0
-0.0035	0.000148	0.11341103	-0.0035	-0.0	0.0
-0.0035	0.000152	0.10243529	-0.0035	0.0	-0.0
-0.0035	0.000156	0.10702485	-0.0035	0.0	-0.0
-0.0035	0.00016	0.09153509	-0.0035	-0.0	0.0
-0.0035	0.000164	0.08570744	-0.0035	-0.0	0.0
-0.0035	0.000168	0.09769468	-0.0035	0.0	-0.0
-0.0035	0.000172	0.09965741	-0.0035	-0.0	0.0
-0.0035	0.000176	0.1071607	-0.0035	0.0	-0.0001
-0.0035	0.00018	0.08889301	-0.0035	0.0	-0.0
-0.0035	0.000184	0.08344287	-0.0035	-0.0	-0.0001
-0.0035	0.000188	0.10128795	-0.0035	0.0	0.0
-0.0035	0.000192	0.0893459	-0.0035	-0.0	-0.0001
-0.0035	0.000196	0.09651719	-0.0035	0.0	0.0
-0.0035	0.0002	0.08703606	-0.0035	0.0	0.0
-0.0034	-0.0002	0.19217376	-0.0034	-0.0	0.0
-0.0034	-0.000196	0.08241626	-0.0034	-0.0	-0.0
-0.0034	-0.000192	0.08309564	-0.0034	0.0	-0.0
-0.0034	-0.000188	0.08584333	-0.0034	0.0	-0.0
-0.0034	-0.000184	0.09228997	-0.0034	0.0	-0.0
-0.0034	-0.00018	0.09301458	-0.0034	-0.0	0.0001
-0.0034	-0.000176	0.0932562	-0.0034	0.0	0.0
-0.0034	-0.000172	0.10525847	-0.0034	0.0	-0.0
-0.0034	-0.000168	0.09780042	-0.0034	0.0	0.0
-0.0034	-0.000164	0.08999513	-0.0034	-0.0	0.0
-0.0034	-0.00016	0.08330703	-0.0034	0.0	-0.0
-0.0034	-0.000156	0.11707963	-0.0034	0.0	-0.0
-0.0034	-0.000152	0.08581318	-0.0034	-0.0	0.0
-0.0034	-0.000148	0.10148418	-0.0034	0.0	0.0
-0.0034	-0.000144	0.09319569	-0.0034	-0.0	-0.0
-0.0034	-0.00014	0.11297314	-0.0034	0.0	0.0
-0.0034	-0.000136	0.10936492	-0.0034	0.0	-0.0001
-0.0034	-0.000132	0.11176538	-0.0034	-0.0	0.0
-0.0034	-0.000128	0.09148974	-0.0034	-0.0	-0.0
-0.0034	-0.000124	0.107825	-0.0034	0.0	-0.0
-0.0034	-0.00012	0.10548493	-0.0034	0.0	-0.0
-0.0034	-0.000116	0.10697954	-0.0034	-0.0	0.0001
-0.0034	-0.000112	0.1188309	-0.0034	-0.0	-0.0001
-0.0034	-0.000108	0.11158414	-0.0034	0.0	0.0001
-0.0034	-0.000104	0.1150566	-0.0034	0.0	-0.0
-0.0034	-0.0001	0.13155786	-0.0034	-0.0	-0.0
-0.0034	-9.6e-05	0.11679271	-0.0034	-0.0	0.0001
-0.0034	-9.2e-05	0.12908191	-0.0034	0.0	-0.0
-0.0034	-8.8e-05	0.12767779	-0.0034	-0.0	-0.0
-0.0034	-8.4e-05	0.12816099	-0.0034	0.0	0.0
-0.0034	-8e-05	0.10441301	-0.0034	0.0	0.0
-0.0034	-7.6e-05	0.12423581	-0.0034	0.0	0.0001
-0.0034	-7.2e-05	0.12197124	-0.0034	-0.0	-0.0001
-0.0034	-6.8e-05	0.11496603	-0.0034	0.0	-0.0
-0.0034	-6.4e-05	0.10232964	-0.0034	-0.0	0.0
-0.0034	-6e-05	0.09917426	-0.0034	0.0	-0.0
-0.0034	-5.6e-05	0.10270706	-0.0034	0.0	-0.0
-0.0034	-5.2e-05	0.08593395	-0.0034	-0.0	0.0001
-0.0034	-4.8e-05	0.08096688	-0.0034	-0.0	0.0
-0.0034	-4.4e-05	0.08575279	-0.0034	-0.0	-0.0
-0.0034	-4e-05	0.07409767	-0.0034	-0.0	0.0001
-0.0034	-3.6e-05	0.04631854	-0.0034	-0.0	-0.0
-0.0034	-3.2e-05	0.0544711	-0.0034	0.0	0.0001
-0.0034	-2.8e-05	0.03493515	-0.0034	0.0	0.0001
-0.0034	-2.4e-05	0.04437101	-0.0034	-0.0	0.0001
-0.0034	-2e-05	0.02682791	-0.0034	0.0	-0.0
-0.0034	-1.6e-05	0.02297816	-0.0034	0.0	-0.0
-0.0034	-1.2e-05	0.00614461	-0.0034	-0.0	0.0001
-0.0034	-8e-06	0.01867536	-0.0034	0.0	-0.0
-0.0034	-4e-06	0.02939449	-0.0034	-0.0	-0.0
-0.0034	-0.0	0.02066819	-0.0034	-0.0	-0.0
-0.0034	4e-06	0.02583149	-0.0034	-0.0	0.0
-0.0034	8e-06	0.01914338	-0.0034	0.0	0.0001
-0.0034	1.2e-05	0.02886606	-0.0034	-0.0	0.0
-0.0034	1.6e-05	0.01870555	-0.0034	0.0	-0.0
-0.0034	2e-05	0.04183459	-0.0034	0.0	0.0
-0.0034	2.4e-05	0.04417474	-0.0034	0.0	0.0
-0.0034	2.8e-05	0.05942301	-0.0034	0.0	-0.0
-0.0034	3.2e-05	0.04947392	-0.0034	0.0	0.0
-0.0034	3.6e-05	0.04656008	-0.0034	0.0	-0.0
-0.0034	4e-05	0.07880792	-0.0034	-0.0	0.0001
-0.0034	4.4e-05	0.07079125	-0.0034	0.0	0.0
-0.0034	4.8e-05	0.08099715	-0.0034	-0.0	0.0
-0.0034	5.2e-05	0.08703598	-0.0034	-0.0	-0.0
-0.0034	5.6e-05	0.07231609	-0.0034	-0.0	-0.0
-0.0034	6e-05	0.10616436	-0.0034	-0.0	0.0001
-0.0034	6.4e-05	0.1102255	-0.0034	-0.0	-0.0
-0.0034	6.8e-05	0.10100102	-0.0034	0.0	-0.0
-0.0034	7.2e-05	0.1198122	-0.0034	-0.0	-0.0
-0.0034	7.6e-05	0.10370348	-0.0034	-0.0	0.0
-0.0034	8e-05	0.11982732	-0.0034	-0.0	0.0001
-0.0034	8.4e-05	0.13429055	-0.0034	-0.0	0.0
-0.0034	8.8e-05	0.12331477	-0.0034	-0.0	0.0
-0.0034	9.2e-05	0.12450742	-0.0034	0.0	0.0
-0.0034	9.6e-05	0.11028588	-0.0034	0.0	-0.0
-0.0034	0.0001	0.1270288	-0.0034	0.0	-0.0
-0.0034	0.000104	0.10430732	-0.0034	0.0	0.0001
-0.0034	0.000108	0.11282218	-0.0034	-0.0	0.0
-0.0034	0.000112	0.11211257	-0.0034	0.0	0.0
-0.0034	0.000116	0.13145229	-0.0034	0.0	0.0
-0.0034	0.00012	0.12523211	-0.0034	0.0	-0.0
-0.0034	0.000124	0.10466963	-0.0034	0.0	-0.0
-0.0034	0.000128	0.09635111	-0.0034	0.0	0.0
-0.0034	0.000132	0.10515278	-0.0034	0.0	0.0
-0.0034	0.000136	0.0871719	-0.0034	0.0	-0.0
-0.0034	0.00014	0.09109716	-0.0034	-0.0	0.0
-0.0034	0.000144	0.11111615	-0.0034	0.0	0.0
-0.0034	0.000148	0.08741348	-0.0034	-0.0	0.0001
-0.0034	0.000152	0.09148978	-0.0034	-0.0	0.0
-0.0034	0.000156	0.08945163	-0.0034	0.0	-0.0001
-0.0034	0.00016	0.0988421	-0.0034	0.0	-0.0
-0.0034	0.000164	0.10158987	-0.0034	0.0	-0.0
-0.0034	0.000168	0.09476593	-0.0034	0.0	-0.0
-0.0034	0.000172	0.1017861	-0.0034	0.0	-0.0001
-0.0034	0.000176	0.08952713	-0.0034	-0.0	-0.0
-0.0034	0.00018	0.08283899	-0.0034	-0.0	0.0
-0.0034	0.000184	0.10287309	-0.0034	-0.0	0.0
-0.0034	0.000188	0.09734745	-0.0034	0.0	-0.0
-0.0034	0.000192	0.09102166	-0.0034	0.0	-0.0
-0.0034	0.000196	0.09962722	-0.0034	0.0	-0.0
-0.0034	0.0002	0.08682479	-0.0034	-0.0	0.0001
-0.0033	-0.0002	0.34909441	-0.0033	0.0	-0.0
-0.0033	-0.000196	0.0970758	-0.0033	-0.0	0.0001
-0.0033	-0.000192	0.09170108	-0.0033	-0.0	-0.0
-0.0033	-0.000188	0.09435827	-0.0033	0.0	-0.0
-0.0033	-0.000184	0.08477145	-0.0033	0.0	0.0001
-0.0033	-0.00018	0.09043289	-0.0033	-0.0	0.0
-0.0033	-0.000176	0.09689461	-0.0033	-0.0	0.0001
-0.0033	-0.000172	0.07731339	-0.0033	-0.0	-0.0
-0.0033	-0.000168	0.09052347	-0.0033	-0.0	-0.0
-0.0033	-0.000164	0.08813817	-0.0033	0.0	-0.0
-0.0033	-0.00016	0.08286926	-0.0033	0.0	0.0
-0.0033	-0.000156	0.09518866	-0.0033	0.0	0.0001
-0.0033	-0.000152	0.09088594	-0.0033	-0.0	0.0001
-0.0033	-0.000148	0.08116323	-0.0033	-0.0	0.0
-0.0033	-0.000144	0.09816276	-0.0033	0.0	-0.0001
-0.0033	-0.00014	0.10386951	-0.0033	0.0	-0.0
-0.0033	-0.000136	0.10235975	-0.0033	0.0	-0.0
-0.0033	-0.000132	0.10356759	-0.0033	-0.0	-0.0
-0.0033	-0.000128	0.10871573	-0.0033	0.0	-0.0
-0.0033	-0.000124	0.09529427	-0.0033	-0.0	0.0
-0.0033	-0.00012	0.11191634	-0.0033	0.0	-0.0
-0.0033	-0.000116	0.10451867	-0.0033	-0.0	-0.0001
-0.0033	-0.000112	0.09767969	-0.0033	0.0	-0.0
-0.0033	-0.000108	0.09358819	-0.0033	0.0	0.0001
-0.0033	-0.000104	0.12388846	-0.0033	0.0	0.0001
-0.0033	-0.0001	0.10707016	-0.0033	-0.0	-0.0001
-0.0033	-9.6e-05	0.1119163	-0.0033	0.0	0.0
-0.0033	-9.2e-05	0.10575666	-0.0033	0.0	0.0
-0.0033	-8.8e-05	0.11365261	-0.0033	0.0	0.0
-0.0033	-8.4e-05	0.1173061	-0.0033	-0.0	-0.0
-0.0033	-8e-05	0.12185035	-0.0033	-0.0	0.0
-0.0033	-7.6e-05	0.11081427	-0.0033	0.0	0.0
-0.0033	-7.2e-05	0.1113728	-0.0033	0.0	0.0
-0.0033	-6.8e-05	0.11042173	-0.0033	-0.0	0.0001
-0.0033	-6.4e-05	0.09687941	-0.0033	0.0	-0.0
-0.0033	-6e-05	0.09727195	-0.0033	0.0	0.0001
-0.0033	-5.6e-05	0.10300902	-0.0033	0.0	0.0
-0.0033	-5.2e-05	0.08751917	-0.0033	-0.0	-0.0
-0.0033	-4.8e-05	0.08111792	-0.0033	-0.0	-0.0
-0.0033	-4.4e-05	0.07637739	-0.0033	0.0	-0.0
-0.0033	-4e-05	0.080046	-0.0033	-0.0	-0.0
-0.0033	-3.6e-05	0.08415241	-0.0033	0.0	-0.0
-0.0033	-3.2e-05	0.06523545	-0.0033	-0.0	0.0
-0.0033	-2.8e-05	0.05108934	-0.0033	0.0	0.0
-0.0033	-2.4e-05	0.06579407	-0.0033	0.0	0.0
-0.0033	-2e-05	0.05649409	-0.0033	-0.0	0.0
-0.0033	-1.6e-05	0.0430877	-0.0033	0.0	0.0
-0.0033	-1.2e-05	0.03961541	-0.0033	0.0	0.0001
-0.0033	-8e-06	0.03889065	-0.0033	-0.0	0.0001
-0.0033	-4e-06	0.04453708	-0.0033	0.0	0.0001
-0.0033	-0.0	0.04132136	-0.0033	0.0	0.0
-0.0033	4e-06	0.04864353	-0.0033	0.0	0.0001
-0.0033	8e-06	0.03511634	-0.0033	0.0	0.0
-0.0033	1.2e-05	0.04574489	-0.0033	-0.0	-0.0
-0.0033	1.6e-05	0.05071184	-0.0033	0.0	0.0
-0.0033	2e-05	0.04431058	-0.0033	0.0	0.0
-0.0033	2.4e-05	0.04850769	-0.0033	-0.0	-0.0
-0.0033	2.8e-05	0.05909085	-0.0033	-0.0	0.0001
-0.0033	3.2e-05	0.07218021	-0.0033	0.0	0.0
-0.0033	3.6e-05	0.05983066	-0.0033	0.0	0.0
-0.0033	4e-05	0.06137054	-0.0033	-0.0	0.0001
-0.0033	4.4e-05	0.07618096	-0.0033	-0.0	0.0
-0.0033	4.8e-05	0.08951193	-0.0033	0.0	0.0
-0.0033	5.2e-05	0.08531487	-0.0033	-0.0	0.0
-0.0033	5.6e-05	0.09366381	-0.0033	0.0	0.0
-0.0033	6e-05	0.08899875	-0.0033	-0.0	0.0001
-0.0033	6.4e-05	0.10017068	-0.0033	-0.0	0.0
-0.0033	6.8e-05	0.0954905	-0.0033	-0.0	-0.0
-0.0033	7.2e-05	0.09977818	-0.0033	0.0	-0.0
-0.0033	7.6e-05	0.11555475	-0.0033	-0.0	-0.0
-0.0033	8e-05	0.10335625	-0.0033	0.0	0.0
-0.0033	8.4e-05	0.1013029	-0.0033	0.0	0.0
-0.0033	8.8e-05	0.11345626	-0.0033	0.0	0.0
-0.0033	9.2e-05	0.1170494	-0.0033	0.0	0.0001
-0.0033	9.6e-05	0.10527355	-0.0033	-0.0	-0.0001
-0.0033	0.0001	0.10854966	-0.0033	-0.0	-0.0
-0.0033	0.000104	0.10608878	-0.0033	-0.0	-0.0
-0.0033	0.000108	0.10403559	-0.0033	0.0	0.0
-0.0033	0.000112	0.10741739	-0.0033	-0.0	0.0001
-0.0033	0.000116	0.1028429	-0.0033	-0.0	0.0001
-0.0033	0.00012	0.10252586	-0.0033	-0.0	0.0
-0.0033	0.000124	0.09850995	-0.0033	0.0	0.0001
-0.0033	0.000128	0.11220318	-0.0033	0.0	-0.0
-0.0033	0.000132	0.09151989	-0.0033	-0.0	0.0
-0.0033	0.000136	0.10620963	-0.0033	-0.0	0.0
-0.0033	0.00014	0.09245597	-0.0033	0.0	0.0
-0.0033	0.000144	0.08981389	-0.0033	-0.0	-0.0
-0.0033	0.000148	0.09333162	-0.0033	-0.0	0.0
-0.0033	0.000152	0.10383936	-0.0033	0.0	0.0
-0.0033	0.000156	0.09348262	-0.0033	-0.0	0.0
-0.0033	0.00016	0.10915358	-0.0033	0.0	0.0001
-0.0033	0.000164	0.09751361	-0.0033	-0.0	0.0
-0.0033	0.000168	0.08229553	-0.0033	0.0	-0.0001
-0.0033	0.000172	0.09155008	-0.0033	-0.0	-0.0
-0.0033	0.000176	0.09256162	-0.0033	-0.0	0.0001
-0.0033	0.00018	0.09259177	-0.0033	0.0	-0.0001
-0.0033	0.000184	0.08522437	-0.0033	0.0	-0.0
-0.0033	0.000188	0.08877225	-0.0033	0.0	0.0
-0.0033	0.000192	0.07637731	-0.0033	-0.0	0.0001
-0.0033	0.000196	0.09858549	-0.0033	0.0	0.0
-0.0033	0.0002	0.09349774	-0.0033	-0.0	-0.0001
-0.0032	-0.0002	0.36499273	-0.0032	-0.0	-0.0
-0.0032	-0.000196	0.10827793	-0.0032	0.0	-0.0
-0.0032	-0.000192	0.08058954	-0.0032	0.0	-0.0
-0.0032	-0.000188	0.08093681	-0.0032	-0.0	-0.0
-0.0032	-0.000184	0.09225974	-0.0032	0.0	0.0001
-0.0032	-0.00018	0.08366938	-0.0032	0.0	0.0
-0.0032	-0.000176	0.09204835	-0.0032	0.0	0.0
-0.0032	-0.000172	0.08634156	-0.0032	0.0	0.0001
-0.0032	-0.000168	0.08856074	-0.0032	0.0	-0.0
-0.0032	-0.000164	0.08970832	-0.0032	-0.0	-0.0
-0.0032	-0.00016	0.10140868	-0.0032	-0.0	0.0
-0.0032	-0.000156	0.09242582	-0.0032	0.0	-0.0
-0.0032	-0.000152	0.09991407	-0.0032	0.0	-0.0
-0.0032	-0.000148	0.0915652	-0.0032	0.0	0.0001
-0.0032	-0.000144	0.08991971	-0.0032	0.0	-0.0001
-0.0032	-0.00014	0.0731917	-0.0032	-0.0	0.0
-0.0032	-0.000136	0.11481502	-0.0032	0.0	0.0001
-0.0032	-0.000132	0.09690969	-0.0032	0.0	-0.0
-0.0032	-0.000128	0.095717	-0.0032	0.0	-0.0
-0.0032	-0.000124	0.07734358	-0.0032	-0.0	0.0
-0.0032	-0.00012	0.10498674	-0.0032	-0.0	0.0001
-0.0032	-0.000116	0.10539436	-0.0032	-0.0	-0.0001
-0.0032	-0.000112	0.09784568	-0.0032	-0.0	0.0
-0.0032	-0.000108	0.09408642	-0.0032	-0.0	0.0
-0.0032	-0.000104	0.08720214	-0.0032	-0.0	0.0001
-0.0032	-0.0001	0.08970832	-0.0032	0.0	0.0001
-0.0032	-9.6e-05	0.11807601	-0.0032	-0.0	0.0001
-0.0032	-9.2e-05	0.09813257	-0.0032	-0.0	0.0
-0.0032	-8.8e-05	0.10038206	-0.0032	0.0	-0.0
-0.0032	-8.4e-05	0.09102178	-0.0032	-0.0	0.0001
-0.0032	-8e-05	0.11316941	-0.0032	-0.0	0.0
-0.0032	-7.6e-05	0.09931014	-0.0032	-0.0	0.0
-0.0032	-7.2e-05	0.08588864	-0.0032	-0.0	0.0
-0.0032	-6.8e-05	0.10720597	-0.0032	-0.0	0.0
-0.0032	-6.4e-05	0.09431288	-0.0032	-0.0	-0.0
-0.0032	-6e-05	0.09212389	-0.0032	-0.0	-0.0
-0.0032	-5.6e-05	0.10392998	-0.0032	-0.0	-0.0
-0.0032	-5.2e-05	0.09697011	-0.0032	0.0	-0.0
-0.0032	-4.8e-05	0.07968373	-0.0032	-0.0	-0.0
-0.0032	-4.4e-05	0.08659829	-0.0032	-0.0	0.0
-0.0032	-4e-05	0.08148022	-0.0032	-0.0	0.0001
-0.0032	-3.6e-05	0.080363	-0.0032	-0.0	0.0
-0.0032	-3.2e-05	0.07335794	-0.0032	0.0	-0.0
-0.0032	-2.8e-05	0.08166126	-0.0032	0.0	0.0
-0.0032	-2.4e-05	0.07458066	-0.0032	0.0	0.0
-0.0032	-2e-05	0.07740405	-0.0032	0.0	-0.0
-0.0032	-1.6e-05	0.07364462	-0.0032	0.0	-0.0
-0.0032	-1.2e-05	0.06558272	-0.0032	-0.0	-0.0
-0.0032	-8e-06	0.04770746	-0.0032	0.0	-0.0
-0.0032	-4e-06	0.05915132	-0.0032	0.0	0.0
-0.0032	-0.0	0.06882868	-0.0032	0.0	0.0001
-0.0032	4e-06	0.05892478	-0.0032	0.0	-0.0
-0.0032	8e-06	0.05966454	-0.0032	-0.0	-0.0
-0.0032	1.2e-05	0.06469196	-0.0032	-0.0	0.0
-0.0032	1.6e-05	0.06674522	-0.0032	0.0	-0.0
-0.0032	2e-05	0.05736982	-0.0032	0.0	0.0
-0.0032	2.4e-05	0.06644326	-0.0032	0.0	0.0
-0.0032	2.8e-05	0.0663678	-0.0032	0.0	0.0
-0.0032	3.2e-05	0.07245202	-0.0032	0.0	0.0
-0.0032	3.6e-05	0.08428841	-0.0032	-0.0	0.0
-0.0032	4e-05	0.07566774	-0.0032	0.0	-0.0001
-0.0032	4.4e-05	0.07622639	-0.0032	-0.0	-0.0
-0.0032	4.8e-05	0.08910448	-0.0032	0.0	0.0001
-0.0032	5.2e-05	0.08723225	-0.0032	-0.0	0.0
-0.0032	5.6e-05	0.09869118	-0.0032	0.0	0.0
-0.0032	6e-05	0.08298995	-0.0032	0.0	0.0
-0.0032	6.4e-05	0.108912	-0.0032	0.0	0.0
-0.0032	6.8e-05	0.10311467	-0.0032	0.0	0.0
-0.0032	7.2e-05	0.09607934	-0.0032	0.0	0.0001
-0.0032	7.6e-05	0.09476589	-0.0032	-0.0	0.0001
-0.0032	8e-05	0.10631524	-0.0032	0.0	-0.0
-0.0032	8.4e-05	0.10273721	-0.0032	0.0	-0.0
-0.0032	8.8e-05	0.09281831	-0.0032	-0.0	-0.0
-0.0032	9.2e-05	0.08422795	-0.0032	0.0	0.0
-0.0032	9.6e-05	0.10903281	-0.0032	0.0	-0.0
-0.0032	0.0001	0.10273725	-0.0032	-0.0	-0.0
-0.0032	0.000104	0.10196729	-0.0032	0.0	-0.0
-0.0032	0.000108	0.11049723	-0.0032	0.0	0.0
-0.0032	0.000112	0.11718525	-0.0032	0.0	-0.0
-0.0032	0.000116	0.08827402	-0.0032	0.0	0.0
-0.0032	0.00012	0.09591315	-0.0032	-0.0	0.0
-0.0032	0.000124	0.09994422	-0.0032	-0.0	-0.0
-0.0032	0.000128	0.10861004	-0.0032	0.0	0.0001
-0.0032	0.000132	0.10473009	-0.0032	-0.0	-0.0
-0.0032	0.000136	0.09514335	-0.0032	0.0	-0.0
-0.0032	0.00014	0.09654734	-0.0032	-0.0	-0.0
-0.0032	0.000144	0.0848923	-0.0032	-0.0	-0.0001
-0.0032	0.000148	0.09763438	-0.0032	-0.0	-0.0
-0.0032	0.000152	0.10160499	-0.0032	0.0	-0.0
-0.0032	0.000156	0.07622647	-0.0032	0.0	-0.0
-0.0032	0.00016	0.10223902	-0.0032	0.0	0.0
-0.0032	0.000164	0.11196161	-0.0032	0.0	0.0
-0.0032	0.000168	0.10397517	-0.0032	-0.0	-0.0
-0.0032	0.000172	0.08077065	-0.0032	0.0	-0.0
-0.0032	0.000176	0.07927592	-0.0032	0.0	-0.0
-0.0032	0.00018	0.1073872	-0.0032	-0.0	0.0001
-0.0032	0.000184	0.09721157	-0.0032	-0.0	-0.0
-0.0032	0.000188	0.10107652	-0.0032	-0.0	-0.0
-0.0032	0.000192	0.08620571	-0.0032	-0.0	0.0
-0.0032	0.000196	0.10546982	-0.0032	-0.0	0.0
-0.0032	0.0002	0.08715687	-0.0032	-0.0	0.0001
-0.0031	-0.0002	-0.08466578	-0.0031	0.0	-0.0
-0.0031	-0.000196	0.09924972	-0.0031	0.0	0.0
-0.0031	-0.000192	0.08249184	-0.0031	0.0	0.0
-0.0031	-0.000188	0.08868175	-0.0031	0.0	-0.0
-0.0031	-0.000184	0.10430732	-0.0031	-0.0	-0.0
-0.0031	-0.00018	0.10048776	-0.0031	-0.0	-0.0
-0.0031	-0.000176	0.08712659	-0.0031	0.0	0.0
-0.0031	-0.000172	0.09052351	-0.0031	0.0	-0.0
-0.0031	-0.000168	0.09644169	-0.0031	0.0	0.0
-0.0031	-0.000164	0.09706065	-0.0031	0.0	0.0
-0.0031	-0.00016	0.0984798	-0.0031	-0.0	-0.0
-0.0031	-0.000156	0.08653787	-0.0031	0.0	-0.0
-0.0031	-0.000152	0.07830985	-0.0031	0.0	-0.0
-0.0031	-0.000148	0.09194266	-0.0031	-0.0	0.0001
-0.0031	-0.000144	0.08798713	-0.0031	0.0	0.0001
-0.0031	-0.00014	0.07486755	-0.0031	0.0	0.0001
-0.0031	-0.000136	0.08566214	-0.0031	0.0	0.0001
-0.0031	-0.000132	0.10414128	-0.0031	-0.0	-0.0
-0.0031	-0.000128	0.09796649	-0.0031	0.0	-0.0
-0.0031	-0.000124	0.0936487	-0.0031	-0.0	-0.0
-0.0031	-0.00012	0.09834391	-0.0031	-0.0	-0.0
-0.0031	-0.000116	0.10089537	-0.0031	-0.0	-0.0
-0.0031	-0.000112	0.08392611	-0.0031	0.0	-0.0
-0.0031	-0.000108	0.10494144	-0.0031	0.0	-0.0
-0.0031	-0.000104	0.09866099	-0.0031	0.0	-0.0
-0.0031	-0.0001	0.09339204	-0.0031	0.0	0.0
-0.0031	-9.6e-05	0.11617375	-0.0031	0.0	-0.0
-0.0031	-9.2e-05	0.1066927	-0.0031	-0.0	0.0
-0.0031	-8.8e-05	0.09973287	-0.0031	0.0	0.0001
-0.0031	-8.4e-05	0.08655286	-0.0031	0.0	0.0
-0.0031	-8e-05	0.10746266	-0.0031	0.0	0.0
-0.0031	-7.6e-05	0.09393554	-0.0031	0.0	0.0
-0.0031	-7.2e-05	0.09309008	-0.0031	0.0	0.0
-0.0031	-6.8e-05	0.07986481	-0.0031	0.0	-0.0001
-0.0031	-6.4e-05	0.08422795	-0.0031	0.0	-0.0
-0.0031	-6e-05	0.10192202	-0.0031	0.0	0.0001
-0.0031	-5.6e-05	0.08667375	-0.0031	0.0	0.0001
-0.0031	-5.2e-05	0.09952149	-0.0031	0.0	0.0001
-0.0031	-4.8e-05	0.08617536	-0.0031	0.0	-0.0
-0.0031	-4.4e-05	0.07918542	-0.0031	0.0	-0.0
-0.0031	-4e-05	0.07876277	-0.0031	0.0	0.0
-0.0031	-3.6e-05	0.08969321	-0.0031	-0.0	-0.0
-0.0031	-3.2e-05	0.08371468	-0.0031	-0.0	-0.0001
-0.0031	-2.8e-05	0.07657362	-0.0031	0.0	-0.0
-0.0031	-2.4e-05	0.07692077	-0.0031	0.0	0.0
-0.0031	-2e-05	0.06618661	-0.0031	0.0	0.0001
-0.0031	-1.6e-05	0.06712256	-0.0031	0.0	0.0
-0.0031	-1.2e-05	0.0727992	-0.0031	0.0	0.0
-0.0031	-8e-06	0.07071587	-0.0031	0.0	-0.0
-0.0031	-4e-06	0.05803405	-0.0031	0.0	0.0
-0.0031	-0.0	0.06211031	-0.0031	0.0	-0.0
-0.0031	4e-06	0.05515048	-0.0031	0.0	0.0
-0.0031	8e-06	0.06449573	-0.0031	0.0	0.0
-0.0031	1.2e-05	0.07497332	-0.0031	0.0	0.0
-0.0031	1.6e-05	0.06586949	-0.0031	0.0	-0.0
-0.0031	2e-05	0.06891926	-0.0031	0.0	-0.0001
-0.0031	2.4e-05	0.07445989	-0.0031	0.0	-0.0
-0.0031	2.8e-05	0.07539593	-0.0031	0.0	0.0
-0.0031	3.2e-05	0.09065948	-0.0031	-0.0	0.0
-0.0031	3.6e-05	0.08042338	-0.0031	0.0	0.0001
-0.0031	4e-05	0.07442978	-0.0031	-0.0	-0.0
-0.0031	4.4e-05	0.09150481	-0.0031	-0.0	0.0
-0.0031	4.8e-05	0.09405627	-0.0031	0.0	0.0001
-0.0031	5.2e-05	0.09010086	-0.0031	0.0	0.0
-0.0031	5.6e-05	0.08646237	-0.0031	0.0	0.0001
-0.0031	6e-05	0.09937057	-0.0031	0.0	0.0
-0.0031	6.4e-05	0.10651159	-0.0031	0.0	-0.0001
-0.0031	6.8e-05	0.0980873	-0.0031	0.0	0.0
-0.0031	7.2e-05	0.10827793	-0.0031	0.0	-0.0
-0.0031	7.6e-05	0.09357324	-0.0031	0.0	-0.0001
-0.0031	8e-05	0.09213897	-0.0031	0.0	-0.0
-0.0031	8.4e-05	0.11822702	-0.0031	-0.0	0.0
-0.0031	8.8e-05	0.08770028	-0.0031	0.0	-0.0
-0.0031	9.2e-05	0.10903281	-0.0031	0.0	0.0
-0.0031	9.6e-05	0.1154491	-0.0031	-0.0	0.0001
-0.0031	0.0001	0.10251079	-0.0031	0.0	0.0
-0.0031	0.000104	0.0987968	-0.0031	0.0	-0.0
-0.0031	0.000108	0.08907413	-0.0031	0.0	0.0
-0.0031	0.000112	0.09142944	-0.0031	-0.0	0.0
-0.0031	0.000116	0.10041226	-0.0031	0.0	0.0
-0.0031	0.00012	0.09085566	-0.0031	0.0	0.0
-0.0031	0.000124	0.10888181	-0.0031	0.0	0.0001
-0.0031	0.000128	0.08711156	-0.0031	0.0	0.0001
-0.0031	0.000132	0.09472058	-0.0031	0.0	-0.0
-0.0031	0.000136	0.08902886	-0.0031	-0.0	0.0
-0.0031	0.00014	0.0909614	-0.0031	0.0	0.0
-0.0031	0.000144	0.10832324	-0.0031	0.0	0.0001
-0.0031	0.000148	0.09657757	-0.0031	0.0	0.0
-0.0031	0.000152	0.08179726	-0.0031	0.0	0.0
-0.0031	0.000156	0.1032506	-0.0031	0.0	0.0
-0.0031	0.00016	0.08622075	-0.0031	0.0	0.0
-0.0031	0.000164	0.09543011	-0.0031	-0.0	0.0
-0.0031	0.000168	0.08943647	-0.0031	0.0	-0.0001
-0.0031	0.000172	0.11742682	-0.0031	0.0	0.0001
-0.0031	0.000176	0.07891361	-0.0031	-0.0	-0.0001
-0.0031	0.00018	0.10554532	-0.0031	0.0	-0.0
-0.0031	0.000184	0.08563198	-0.0031	-0.0	0.0001
-0.0031	0.000188	0.07959308	-0.0031	0.0	-0.0001
-0.0031	0.000192	0.08413741	-0.0031	0.0	-0.0
-0.0031	0.000196	0.08960263	-0.0031	-0.0	0.0
-0.0031	0.0002	0.09861572	-0.0031	0.0	0.0
-0.003	-0.0002	0.04021929	-0.003	0.0	-0.0
-0.003	-0.000196	0.08670395	-0.003	0.0	-0.0
-0.003	-0.000192	0.08647748	-0.003	0.0	0.0
-0.003	-0.000188	0.08268799	-0.003	0.0	0.0
-0.003	-0.000184	0.09176151	-0.003	0.0	0.0
-0.003	-0.00018	0.0791855	-0.003	0.0	-0.0
-0.003	-0.000176	0.09235023	-0.003	-0.0	0.0001
-0.003	-0.000172	0.09781557	-0.003	-0.0	-0.0
-0.003	-0.000168	0.07479213	-0.003	0.0	-0.0
-0.003	-0.000164	0.09244089	-0.003	0.0	-0.0
-0.003	-0.00016	0.10796081	-0.003	0.0	-0.0
-0.003	-0.000156	0.09011582	-0.003	-0.0	-0.0
-0.003	-0.000152	0.09219935	-0.003	0.0	0.0001
-0.003	-0.000148	0.10065379	-0.003	0.0	-0.0001
-0.003	-0.000144	0.10081983	-0.003	0.0	-0.0
-0.003	-0.00014	0.08680964	-0.003	0.0	0.0
-0.003	-0.000136	0.10747773	-0.003	-0.0	0.0
-0.003	-0.000132	0.08475641	-0.003	0.0	-0.0
-0.003	-0.000128	0.10172571	-0.003	0.0	0.0
-0.003	-0.000124	0.10808166	-0.003	0.0	-0.0
-0.003	-0.00012	0.1049867	-0.003	0.0	0.0
-0.003	-0.000116	0.09207859	-0.003	0.0	0.0001
-0.003	-0.000112	0.09453942	-0.003	0.0	0.0001
-0.003	-0.000108	0.11051226	-0.003	0.0	0.0
-0.003	-0.000104	0.08602456	-0.003	-0.0	-0.0
-0.003	-0.0001	0.09897799	-0.003	0.0	0.0
-0.003	-9.6e-05	0.1024806	-0.003	-0.0	0.0
-0.003	-9.2e-05	0.10824773	-0.003	-0.0	0.0
-0.003	-8.8e-05	0.11197672	-0.003	0.0	0.0001
-0.003	-8.4e-05	0.11416583	-0.003	-0.0	0.0
-0.003	-8e-05	0.10306936	-0.003	0.0	-0.0
-0.003	-7.6e-05	0.11920828	-0.003	-0.0	-0.0
-0.003	-7.2e-05	0.11581153	-0.003	-0.0	0.0001
-0.003	-6.8e-05	0.09577746	-0.003	-0.0	-0.0
-0.003	-6.4e-05	0.10027633	-0.003	0.0	-0.0
-0.003	-6e-05	0.10376386	-0.003	-0.0	-0.0
-0.003	-5.6e-05	0.10168036	-0.003	-0.0	0.0
-0.003	-5.2e-05	0.08582829	-0.003	0.0	-0.0
-0.003	-4.8e-05	0.06694141	-0.003	-0.0	0.0
-0.003	-4.4e-05	0.08507345	-0.003	-0.0	0.0
-0.003	-4e-05	0.07492797	-0.003	0.0	-0.0
-0.003	-3.6e-05	0.0822803	-0.003	-0.0	0.0
-0.003	-3.2e-05	0.07880792	-0.003	-0.0	0.0
-0.003	-2.8e-05	0.06451084	-0.003	0.0	-0.0
-0.003	-2.4e-05	0.06339357	-0.003	-0.0	-0.0
-0.003	-2e-05	0.05317271	-0.003	0.0	-0.0
-0.003	-1.6e-05	0.0529161	-0.003	-0.0	0.0001
-0.003	-1.2e-05	0.04139686	-0.003	-0.0	0.0
-0.003	-8e-06	0.04388789	-0.003	-0.0	0.0
-0.003	-4e-06	0.03851325	-0.003	-0.0	0.0
-0.003	-0.0	0.0362638	-0.003	0.0	-0.0001
-0.003	4e-06	0.03027015	-0.003	-0.0	0.0
-0.003	8e-06	0.03013427	-0.003	-0.0	-0.0
-0.003	1.2e-05	0.04489935	-0.003	0.0	-0.0
-0.003	1.6e-05	0.05146672	-0.003	-0.0	0.0
-0.003	2e-05	0.06055535	-0.003	-0.0	-0.0001
-0.003	2.4e-05	0.05448617	-0.003	-0.0	-0.0
-0.003	2.8e-05	0.06615645	-0.003	0.0	0.0001
-0.003	3.2e-05	0.07686043	-0.003	0.0	-0.0
-0.003	3.6e-05	0.07459574	-0.003	0.0	0.0
-0.003	4e-05	0.07991007	-0.003	-0.0	0.0
-0.003	4.4e-05	0.07578855	-0.003	0.0	-0.0
-0.003	4.8e-05	0.08490733	-0.003	-0.0	-0.0
-0.003	5.2e-05	0.09301458	-0.003	-0.0	0.0
-0.003	5.6e-05	0.09121801	-0.003	-0.0	-0.0
-0.003	6e-05	0.08940632	-0.003	0.0	-0.0
-0.003	6.4e-05	0.10938	-0.003	-0.0	-0.0001
-0.003	6.8e-05	0.12422061	-0.003	-0.0	-0.0
-0.003	7.2e-05	0.1144376	-0.003	-0.0	0.0
-0.003	7.6e-05	0.10817219	-0.003	0.0	-0.0
-0.003	8e-05	0.11188615	-0.003	-0.0	0.0
-0.003	8.4e-05	0.10900254	-0.003	0.0	-0.0
-0.003	8.8e-05	0.10993857	-0.003	0.0	0.0001
-0.003	9.2e-05	0.12026512	-0.003	0.0	0.0
-0.003	9.6e-05	0.10764385	-0.003	0.0	-0.0
-0.003	0.0001	0.10285798	-0.003	0.0	0.0
-0.003	0.000104	0.10873085	-0.003	0.0	-0.0
-0.003	0.000108	0.12489996	-0.003	0.0	-0.0
-0.003	0.000112	0.09887234	-0.003	0.0	-0.0
-0.003	0.000116	0.09615476	-0.003	0.0	0.0001
-0.003	0.00012	0.09752861	-0.003	-0.0	-0.0
-0.003	0.000124	0.10335625	-0.003	0.0	-0.0
-0.003	0.000128	0.09841941	-0.003	0.0	0.0001
-0.003	0.000132	0.10266167	-0.003	0.0	0.0
-0.003	0.000136	0.09866095	-0.003	-0.0	-0.0
-0.003	0.00014	0.08954229	-0.003	0.0	0.0
-0.003	0.000144	0.09743807	-0.003	-0.0	0.0001
-0.003	0.000148	0.0883496	-0.003	0.0	0.0001
-0.003	0.000152	0.09589807	-0.003	0.0	-0.0
-0.003	0.000156	0.09789095	-0.003	-0.0	-0.0001
-0.003	0.00016	0.08557156	-0.003	0.0	-0.0
-0.003	0.000164	0.09309	-0.003	0.0	0.0001
-0.003	0.000168	0.09082551	-0.003	0.0	0.0
-0.003	0.000172	0.09437339	-0.003	-0.0	-0.0
-0.003	0.000176	0.0796383	-0.003	-0.0	0.0001
-0.003	0.00018	0.10396013	-0.003	0.0	-0.0
-0.003	0.000184	0.08943647	-0.003	-0.0	0.0
-0.003	0.000188	0.09733246	-0.003	0.0	-0.0001
-0.003	0.000192	0.07003644	-0.003	0.0	-0.0
-0.003	0.000196	0.08833448	-0.003	0.0	0.0
-0.003	0.0002	0.08228038	-0.003	-0.0	0.0
-0.0029	-0.0002	0.34000647	-0.0029	0.0	-0.0
-0.0029	-0.000196	0.10503205	-0.0029	0.0	-0.0
-0.0029	-0.000192	0.10643605	-0.0029	0.0	-0.0
-0.0029	-0.000188	0.09989895	-0.0029	0.0	-0.0
-0.0029	-0.000184	0.09902334	-0.0029	0.0	-0.0
-0.0029	-0.00018	0.0914897	-0.0029	0.0	-0.0
-0.0029	-0.000176	0.08600941	-0.0029	-0.0	-0.0
-0.0029	-0.000172	0.09031217	-0.0029	0.0	-0.0
-0.0029	-0.000168	0.08853071	-0.0029	0.0	0.0001
-0.0029	-0.000164	0.09469043	-0.0029	0.0	-0.0
-0.0029	-0.00016	0.09265236	-0.0029	0.0	-0.0001
-0.0029	-0.000156	0.08680964	-0.0029	0.0	-0.0
-0.0029	-0.000152	0.10181633	-0.0029	0.0	-0.0
-0.0029	-0.000148	0.09419215	-0.0029	0.0	-0.0
-0.0029	-0.000144	0.08717194	-0.0029	0.0	-0.0
-0.0029	-0.00014	0.10107656	-0.0029	0.0	0.0
-0.0029	-0.000136	0.10358271	-0.0029	0.0	-0.0
-0.0029	-0.000132	0.08760979	-0.0029	0.0	0.0
-0.0029	-0.000128	0.12038589	-0.0029	0.0	0.0
-0.0029	-0.000124	0.10667758	-0.0029	0.0	0.0
-0.0029	-0.00012	0.12956498	-0.0029	0.0	-0.0
-0.0029	-0.000116	0.11267118	-0.0029	0.0	-0.0
-0.0029	-0.000112	0.13382256	-0.0029	-0.0	-0.0
-0.0029	-0.000108	0.11489052	-0.0029	0.0	-0.0
-0.0029	-0.000104	0.11223342	-0.0029	0.0	0.0001
-0.0029	-0.0001	0.12308831	-0.0029	0.0	0.0
-0.0029	-9.6e-05	0.10691912	-0.0029	0.0	0.0
-0.0029	-9.2e-05	0.13178441	-0.0029	0.0	0.0001
-0.0029	-8.8e-05	0.12228816	-0.0029	0.0	0.0
-0.0029	-8.4e-05	0.11608321	-0.0029	0.0	0.0001
-0.0029	-8e-05	0.10811189	-0.0029	0.0	-0.0
-0.0029	-7.6e-05	0.12201647	-0.0029	0.0	0.0
-0.0029	-7.2e-05	0.13128618	-0.0029	-0.0	-0.0
-0.0029	-6.8e-05	0.1048357	-0.0029	0.0	0.0001
-0.0029	-6.4e-05	0.11794013	-0.0029	-0.0	0.0001
-0.0029	-6e-05	0.09461484	-0.0029	0.0	0.0001
-0.0029	-5.6e-05	0.09449404	-0.0029	0.0	0.0
-0.0029	-5.2e-05	0.08099707	-0.0029	0.0	0.0
-0.0029	-4.8e-05	0.08771536	-0.0029	0.0	0.0
-0.0029	-4.4e-05	0.08483183	-0.0029	0.0	0.0001
-0.0029	-4e-05	0.06206512	-0.0029	0.0	0.0
-0.0029	-3.6e-05	0.0658846	-0.0029	0.0	0.0001
-0.0029	-3.2e-05	0.05587509	-0.0029	-0.0	-0.0
-0.0029	-2.8e-05	0.04495981	-0.0029	0.0	0.0
-0.0029	-2.4e-05	0.04009852	-0.0029	0.0	0.0
-0.0029	-2e-05	0.04159309	-0.0029	0.0	-0.0
-0.0029	-1.6e-05	0.02565036	-0.0029	-0.0	-0.0
-0.0029	-1.2e-05	0.02077394	-0.0029	0.0	0.0
-0.0029	-8e-06	0.01940006	-0.0029	0.0	-0.0
-0.0029	-4e-06	0.01253073	-0.0029	0.0	0.0001
-0.0029	-0.0	0.01568613	-0.0029	0.0	0.0001
-0.0029	4e-06	0.01702978	-0.0029	0.0	0.0001
-0.0029	8e-06	0.01198725	-0.0029	0.0	0.0001
-0.0029	1.2e-05	0.02835276	-0.0029	0.0	0.0
-0.0029	1.6e-05	0.02972662	-0.0029	0.0	0.0
-0.0029	2e-05	0.04402382	-0.0029	0.0	-0.0
-0.0029	2.4e-05	0.03529755	-0.0029	-0.0	-0.0
-0.0029	2.8e-05	0.04699796	-0.0029	0.0	0.0
-0.0029	3.2e-05	0.04594112	-0.0029	0.0	0.0001
-0.0029	3.6e-05	0.05362564	-0.0029	0.0	0.0
-0.0029	4e-05	0.06466172	-0.0029	0.0	0.0
-0.0029	4.4e-05	0.08101219	-0.0029	0.0	-0.0
-0.0029	4.8e-05	0.06725849	-0.0029	0.0	-0.0
-0.0029	5.2e-05	0.08754928	-0.0029	0.0	0.0001
-0.0029	5.6e-05	0.09514331	-0.0029	0.0	-0.0
-0.0029	6e-05	0.09345243	-0.0029	0.0	-0.0
-0.0029	6.4e-05	0.08407691	-0.0029	0.0	0.0
-0.0029	6.8e-05	0.10180117	-0.0029	-0.0	0.0001
-0.0029	7.2e-05	0.11380353	-0.0029	0.0	0.0
-0.0029	7.6e-05	0.10542447	-0.0029	0.0	0.0
-0.0029	8e-05	0.12731557	-0.0029	0.0	0.0001
-0.0029	8.4e-05	0.10700978	-0.0029	-0.0	-0.0
-0.0029	8.8e-05	0.12962537	-0.0029	0.0	-0.0
-0.0029	9.2e-05	0.12008393	-0.0029	0.0	0.0001
-0.0029	9.6e-05	0.1273306	-0.0029	0.0	0.0
-0.0029	0.0001	0.11748721	-0.0029	0.0	-0.0
-0.0029	0.000104	0.11812132	-0.0029	-0.0	-0.0001
-0.0029	0.000108	0.13246371	-0.0029	-0.0	0.0
-0.0029	0.000112	0.11484518	-0.0029	0.0	0.0
-0.0029	0.000116	0.12855361	-0.0029	-0.0	0.0
-0.0029	0.00012	0.12814587	-0.0029	0.0	-0.0
-0.0029	0.000124	0.11344114	-0.0029	0.0	-0.0
-0.0029	0.000128	0.1112068	-0.0029	-0.0	0.0
-0.0029	0.000132	0.10556039	-0.0029	-0.0	0.0
-0.0029	0.000136	0.11011973	-0.0029	0.0	0.0
-0.0029	0.00014	0.11757782	-0.0029	-0.0	0.0
-0.0029	0.000144	0.09935549	-0.0029	-0.0	-0.0
-0.0029	0.000148	0.11938951	-0.0029	0.0	0.0
-0.0029	0.000152	0.1006991	-0.0029	0.0	0.0
-0.0029	0.000156	0.10006499	-0.0029	-0.0	0.0001
-0.0029	0.00016	0.10424698	-0.0029	0.0	-0.0
-0.0029	0.000164	0.09795142	-0.0029	0.0	-0.0
-0.0029	0.000168	0.10276744	-0.0029	0.0	0.0001
-0.0029	0.000172	0.08558663	-0.0029	-0.0	-0.0
-0.0029	0.000176	0.09044809	-0.0029	0.0	-0.0
-0.0029	0.00018	0.09007055	-0.0029	0.0	0.0001
-0.0029	0.000184	0.09358831	-0.0029	0.0	-0.0001
-0.0029	0.000188	0.08661333	-0.0029	0.0	-0.0
-0.0029	0.000192	0.1054547	-0.0029	-0.0	0.0001
-0.0029	0.000196	0.10405067	-0.0029	0.0	0.0
-0.0029	0.0002	0.09307493	-0.0029	0.0	0.0
-0.0028	-0.0002	0.21350669	-0.0028	0.0	-0.0
-0.0028	-0.000196	0.09663788	-0.0028	-0.0	-0.0
-0.0028	-0.000192	0.07698124	-0.0028	-0.0	-0.0
-0.0028	-0.000188	0.0997178	-0.0028	0.0	-0.0
-0.0028	-0.000184	0.09740784	-0.0028	0.0	0.0
-0.0028	-0.00018	0.0968795	-0.0028	0.0	0.0
-0.0028	-0.000176	0.09718142	-0.0028	0.0	0.0
-0.0028	-0.000172	0.078808	-0.0028	0.0	0.0
-0.0028	-0.000168	0.09604915	-0.0028	0.0	0.0001
-0.0028	-0.000164	0.08582829	-0.0028	-0.0	-0.0
-0.0028	-0.00016	0.0867944	-0.0028	0.0	-0.0001
-0.0028	-0.000156	0.09438842	-0.0028	0.0	-0.0
-0.0028	-0.000152	0.10734193	-0.0028	0.0	-0.0
-0.0028	-0.000148	0.08807779	-0.0028	-0.0	0.0
-0.0028	-0.000144	0.09488665	-0.0028	0.0	0.0001
-0.0028	-0.00014	0.09484135	-0.0028	0.0	0.0001
-0.0028	-0.000136	0.10645108	-0.0028	-0.0	0.0
-0.0028	-0.000132	0.11629456	-0.0028	0.0	-0.0
-0.0028	-0.000128	0.12254485	-0.0028	-0.0	0.0
-0.0028	-0.000124	0.10165021	-0.0028	-0.0	-0.0
-0.0028	-0.00012	0.13397348	-0.0028	0.0	-0.0
-0.0028	-0.000116	0.10616428	-0.0028	0.0	-0.0
-0.0028	-0.000112	0.11828736	-0.0028	0.0	0.0001
-0.0028	-0.000108	0.11437718	-0.0028	0.0	-0.0
-0.0028	-0.000104	0.12553403	-0.0028	-0.0	-0.0
-0.0028	-0.0001	0.11013484	-0.0028	0.0	-0.0
-0.0028	-9.6e-05	0.13347516	-0.0028	0.0	0.0
-0.0028	-9.2e-05	0.11267122	-0.0028	-0.0	0.0
-0.0028	-8.8e-05	0.12440169	-0.0028	0.0	0.0
-0.0028	-8.4e-05	0.1086252	-0.0028	-0.0	0.0
-0.0028	-8e-05	0.11624925	-0.0028	-0.0	0.0001
-0.0028	-7.6e-05	0.11131246	-0.0028	-0.0	0.0
-0.0028	-7.2e-05	0.13764216	-0.0028	0.0	0.0
-0.0028	-6.8e-05	0.11303357	-0.0028	-0.0	0.0
-0.0028	-6.4e-05	0.09995937	-0.0028	-0.0	0.0001
-0.0028	-6e-05	0.09345235	-0.0028	-0.0	0.0
-0.0028	-5.6e-05	0.10406578	-0.0028	0.0	-0.0
-0.0028	-5.2e-05	0.09749849	-0.0028	0.0	-0.0
-0.0028	-4.8e-05	0.06280481	-0.0028	-0.0	0.0001
-0.0028	-4.4e-05	0.0622915	-0.0028	0.0	-0.0
-0.0028	-4e-05	0.046077	-0.0028	-0.0	-0.0
-0.0028	-3.6e-05	0.0528406	-0.0028	-0.0	-0.0
-0.0028	-3.2e-05	0.04773773	-0.0028	-0.0	0.0
-0.0028	-2.8e-05	0.0321875	-0.0028	0.0	-0.0
-0.0028	-2.4e-05	0.02145326	-0.0028	0.0	0.0
-0.0028	-2e-05	0.01822245	-0.0028	0.0	0.0
-0.0028	-1.6e-05	0.02382356	-0.0028	-0.0	-0.0
-0.0028	-1.2e-05	0.02027574	-0.0028	-0.0	0.0001
-0.0028	-8e-06	0.00545012	-0.0028	-0.0	0.0
-0.0028	-4e-06	0.00828842	-0.0028	0.0	0.0
-0.0028	-0.0	-0.00155503	-0.0028	-0.0	-0.0
-0.0028	4e-06	-0.00311005	-0.0028	0.0	0.0
-0.0028	8e-06	-0.00570679	-0.0028	-0.0	0.0
-0.0028	1.2e-05	-0.00425746	-0.0028	0.0	-0.0001
-0.0028	1.6e-05	0.01082477	-0.0028	-0.0	-0.0
-0.0028	2e-05	0.03792438	-0.0028	0.0	-0.0
-0.0028	2.4e-05	0.03137224	-0.0028	-0.0	0.0
-0.0028	2.8e-05	0.02981719	-0.0028	0.0	0.0
-0.0028	3.2e-05	0.04716404	-0.0028	0.0	0.0
-0.0028	3.6e-05	0.04038532	-0.0028	0.0	0.0
-0.0028	4e-05	0.05679605	-0.0028	0.0	0.0
-0.0028	4.4e-05	0.06093277	-0.0028	-0.0	0.0
-0.0028	4.8e-05	0.08184257	-0.0028	-0.0	0.0
-0.0028	5.2e-05	0.06955333	-0.0028	-0.0	-0.0
-0.0028	5.6e-05	0.08951197	-0.0028	-0.0	-0.0
-0.0028	6e-05	0.09918933	-0.0028	-0.0	-0.0
-0.0028	6.4e-05	0.10969708	-0.0028	-0.0	0.0
-0.0028	6.8e-05	0.10842885	-0.0028	0.0	-0.0
-0.0028	7.2e-05	0.10386947	-0.0028	0.0	-0.0
-0.0028	7.6e-05	0.12130681	-0.0028	0.0	-0.0
-0.0028	8e-05	0.13604186	-0.0028	-0.0	-0.0
-0.0028	8.4e-05	0.11555479	-0.0028	0.0	-0.0
-0.0028	8.8e-05	0.11365253	-0.0028	0.0	0.0
-0.0028	9.2e-05	0.1468516	-0.0028	0.0	-0.0
-0.0028	9.6e-05	0.1182119	-0.0028	0.0	0.0
-0.0028	0.0001	0.11923851	-0.0028	-0.0	0.0
-0.0028	0.000104	0.13235802	-0.0028	-0.0	0.0
-0.0028	0.000108	0.12370731	-0.0028	0.0	-0.0
-0.0028	0.000112	0.13339966	-0.0028	0.0	-0.0
-0.0028	0.000116	0.12141251	-0.0028	0.0	0.0
-0.0028	0.00012	0.12592669	-0.0028	-0.0	-0.0
-0.0028	0.000124	0.1277986	-0.0028	0.0	-0.0
-0.0028	0.000128	0.10032168	-0.0028	-0.0	-0.0
-0.0028	0.000132	0.13084837	-0.0028	-0.0	0.0
-0.0028	0.000136	0.10204275	-0.0028	0.0	-0.0
-0.0028	0.00014	0.11292788	-0.0028	0.0	0.0
-0.0028	0.000144	0.12245428	-0.0028	0.0	0.0
-0.0028	0.000148	0.1033109	-0.0028	-0.0	-0.0
-0.0028	0.000152	0.09352793	-0.0028	-0.0	0.0
-0.0028	0.000156	0.10720601	-0.0028	-0.0	-0.0
-0.0028	0.00016	0.08664356	-0.0028	-0.0	-0.0
-0.0028	0.000164	0.10199748	-0.0028	-0.0	-0.0
-0.0028	0.000168	0.09109724	-0.0028	-0.0	0.0
-0.0028	0.000172	0.07711716	-0.0028	0.0	0.0001
-0.0028	0.000176	0.0908104	-0.0028	-0.0	-0.0
-0.0028	0.00018	0.09888745	-0.0028	0.0	-0.0001
-0.0028	0.000184	0.08975355	-0.0028	-0.0	-0.0
-0.0028	0.000188	0.09324112	-0.0028	-0.0	0.0
-0.0028	0.000192	0.08099719	-0.0028	0.0	0.0
-0.0028	0.000196	0.08652283	-0.0028	0.0	-0.0
-0.0028	0.0002	0.0886212	-0.0028	-0.0	0.0
-0.0027	-0.0002	0.32342958	-0.0027	0.0	-0.0
-0.0027	-0.000196	0.09443373	-0.0027	0.0	-0.0
-0.0027	-0.000192	0.08933082	-0.0027	0.0	0.0
-0.0027	-0.000188	0.09133878	-0.0027	0.0	-0.0
-0.0027	-0.000184	0.10643605	-0.0027	0.0	0.0
-0.0027	-0.00018	0.08715683	-0.0027	0.0	0.0001
-0.0027	-0.000176	0.08712659	-0.0027	-0.0	-0.0001
-0.0027	-0.000172	0.09185212	-0.0027	0.0	0.0
-0.0027	-0.000168	0.08427322	-0.0027	0.0	0.0
-0.0027	-0.000164	0.09188228	-0.0027	0.0	0.0
-0.0027	-0.00016	0.09165582	-0.0027	0.0	-0.0
-0.0027	-0.000156	0.10352229	-0.0027	-0.0	0.0
-0.0027	-0.000152	0.10948569	-0.0027	0.0	-0.0
-0.0027	-0.000148	0.10051795	-0.0027	0.0	-0.0
-0.0027	-0.000144	0.10753812	-0.0027	0.0	0.0001
-0.0027	-0.00014	0.10258629	-0.0027	0.0	-0.0
-0.0027	-0.000136	0.10928946	-0.0027	0.0	0.0
-0.0027	-0.000132	0.10614924	-0.0027	0.0	-0.0
-0.0027	-0.000128	0.1057114	-0.0027	-0.0	-0.0
-0.0027	-0.000124	0.11463395	-0.0027	0.0	-0.0
-0.0027	-0.00012	0.13329401	-0.0027	0.0	-0.0
-0.0027	-0.000116	0.11646064	-0.0027	0.0	-0.0
-0.0027	-0.000112	0.11688328	-0.0027	-0.0	0.0
-0.0027	-0.000108	0.13515101	-0.0027	0.0	0.0
-0.0027	-0.000104	0.11783448	-0.0027	-0.0	0.0
-0.0027	-0.0001	0.12373746	-0.0027	-0.0	-0.0
-0.0027	-9.6e-05	0.12988206	-0.0027	0.0	-0.0
-0.0027	-9.2e-05	0.11679275	-0.0027	-0.0	0.0001
-0.0027	-8.8e-05	0.12040097	-0.0027	0.0	0.0
-0.0027	-8.4e-05	0.13261467	-0.0027	0.0	-0.0
-0.0027	-8e-05	0.10972723	-0.0027	-0.0	0.0001
-0.0027	-7.6e-05	0.12779864	-0.0027	-0.0	0.0
-0.0027	-7.2e-05	0.11920828	-0.0027	0.0	0.0
-0.0027	-6.8e-05	0.10630016	-0.0027	0.0	0.0
-0.0027	-6.4e-05	0.11162945	-0.0027	-0.0	-0.0
-0.0027	-6e-05	0.09446392	-0.0027	0.0	-0.0
-0.0027	-5.6e-05	0.08545075	-0.0027	-0.0	0.0001
-0.0027	-5.2e-05	0.07755489	-0.0027	-0.0	0.0
-0.0027	-4.8e-05	0.07596966	-0.0027	-0.0	0.0001
-0.0027	-4.4e-05	0.07716247	-0.0027	-0.0	-0.0
-0.0027	-4e-05	0.0720594	-0.0027	0.0	0.0001
-0.0027	-3.6e-05	0.0427707	-0.0027	-0.0	-0.0
-0.0027	-3.2e-05	0.04364636	-0.0027	0.0	-0.0
-0.0027	-2.8e-05	0.04299721	-0.0027	0.0	0.0
-0.0027	-2.4e-05	0.04591093	-0.0027	-0.0	0.0
-0.0027	-2e-05	0.03902656	-0.0027	-0.0	0.0
-0.0027	-1.6e-05	0.02201189	-0.0027	0.0	-0.0001
-0.0027	-1.2e-05	0.02311397	-0.0027	0.0	-0.0
-0.0027	-8e-06	0.02010962	-0.0027	-0.0	-0.0001
-0.0027	-4e-06	0.00801665	-0.0027	0.0	-0.0
-0.0027	-0.0	0.02922837	-0.0027	0.0	-0.0
-0.0027	4e-06	0.00603892	-0.0027	0.0	-0.0
-0.0027	8e-06	0.02635994	-0.0027	0.0	-0.0
-0.0027	1.2e-05	0.03208181	-0.0027	0.0	0.0
-0.0027	1.6e-05	0.03638456	-0.0027	-0.0	0.0001
-0.0027	2e-05	0.03556927	-0.0027	-0.0	0.0
-0.0027	2.4e-05	0.03567499	-0.0027	-0.0	-0.0001
-0.0027	2.8e-05	0.05306698	-0.0027	-0.0	-0.0
-0.0027	3.2e-05	0.05749051	-0.0027	-0.0	-0.0
-0.0027	3.6e-05	0.07225571	-0.0027	-0.0	0.0
-0.0027	4e-05	0.06697172	-0.0027	-0.0	-0.0
-0.0027	4.4e-05	0.06772657	-0.0027	0.0	-0.0001
-0.0027	4.8e-05	0.08375987	-0.0027	0.0	-0.0001
-0.0027	5.2e-05	0.08471098	-0.0027	-0.0	-0.0
-0.0027	5.6e-05	0.08388076	-0.0027	0.0	-0.0
-0.0027	6e-05	0.09408646	-0.0027	0.0	0.0001
-0.0027	6.4e-05	0.11655117	-0.0027	0.0	0.0
-0.0027	6.8e-05	0.1139243	-0.0027	0.0	-0.0
-0.0027	7.2e-05	0.10171064	-0.0027	0.0	0.0
-0.0027	7.6e-05	0.11875536	-0.0027	-0.0	0.0001
-0.0027	8e-05	0.11504149	-0.0027	0.0	-0.0
-0.0027	8.4e-05	0.10672293	-0.0027	0.0	0.0
-0.0027	8.8e-05	0.11969143	-0.0027	0.0	0.0
-0.0027	9.2e-05	0.1208992	-0.0027	0.0	0.0
-0.0027	9.6e-05	0.11840821	-0.0027	0.0	-0.0
-0.0027	0.0001	0.12215227	-0.0027	-0.0	-0.0
-0.0027	0.000104	0.11816663	-0.0027	0.0	0.0
-0.0027	0.000108	0.12826664	-0.0027	-0.0	0.0
-0.0027	0.000112	0.11600767	-0.0027	-0.0	-0.0001
-0.0027	0.000116	0.11842324	-0.0027	0.0	-0.0
-0.0027	0.00012	0.10251071	-0.0027	0.0	-0.0
-0.0027	0.000124	0.11987263	-0.0027	0.0	-0.0
-0.0027	0.000128	0.11563029	-0.0027	-0.0	0.0001
-0.0027	0.000132	0.11534341	-0.0027	0.0	-0.0001
-0.0027	0.000136	0.10485086	-0.0027	0.0	-0.0
-0.0027	0.00014	0.10109164	-0.0027	0.0	-0.0
-0.0027	0.000144	0.08767013	-0.0027	-0.0	0.0001
-0.0027	0.000148	0.10794581	-0.0027	-0.0	-0.0001
-0.0027	0.000152	0.10888181	-0.0027	-0.0	-0.0
-0.0027	0.000156	0.0994611	-0.0027	0.0	-0.0
-0.0027	0.00016	0.08705117	-0.0027	-0.0	0.0
-0.0027	0.000164	0.09582269	-0.0027	-0.0	0.0
-0.0027	0.000168	0.10664743	-0.0027	0.0	0.0
-0.0027	0.000172	0.08842502	-0.0027	-0.0	-0.0
-0.0027	0.000176	0.09577742	-0.0027	-0.0	-0.0
-0.0027	0.00018	0.08600945	-0.0027	-0.0	-0.0
-0.0027	0.000184	0.09766457	-0.0027	0.0	-0.0
-0.0027	0.000188	0.09284859	-0.0027	-0.0	-0.0
-0.0027	0.000192	0.09620019	-0.0027	-0.0	-0.0
-0.0027	0.000196	0.08413737	-0.0027	-0.0	0.0001
-0.0027	0.0002	0.08928551	-0.0027	-0.0	-0.0
-0.0026	-0.0002	-0.00860567	-0.0027	-0.0	0.0
-0.0026	-0.000196	0.09808726	-0.0027	0.0	-0.0
-0.0026	-0.000192	0.09017632	-0.0027	-0.0	-0.0
-0.0026	-0.000188	0.08723229	-0.0027	0.0	-0.0
-0.0026	-0.000184	0.10267683	-0.0027	-0.0	-0.0
-0.0026	-0.00018	0.09278804	-0.0027	0.0	0.0
-0.0026	-0.000176	0.09138405	-0.0027	-0.0	-0.0
-0.0026	-0.000172	0.08434864	-0.0027	0.0	0.0001
-0.0026	-0.000168	0.10939508	-0.0027	-0.0	-0.0
-0.0026	-0.000164	0.09574715	-0.0027	-0.0	0.0
-0.0026	-0.00016	0.10094068	-0.0027	0.0	-0.0
-0.0026	-0.000156	0.09466019	-0.0027	0.0	-0.0
-0.0026	-0.000152	0.09881195	-0.0027	0.0	0.0001
-0.0026	-0.000148	0.09463008	-0.0027	-0.0	-0.0
-0.0026	-0.000144	0.10542451	-0.0027	0.0	-0.0
-0.0026	-0.00014	0.10841377	-0.0027	0.0	0.0
-0.0026	-0.000136	0.12046139	-0.0027	0.0	-0.0
-0.0026	-0.000132	0.10705505	-0.0027	-0.0	-0.0
-0.0026	-0.000128	0.11153888	-0.0027	0.0	-0.0001
-0.0026	-0.000124	0.11316945	-0.0027	-0.0	0.0
-0.0026	-0.00012	0.09508292	-0.0027	-0.0	0.0001
-0.0026	-0.000116	0.11383364	-0.0027	0.0	-0.0
-0.0026	-0.000112	0.11534341	-0.0027	0.0	-0.0
-0.0026	-0.000108	0.12444699	-0.0027	-0.0	-0.0
-0.0026	-0.000104	0.1231185	-0.0027	0.0	-0.0
-0.0026	-0.0001	0.11563029	-0.0027	0.0	0.0
-0.0026	-9.6e-05	0.13278087	-0.0027	0.0	-0.0
-0.0026	-9.2e-05	0.11608313	-0.0027	-0.0	0.0
-0.0026	-8.8e-05	0.11935932	-0.0027	0.0	-0.0
-0.0026	-8.4e-05	0.12351112	-0.0027	0.0	0.0
-0.0026	-8e-05	0.10146906	-0.0027	-0.0	-0.0
-0.0026	-7.6e-05	0.11362233	-0.0027	0.0	0.0001
-0.0026	-7.2e-05	0.11581149	-0.0027	-0.0	-0.0001
-0.0026	-6.8e-05	0.10577178	-0.0027	0.0	-0.0
-0.0026	-6.4e-05	0.09775507	-0.0027	0.0	0.0001
-0.0026	-6e-05	0.09536981	-0.0027	-0.0	0.0001
-0.0026	-5.6e-05	0.07556205	-0.0027	0.0	-0.0
-0.0026	-5.2e-05	0.0962605	-0.0027	0.0	-0.0
-0.0026	-4.8e-05	0.06410319	-0.0027	0.0	0.0
-0.0026	-4.4e-05	0.05992127	-0.0027	0.0	0.0
-0.0026	-4e-05	0.06734914	-0.0027	0.0	0.0
-0.0026	-3.6e-05	0.06277466	-0.0027	-0.0	0.0
-0.0026	-3.2e-05	0.0454127	-0.0027	0.0	0.0001
-0.0026	-2.8e-05	0.04942861	-0.0027	0.0	-0.0
-0.0026	-2.4e-05	0.04120059	-0.0027	-0.0	-0.0
-0.0026	-2e-05	0.0359316	-0.0027	0.0	0.0
-0.0026	-1.6e-05	0.03205163	-0.0027	0.0	-0.0
-0.0026	-1.2e-05	0.02103058	-0.0027	-0.0	-0.0
-0.0026	-8e-06	0.01485576	-0.0027	0.0	-0.0
-0.0026	-4e-06	0.01013029	-0.0027	-0.0	0.0
-0.0026	-0.0	0.02006429	-0.0027	0.0	0.0001
-0.0026	4e-06	0.01145889	-0.0027	0.0	0.0
-0.0026	8e-06	0.01959631	-0.0027	0.0	-0.0001
-0.0026	1.2e-05	0.02116639	-0.0027	0.0	-0.0
-0.0026	1.6e-05	0.01885651	-0.0027	0.0	0.0
-0.0026	2e-05	0.03221766	-0.0027	-0.0	-0.0
-0.0026	2.4e-05	0.02611838	-0.0027	0.0	0.0001
-0.0026	2.8e-05	0.05125533	-0.0027	0.0	0.0001
-0.0026	3.2e-05	0.06454095	-0.0027	0.0	0.0
-0.0026	3.6e-05	0.05733959	-0.0027	-0.0	-0.0
-0.0026	4e-05	0.06204996	-0.0027	0.0	0.0
-0.0026	4.4e-05	0.0779625	-0.0027	0.0	0.0001
-0.0026	4.8e-05	0.0847261	-0.0027	0.0	-0.0
-0.0026	5.2e-05	0.08379014	-0.0027	0.0	0.0
-0.0026	5.6e-05	0.10379405	-0.0027	0.0	0.0
-0.0026	6e-05	0.08872694	-0.0027	0.0	0.0
-0.0026	6.4e-05	0.09958187	-0.0027	0.0	-0.0
-0.0026	6.8e-05	0.11763821	-0.0027	0.0	-0.0
-0.0026	7.2e-05	0.11327511	-0.0027	0.0	-0.0
-0.0026	7.6e-05	0.09808722	-0.0027	0.0	0.0001
-0.0026	8e-05	0.11489052	-0.0027	0.0	0.0001
-0.0026	8.4e-05	0.11099538	-0.0027	-0.0	0.0
-0.0026	8.8e-05	0.11123696	-0.0027	0.0	0.0
-0.0026	9.2e-05	0.1268928	-0.0027	-0.0	0.0
-0.0026	9.6e-05	0.12156347	-0.0027	0.0	0.0
-0.0026	0.0001	0.1197367	-0.0027	0.0	0.0
-0.0026	0.000104	0.1104368	-0.0027	0.0	0.0001
-0.0026	0.000108	0.12310334	-0.0027	0.0	-0.0
-0.0026	0.000112	0.10169548	-0.0027	0.0	0.0
-0.0026	0.000116	0.10664739	-0.0027	-0.0	0.0
-0.0026	0.00012	0.1186799	-0.0027	-0.0	0.0
-0.0026	0.000124	0.11984239	-0.0027	0.0	0.0
-0.0026	0.000128	0.10572651	-0.0027	-0.0	0.0
-0.0026	0.000132	0.1032506	-0.0027	0.0	0.0
-0.0026	0.000136	0.10107652	-0.0027	0.0	0.0
-0.0026	0.00014	0.0937845	-0.0027	-0.0	0.0
-0.0026	0.000144	0.10741735	-0.0027	0.0	0.0001
-0.0026	0.000148	0.11063311	-0.0027	-0.0	0.0
-0.0026	0.000152	0.10933465	-0.0027	-0.0	0.0
-0.0026	0.000156	0.08409202	-0.0027	-0.0	-0.0
-0.0026	0.00016	0.10459421	-0.0027	0.0	-0.0
-0.0026	0.000164	0.09417712	-0.0027	0.0	0.0001
-0.0026	0.000168	0.09761926	-0.0027	-0.0	-0.0
-0.0026	0.000172	0.10738716	-0.0027	-0.0	-0.0
-0.0026	0.000176	0.10306928	-0.0027	-0.0	-0.0
-0.0026	0.00018	0.07818904	-0.0027	0.0	-0.0
-0.0026	0.000184	0.08827406	-0.0027	0.0	0.0
-0.0026	0.000188	0.09444889	-0.0027	0.0	0.0
-0.0026	0.000192	0.08166146	-0.0027	0.0	0.0
-0.0026	0.000196	0.09319577	-0.0027	0.0	0.0001
-0.0026	0.0002	0.09932526	-0.0027	-0.0	0.0001
-0.0025	-0.0002	0.15252812	-0.0025	0.0	0.0
-0.0025	-0.000196	0.08492229	-0.0025	0.0	0.0001
-0.0025	-0.000192	0.08557172	-0.0025	0.0	0.0
-0.0025	-0.000188	0.07474686	-0.0025	0.0	0.0
-0.0025	-0.000184	0.09407143	-0.0025	0.0	0.0
-0.0025	-0.00018	0.08856082	-0.0025	0.0	-0.0001
-0.0025	-0.000176	0.09230501	-0.0025	0.0	0.0
-0.0025	-0.000172	0.09536981	-0.0025	0.0	-0.0
-0.0025	-0.000168	0.08830417	-0.0025	-0.0	-0.0
-0.0025	-0.000164	0.08714179	-0.0025	0.0	0.0001
-0.0025	-0.00016	0.10315998	-0.0025	0.0	-0.0001
-0.0025	-0.000156	0.10525847	-0.0025	0.0	-0.0
-0.0025	-0.000152	0.07927612	-0.0025	0.0	0.0
-0.0025	-0.000148	0.08401656	-0.0025	0.0	0.0
-0.0025	-0.000144	0.09494704	-0.0025	0.0	0.0
-0.0025	-0.00014	0.09389027	-0.0025	-0.0	0.0
-0.0025	-0.000136	0.09239558	-0.0025	-0.0	0.0
-0.0025	-0.000132	0.08353349	-0.0025	-0.0	-0.0
-0.0025	-0.000128	0.10066887	-0.0025	0.0	0.0
-0.0025	-0.000124	0.09681915	-0.0025	-0.0	0.0001
-0.0025	-0.00012	0.09568685	-0.0025	0.0	-0.0001
-0.0025	-0.000116	0.09721165	-0.0025	-0.0	-0.0
-0.0025	-0.000112	0.10833831	-0.0025	0.0	0.0001
-0.0025	-0.000108	0.09382985	-0.0025	0.0	-0.0
-0.0025	-0.000104	0.11306376	-0.0025	0.0	-0.0
-0.0025	-0.0001	0.0930145	-0.0025	0.0	0.0001
-0.0025	-9.6e-05	0.09508296	-0.0025	0.0	-0.0
-0.0025	-9.2e-05	0.10845908	-0.0025	0.0	-0.0
-0.0025	-8.8e-05	0.09373931	-0.0025	0.0	0.0
-0.0025	-8.4e-05	0.08819864	-0.0025	0.0	0.0001
-0.0025	-8e-05	0.11273157	-0.0025	0.0	0.0
-0.0025	-7.6e-05	0.09598873	-0.0025	0.0	-0.0
-0.0025	-7.2e-05	0.10386956	-0.0025	0.0	-0.0
-0.0025	-6.8e-05	0.09469039	-0.0025	0.0	-0.0
-0.0025	-6.4e-05	0.10044245	-0.0025	0.0	-0.0
-0.0025	-6e-05	0.10444325	-0.0025	-0.0	-0.0
-0.0025	-5.6e-05	0.09369401	-0.0025	-0.0	0.0
-0.0025	-5.2e-05	0.08791175	-0.0025	-0.0	0.0
-0.0025	-4.8e-05	0.07782666	-0.0025	0.0	0.0
-0.0025	-4.4e-05	0.08271814	-0.0025	-0.0	0.0
-0.0025	-4e-05	0.07302571	-0.0025	-0.0	0.0
-0.0025	-3.6e-05	0.07243694	-0.0025	-0.0	0.0
-0.0025	-3.2e-05	0.07334274	-0.0025	0.0	-0.0
-0.0025	-2.8e-05	0.06123466	-0.0025	0.0	-0.0
-0.0025	-2.4e-05	0.0610535	-0.0025	0.0	-0.0
-0.0025	-2e-05	0.06570341	-0.0025	-0.0	0.0
-0.0025	-1.6e-05	0.06150642	-0.0025	0.0	0.0
-0.0025	-1.2e-05	0.05557317	-0.0025	0.0	0.0001
-0.0025	-8e-06	0.08101215	-0.0025	-0.0	-0.0
-0.0025	-4e-06	0.05403325	-0.0025	0.0	0.0
-0.0025	-0.0	0.06117431	-0.0025	-0.0	0.0
-0.0025	4e-06	0.06810391	-0.0025	0.0	0.0
-0.0025	8e-06	0.05031936	-0.0025	0.0	0.0
-0.0025	1.2e-05	0.061748	-0.0025	0.0	0.0
-0.0025	1.6e-05	0.06159712	-0.0025	0.0	0.0001
-0.0025	2e-05	0.05791328	-0.0025	-0.0	0.0
-0.0025	2.4e-05	0.06449565	-0.0025	0.0	0.0001
-0.0025	2.8e-05	0.08193319	-0.0025	0.0	-0.0001
-0.0025	3.2e-05	0.04663567	-0.0025	-0.0	-0.0
-0.0025	3.6e-05	0.06990068	-0.0025	0.0	-0.0
-0.0025	4e-05	0.08739836	-0.0025	0.0	0.0
-0.0025	4.4e-05	0.07255771	-0.0025	0.0	0.0
-0.0025	4.8e-05	0.08247673	-0.0025	0.0	0.0
-0.0025	5.2e-05	0.08483187	-0.0025	0.0	0.0
-0.0025	5.6e-05	0.09369396	-0.0025	-0.0	0.0001
-0.0025	6e-05	0.10254094	-0.0025	-0.0	-0.0001
-0.0025	6.4e-05	0.10258625	-0.0025	0.0	-0.0
-0.0025	6.8e-05	0.08368437	-0.0025	0.0	0.0001
-0.0025	7.2e-05	0.09453938	-0.0025	0.0	0.0001
-0.0025	7.6e-05	0.10284294	-0.0025	0.0	0.0001
-0.0025	8e-05	0.09396569	-0.0025	0.0	-0.0
-0.0025	8.4e-05	0.10453382	-0.0025	0.0	-0.0
-0.0025	8.8e-05	0.10731174	-0.0025	0.0	-0.0
-0.0025	9.2e-05	0.10098599	-0.0025	0.0	-0.0
-0.0025	9.6e-05	0.11937436	-0.0025	0.0	0.0
-0.0025	0.0001	0.09721165	-0.0025	0.0	0.0
-0.0025	0.000104	0.10758339	-0.0025	-0.0	0.0
-0.0025	0.000108	0.10512255	-0.0025	-0.0	0.0001
-0.0025	0.000112	0.10116714	-0.0025	0.0	-0.0
-0.0025	0.000116	0.09893276	-0.0025	0.0	0.0
-0.0025	0.00012	0.10146902	-0.0025	0.0	-0.0
-0.0025	0.000124	0.09606427	-0.0025	-0.0	-0.0001
-0.0025	0.000128	0.11567556	-0.0025	-0.0	0.0
-0.0025	0.000132	0.09373927	-0.0025	-0.0	0.0
-0.0025	0.000136	0.09873649	-0.0025	-0.0	-0.0
-0.0025	0.00014	0.11534341	-0.0025	0.0	0.0
-0.0025	0.000144	0.08342772	-0.0025	-0.0	-0.0
-0.0025	0.000148	0.08880248	-0.0025	-0.0	0.0
-0.0025	0.000152	0.08540556	-0.0025	0.0	-0.0
-0.0025	0.000156	0.08905913	-0.0025	0.0	0.0
-0.0025	0.00016	0.09671346	-0.0025	0.0	0.0
-0.0025	0.000164	0.08916474	-0.0025	-0.0	-0.0
-0.0025	0.000168	0.08809286	-0.0025	-0.0	-0.0
-0.0025	0.000172	0.10550005	-0.0025	0.0	-0.0
-0.0025	0.000176	0.08392599	-0.0025	-0.0	-0.0
-0.0025	0.00018	0.10590766	-0.0025	-0.0	0.0
-0.0025	0.000184	0.0936487	-0.0025	-0.0	0.0
-0.0025	0.000188	0.10568116	-0.0025	0.0	-0.0
-0.0025	0.000192	0.09416204	-0.0025	-0.0	0.0001
-0.0025	0.000196	0.09361838	-0.0025	-0.0	-0.0001
-0.0025	0.0002	0.09479608	-0.0025	0.0	-0.0
-0.0024	-0.0002	-0.18577198	-0.0024	-0.0	0.0
-0.0024	-0.000196	0.09600388	-0.0024	0.0	-0.0
-0.0024	-0.000192	0.08276353	-0.0024	0.0	0.0
-0.0024	-0.000188	0.09278812	-0.0024	-0.0	0.0
-0.0024	-0.000184	0.094781	-0.0024	0.0	-0.0001
-0.0024	-0.00018	0.0908859	-0.0024	0.0	-0.0
-0.0024	-0.000176	0.0953245	-0.0024	0.0	-0.0
-0.0024	-0.000172	0.08960259	-0.0024	0.0	0.0001
-0.0024	-0.000168	0.09322597	-0.0024	-0.0	0.0
-0.0024	-0.000164	0.09059893	-0.0024	0.0	0.0
-0.0024	-0.00016	0.08976863	-0.0024	0.0	-0.0
-0.0024	-0.000156	0.08471119	-0.0024	0.0	0.0
-0.0024	-0.000152	0.10051795	-0.0024	0.0	0.0001
-0.0024	-0.000148	0.08759467	-0.0024	0.0	-0.0
-0.0024	-0.000144	0.10245032	-0.0024	0.0	0.0
-0.0024	-0.00014	0.10192198	-0.0024	0.0	0.0
-0.0024	-0.000136	0.08052903	-0.0024	0.0	-0.0
-0.0024	-0.000132	0.08640198	-0.0024	-0.0	-0.0
-0.0024	-0.000128	0.11964613	-0.0024	0.0	0.0
-0.0024	-0.000124	0.1043677	-0.0024	-0.0	0.0
-0.0024	-0.00012	0.10299394	-0.0024	0.0	-0.0
-0.0024	-0.000116	0.09733238	-0.0024	0.0	0.0
-0.0024	-0.000112	0.10898754	-0.0024	0.0	-0.0
-0.0024	-0.000108	0.10500182	-0.0024	0.0	0.0
-0.0024	-0.000104	0.10546986	-0.0024	0.0	0.0
-0.0024	-0.0001	0.10717581	-0.0024	-0.0	0.0
-0.0024	-9.6e-05	0.1158869	-0.0024	0.0	0.0
-0.0024	-9.2e-05	0.10933473	-0.0024	-0.0	-0.0
-0.0024	-8.8e-05	0.10676816	-0.0024	0.0	0.0001
-0.0024	-8.4e-05	0.09884214	-0.0024	0.0	-0.0
-0.0024	-8e-05	0.10195217	-0.0024	-0.0	-0.0
-0.0024	-7.6e-05	0.08668883	-0.0024	0.0	0.0
-0.0024	-7.2e-05	0.11972175	-0.0024	0.0	0.0001
-0.0024	-6.8e-05	0.09043289	-0.0024	0.0	-0.0
-0.0024	-6.4e-05	0.11754759	-0.0024	0.0	0.0
-0.0024	-6e-05	0.0867944	-0.0024	0.0	-0.0
-0.0024	-5.6e-05	0.08372976	-0.0024	0.0	0.0
-0.0024	-5.2e-05	0.08913447	-0.0024	0.0	-0.0
-0.0024	-4.8e-05	0.08582833	-0.0024	0.0	0.0
-0.0024	-4.4e-05	0.09079528	-0.0024	-0.0	0.0001
-0.0024	-4e-05	0.0960945	-0.0024	-0.0	-0.0001
-0.0024	-3.6e-05	0.07760024	-0.0024	0.0	-0.0
-0.0024	-3.2e-05	0.05290095	-0.0024	-0.0	0.0001
-0.0024	-2.8e-05	0.05715836	-0.0024	0.0	-0.0
-0.0024	-2.4e-05	0.04574485	-0.0024	-0.0	-0.0
-0.0024	-2e-05	0.04041552	-0.0024	0.0	-0.0
-0.0024	-1.6e-05	0.03686768	-0.0024	0.0	-0.0001
-0.0024	-1.2e-05	0.03911718	-0.0024	-0.0	-0.0
-0.0024	-8e-06	0.0404759	-0.0024	-0.0	-0.0
-0.0024	-4e-06	0.02373297	-0.0024	-0.0	-0.0
-0.0024	-0.0	0.01772423	-0.0024	-0.0	0.0
-0.0024	4e-06	0.02608813	-0.0024	-0.0	-0.0
-0.0024	8e-06	0.01527847	-0.0024	0.0	-0.0
-0.0024	1.2e-05	0.02143819	-0.0024	-0.0	-0.0
-0.0024	1.6e-05	0.03499559	-0.0024	-0.0	-0.0
-0.0024	2e-05	0.03223277	-0.0024	-0.0	-0.0
-0.0024	2.4e-05	0.03203649	-0.0024	0.0	-0.0
-0.0024	2.8e-05	0.04050606	-0.0024	0.0	0.0001
-0.0024	3.2e-05	0.06103843	-0.0024	-0.0	0.0
-0.0024	3.6e-05	0.04914176	-0.0024	-0.0	0.0
-0.0024	4e-05	0.0553769	-0.0024	-0.0	0.0
-0.0024	4.4e-05	0.0464393	-0.0024	-0.0	-0.0
-0.0024	4.8e-05	0.07554697	-0.0024	-0.0	0.0
-0.0024	5.2e-05	0.0943432	-0.0024	0.0	0.0
-0.0024	5.6e-05	0.0717576	-0.0024	-0.0	0.0
-0.0024	6e-05	0.10151437	-0.0024	0.0	0.0
-0.0024	6.4e-05	0.11424133	-0.0024	-0.0	-0.0
-0.0024	6.8e-05	0.10577178	-0.0024	0.0	-0.0
-0.0024	7.2e-05	0.11202203	-0.0024	-0.0	-0.0
-0.0024	7.6e-05	0.12861399	-0.0024	-0.0	0.0
-0.0024	8e-05	0.12971598	-0.0024	0.0	0.0
-0.0024	8.4e-05	0.12550384	-0.0024	0.0	-0.0
-0.0024	8.8e-05	0.13407909	-0.0024	0.0	-0.0
-0.0024	9.2e-05	0.13050114	-0.0024	-0.0	0.0001
-0.0024	9.6e-05	0.11883078	-0.0024	-0.0	-0.0
-0.0024	0.0001	0.12488484	-0.0024	-0.0	-0.0
-0.0024	0.000104	0.12320904	-0.0024	0.0	0.0
-0.0024	0.000108	0.1058624	-0.0024	-0.0	0.0
-0.0024	0.000112	0.11750232	-0.0024	0.0	0.0
-0.0024	0.000116	0.12336004	-0.0024	0.0	-0.0
-0.0024	0.00012	0.11895163	-0.0024	-0.0	0.0
-0.0024	0.000124	0.11033119	-0.0024	0.0	-0.0
-0.0024	0.000128	0.10710035	-0.0024	-0.0	-0.0
-0.0024	0.000132	0.11235419	-0.0024	-0.0	-0.0001
-0.0024	0.000136	0.10482071	-0.0024	0.0	-0.0
-0.0024	0.00014	0.09920445	-0.0024	0.0	-0.0
-0.0024	0.000144	0.09635111	-0.0024	0.0	-0.0
-0.0024	0.000148	0.10113695	-0.0024	0.0	-0.0
-0.0024	0.000152	0.10915358	-0.0024	0.0	0.0
-0.0024	0.000156	0.10032164	-0.0024	0.0	0.0001
-0.0024	0.00016	0.10142375	-0.0024	0.0	-0.0
-0.0024	0.000164	0.10024622	-0.0024	-0.0	-0.0
-0.0024	0.000168	0.09992914	-0.0024	0.0	-0.0
-0.0024	0.000172	0.07722273	-0.0024	-0.0	0.0
-0.0024	0.000176	0.09931014	-0.0024	0.0	0.0
-0.0024	0.00018	0.10329582	-0.0024	0.0	0.0
