Field A is the magnetic field created by Axes 1 and 2, Field B is the field created by Axis 3Initial Temperature (K)	0.0250157
Excitation Current (A)	2e-07
Axis 1,2	y,z
Axis 3	x
Angle in 1,2	14
Field A (T)	Field B (T)	Resistance (Ohms)	Actual X-Field	Actual Y-Field	Actual Z-Field
0.9	0.2	0.12513313	0.2	0.8733	0.2177
0.9	0.18	0.10975228	0.18	0.8733	0.2177
0.9	0.16	0.11841833	0.16	0.8733	0.2177
0.9	0.14	0.10286515	0.14	0.8733	0.2177
0.9	0.12	0.09725858	0.12	0.8733	0.2177
0.9	0.1	0.09364963	0.1	0.8733	0.2177
0.9	0.08	0.1189585	0.08	0.8733	0.2177
0.9	0.06	0.12276292	0.06	0.8733	0.2177
0.9	0.04	0.12237175	0.04	0.8733	0.2177
0.9	0.02	0.08828065	0.02	0.8733	0.2177
0.9	0.0	0.07593115	0.0	0.8733	0.2177
0.9	-0.02	0.00886623	-0.02	0.8733	0.2177
0.9	-0.04	0.12122618	-0.04	0.8733	0.2177
0.9	-0.06	0.10390822	-0.06	0.8733	0.2177
0.9	-0.08	0.0946835	-0.08	0.8733	0.2177
0.9	-0.1	0.0944645	-0.1	0.8733	0.2177
0.9	-0.12	0.1155731	-0.12	0.8733	0.2177
0.9	-0.14	0.1099898	-0.14	0.8733	0.2177
0.9	-0.16	0.0976544	-0.16	0.8733	0.2177
0.9	-0.18	0.08888592	-0.18	0.8733	0.2177
0.9	-0.2	0.1346839	-0.2	0.8733	0.2177
0.8	0.2	0.09919102	0.2	0.7762	0.1935
0.8	0.18	0.09607572	0.18	0.7762	0.1935
0.8	0.16	0.09378938	0.16	0.7762	0.1935
0.8	0.14	0.12530083	0.14	0.7762	0.1935
0.8	0.12	0.08999883	0.12	0.7762	0.1935
0.8	0.1	0.1089281	0.1	0.7762	0.1935
0.8	0.08	0.09887908	0.08	0.7762	0.1935
0.8	0.06	0.08999415	0.06	0.7762	0.1935
0.8	0.04	0.102297	0.04	0.7762	0.1935
0.8	0.02	0.0952376	0.02	0.7762	0.1935
0.8	0.0	0.11021803	0.0	0.7762	0.1935
0.8	-0.02	0.09639238	-0.02	0.7762	0.1935
0.8	-0.04	0.131401	-0.04	0.7762	0.1935
0.8	-0.06	0.12847193	-0.06	0.7762	0.1935
0.8	-0.08	0.09464158	-0.08	0.7762	0.1935
0.8	-0.1	0.08413143	-0.1	0.7762	0.1935
0.8	-0.12	0.09806413	-0.12	0.7762	0.1935
0.8	-0.14	0.12424843	-0.14	0.7762	0.1935
0.8	-0.16	0.08076478	-0.16	0.7762	0.1935
0.8	-0.18	0.09988958	-0.18	0.7762	0.1935
0.8	-0.2	0.1186046	-0.2	0.7762	0.1935
0.7	0.2	0.1088023	0.2	0.6792	0.1693
0.7	0.18	0.08967288	0.18	0.6792	0.1693
0.7	0.16	0.11170353	0.16	0.6792	0.1694
0.7	0.14	0.1118664	0.14	0.6792	0.1694
0.7	0.12	0.11449745	0.12	0.6792	0.1694
0.7	0.1	0.09962875	0.1	0.6792	0.1693
0.7	0.08	0.10490008	0.08	0.6792	0.1693
0.7	0.06	0.08557043	0.06	0.6792	0.1694
0.7	0.04	0.09611778	0.04	0.6792	0.1694
0.7	0.02	0.09587093	0.02	0.6792	0.1694
0.7	0.0	0.08556578	0.0	0.6792	0.1694
0.7	-0.02	-0.00609087	-0.02	0.6792	0.1693
0.7	-0.04	0.09254606	-0.04	0.6792	0.1693
0.7	-0.06	0.09459965	-0.06	0.6792	0.1693
0.7	-0.08	0.08240855	-0.08	0.6792	0.1693
0.7	-0.1	0.10669285	-0.1	0.6792	0.1694
0.7	-0.12	0.09912122	-0.12	0.6792	0.1693
0.7	-0.14	0.1080713	-0.14	0.6792	0.1694
0.7	-0.16	0.10024812	-0.16	0.6792	0.1693
0.7	-0.18	0.11147998	-0.18	0.6792	0.1693
0.7	-0.2	0.0912841	-0.2	0.6792	0.1694
0.6	0.2	0.09425972	0.2	0.5822	0.1452
0.6	0.18	0.08301388	0.18	0.5822	0.1452
0.6	0.16	0.07827345	0.16	0.5822	0.1452
0.6	0.14	0.06621278	0.14	0.5822	0.1452
0.6	0.12	0.10101188	0.12	0.5822	0.1452
0.6	0.1	0.1110748	0.1	0.5822	0.1452
0.6	0.08	0.06458757	0.08	0.5822	0.1452
0.6	0.06	0.1155685	0.06	0.5822	0.1452
0.6	0.04	0.08278112	0.04	0.5822	0.1452
0.6	0.02	0.115303	0.02	0.5822	0.1452
0.6	0.0	0.11083732	-0.0	0.5822	0.1452
0.6	-0.02	0.09442265	-0.02	0.5822	0.1452
0.6	-0.04	0.09871143	-0.04	0.5822	0.1452
0.6	-0.06	0.11856735	-0.06	0.5822	0.1452
0.6	-0.08	0.097361	-0.08	0.5822	0.1452
0.6	-0.1	0.11252303	-0.1	0.5822	0.1452
0.6	-0.12	0.10951022	-0.12	0.5822	0.1452
0.6	-0.14	0.10232973	-0.14	0.5822	0.1452
0.6	-0.16	0.09405472	-0.16	0.5822	0.1452
0.6	-0.18	0.10844847	-0.18	0.5822	0.1452
0.6	-0.2	0.11069295	-0.2	0.5822	0.1452
0.5	0.2	0.0944366	0.2	0.4852	0.121
0.5	0.18	0.10820632	0.18	0.4852	0.121
0.5	0.16	0.09124682	0.16	0.4851	0.121
0.5	0.14	0.06642698	0.14	0.4851	0.121
0.5	0.12	0.1003925	0.12	0.4851	0.121
0.5	0.1	0.10784775	0.1	0.4851	0.121
0.5	0.08	0.10075565	0.08	0.4851	0.121
0.5	0.06	0.06753524	0.06	0.4852	0.121
0.5	0.04	0.11555912	0.04	0.4852	0.121
0.5	0.02	0.0956846	0.02	0.4852	0.121
0.5	0.0	0.1236571	0.0	0.4851	0.121
0.5	-0.02	0.03084094	-0.02	0.4851	0.121
0.5	-0.04	0.08089982	-0.04	0.4852	0.121
0.5	-0.06	0.11421335	-0.06	0.4852	0.121
0.5	-0.08	0.08671128	-0.08	0.4851	0.121
0.5	-0.1	0.10798284	-0.1	0.4852	0.121
0.5	-0.12	0.11583385	-0.12	0.4851	0.121
0.5	-0.14	0.12001555	-0.14	0.4851	0.121
0.5	-0.16	0.13474913	-0.16	0.4851	0.121
0.5	-0.18	0.13021825	-0.18	0.4851	0.121
0.5	-0.2	0.1145766	-0.2	0.4851	0.121
0.4	0.2	0.11491662	0.2	0.3881	0.0968
0.4	0.18	0.10517018	0.18	0.3881	0.0968
0.4	0.16	0.09180565	0.16	0.3881	0.0968
0.4	0.14	0.08763798	0.14	0.3881	0.0968
0.4	0.12	0.1000246	0.12	0.3881	0.0968
0.4	0.1	0.0994052	0.1	0.3881	0.0968
0.4	0.08	0.09758918	0.08	0.3881	0.0968
0.4	0.06	0.08732135	0.06	0.3881	0.0968
0.4	0.04	0.0940501	0.04	0.3881	0.0968
0.4	0.02	0.1092774	0.02	0.3881	0.0968
0.4	0.0	-0.0070455	0.0	0.3881	0.0968
0.4	-0.02	0.01844963	-0.02	0.3881	0.0968
0.4	-0.04	0.06448508	-0.04	0.3881	0.0968
0.4	-0.06	0.10283725	-0.06	0.3881	0.0968
0.4	-0.08	0.08587777	-0.08	0.3881	0.0968
0.4	-0.1	0.08892782	-0.1	0.3881	0.0968
0.4	-0.12	0.11528445	-0.12	0.3881	0.0968
0.4	-0.14	0.1020875	-0.14	0.3881	0.0968
0.4	-0.16	0.09132605	-0.16	0.3881	0.0968
0.4	-0.18	0.06179824	-0.18	0.3881	0.0968
0.4	-0.2	0.09533072	-0.2	0.3881	0.0968
0.3	0.2	0.10703282	0.2	0.2911	0.0725
0.3	0.18	0.0916473	0.18	0.2911	0.0726
0.3	0.16	0.07906038	0.16	0.2911	0.0726
0.3	0.14	0.10030395	0.14	0.2911	0.0726
0.3	0.12	0.09800365	0.12	0.2911	0.0726
0.3	0.1	0.08818742	0.1	0.2911	0.0726
0.3	0.08	0.09578705	0.08	0.2911	0.0726
0.3	0.06	0.09204782	0.06	0.2911	0.0726
0.3	0.04	0.08902562	0.04	0.2911	0.0726
0.3	0.02	0.09258332	0.02	0.2911	0.0726
0.3	0.0	-0.01030045	-0.0	0.2911	0.0726
0.3	-0.02	0.20664788	-0.02	0.2911	0.0726
0.3	-0.04	0.11039038	-0.04	0.2911	0.0726
0.3	-0.06	0.1016171	-0.06	0.2911	0.0726
0.3	-0.08	0.10630172	-0.08	0.2911	0.0726
0.3	-0.1	0.09175905	-0.1	0.2911	0.0726
0.3	-0.12	0.09459498	-0.12	0.2911	0.0726
0.3	-0.14	0.07932582	-0.14	0.2911	0.0726
0.3	-0.16	0.09868348	-0.16	0.2911	0.0726
0.3	-0.18	0.0751861	-0.18	0.2911	0.0726
0.3	-0.2	0.08454128	-0.2	0.2911	0.0726
0.2	0.2	0.11127973	0.2	0.1941	0.0484
0.2	0.18	0.1018454	0.18	0.1941	0.0484
0.2	0.16	0.09722605	0.16	0.1941	0.0484
0.2	0.14	0.09479988	0.14	0.1941	0.0484
0.2	0.12	0.11030185	0.12	0.1941	0.0484
0.2	0.1	0.07994988	0.1	0.1941	0.0484
0.2	0.08	0.09965208	0.08	0.1941	0.0484
0.2	0.06	0.08164943	0.06	0.1941	0.0484
0.2	0.04	0.10753113	0.04	0.1941	0.0484
0.2	0.02	0.24492515	0.02	0.1941	0.0484
0.2	0.0	0.02230999	0.0	0.1941	0.0484
0.2	-0.02	0.13918215	-0.02	0.1941	0.0484
0.2	-0.04	0.11333335	-0.04	0.1941	0.0484
0.2	-0.06	0.09211295	-0.06	0.1941	0.0484
0.2	-0.08	0.1014636	-0.08	0.1941	0.0484
0.2	-0.1	0.08270193	-0.1	0.1941	0.0484
0.2	-0.12	0.08419205	-0.12	0.1941	0.0484
0.2	-0.14	0.08691613	-0.14	0.1941	0.0484
0.2	-0.16	0.0883038	-0.16	0.1941	0.0484
0.2	-0.18	0.0873678	-0.18	0.1941	0.0484
0.2	-0.2	0.1112984	-0.2	0.1941	0.0484
0.1	0.2	0.08985452	0.2	0.097	0.0242
0.1	0.18	0.08627818	0.18	0.097	0.0242
0.1	0.16	0.1046393	0.16	0.097	0.0242
0.1	0.14	0.10518423	0.14	0.097	0.0242
0.1	0.12	0.10575232	0.12	0.097	0.0242
0.1	0.1	0.09764975	0.1	0.097	0.0242
0.1	0.08	0.0816961	0.08	0.097	0.0242
0.1	0.06	0.10626918	0.06	0.097	0.0242
0.1	0.04	0.09322122	0.04	0.097	0.0242
0.1	0.02	0.10133775	0.02	0.097	0.0242
0.1	0.0	0.11460463	0.0	0.097	0.0242
0.1	-0.02	0.1089234	-0.02	0.097	0.0242
0.1	-0.04	0.13612282	-0.04	0.097	0.0242
0.1	-0.06	0.11385483	-0.06	0.097	0.0242
0.1	-0.08	0.08178455	-0.08	0.097	0.0242
0.1	-0.1	0.1033867	-0.1	0.097	0.0242
0.1	-0.12	0.117366	-0.12	0.097	0.0242
0.1	-0.14	0.10391292	-0.14	0.097	0.0242
0.1	-0.16	0.1090119	-0.16	0.097	0.0242
0.1	-0.18	0.1043367	-0.18	0.097	0.0242
0.1	-0.2	0.09014793	-0.2	0.097	0.0242
0.0	0.2	0.08995698	0.2	-0.0	0.0
0.0	0.18	0.09956822	0.18	0.0	0.0
0.0	0.16	0.09168918	0.16	0.0	-0.0
0.0	0.14	0.0904459	0.14	0.0	0.0
0.0	0.12	0.07794746	0.12	-0.0	0.0
0.0	0.1	0.09090225	0.1	0.0	0.0
0.0	0.08	0.09212692	0.08	-0.0	-0.0
0.0	0.06	0.08426652	0.06	0.0	0.0
0.0	0.04	0.0815749	0.04	-0.0	-0.0
0.0	0.02	0.02301313	0.02	0.0	0.0
0.0	0.0	0.13071647	0.0	0.0	0.0
0.0	-0.02	0.1134777	-0.02	0.0	0.0
0.0	-0.04	0.09372877	-0.04	-0.0	0.0
0.0	-0.06	0.0847089	-0.06	0.0	0.0001
0.0	-0.08	0.08896508	-0.08	0.0	-0.0
0.0	-0.1	0.10814112	-0.1	-0.0	-0.0
0.0	-0.12	0.08577992	-0.12	0.0	-0.0
0.0	-0.14	0.09713283	-0.14	0.0	0.0
0.0	-0.16	0.12030898	-0.16	-0.0	-0.0
0.0	-0.18	0.11241125	-0.18	0.0	0.0
0.0	-0.2	0.09047385	-0.2	0.0	0.0
-0.1	0.2	0.11461857	0.2	-0.097	-0.0242
-0.1	0.18	0.1017383	0.18	-0.097	-0.0242
-0.1	0.16	0.09653212	0.16	-0.097	-0.0242
-0.1	0.14	0.078469	0.14	-0.097	-0.0242
-0.1	0.12	0.10321445	0.12	-0.097	-0.0242
-0.1	0.1	0.08999885	0.1	-0.097	-0.0242
-0.1	0.08	0.10846245	0.08	-0.097	-0.0242
-0.1	0.06	0.08621768	0.06	-0.097	-0.0242
-0.1	0.04	0.09215028	0.04	-0.097	-0.0242
-0.1	0.02	0.13479102	0.02	-0.097	-0.0242
-0.1	0.0	0.15347802	0.0	-0.097	-0.0242
-0.1	-0.02	0.09670438	-0.02	-0.097	-0.0242
-0.1	-0.04	0.1067488	-0.04	-0.097	-0.0242
-0.1	-0.06	0.10721453	-0.06	-0.097	-0.0242
-0.1	-0.08	0.09364038	-0.08	-0.097	-0.0242
-0.1	-0.1	0.08824802	-0.1	-0.097	-0.0242
-0.1	-0.12	0.11158245	-0.12	-0.097	-0.0242
-0.1	-0.14	0.0980595	-0.14	-0.097	-0.0242
-0.1	-0.16	0.1098315	-0.16	-0.097	-0.0242
-0.1	-0.18	0.1202763	-0.18	-0.097	-0.0242
-0.1	-0.2	0.11907495	-0.2	-0.097	-0.0242
-0.2	0.2	0.1241646	0.2	-0.1941	-0.0484
-0.2	0.18	0.11032053	0.18	-0.1941	-0.0484
-0.2	0.16	0.09563805	0.16	-0.1941	-0.0484
-0.2	0.14	0.091815	0.14	-0.1941	-0.0484
-0.2	0.12	0.0995729	0.12	-0.1941	-0.0484
-0.2	0.1	0.09326314	0.1	-0.1941	-0.0484
-0.2	0.08	0.0962574	0.08	-0.1941	-0.0484
-0.2	0.06	0.0945577	0.06	-0.1941	-0.0484
-0.2	0.04	0.08924913	0.04	-0.1941	-0.0484
-0.2	0.02	0.00748322	0.02	-0.1941	-0.0484
-0.2	0.0	0.21752572	-0.0	-0.1941	-0.0484
-0.2	-0.02	0.1107209	-0.02	-0.1941	-0.0484
-0.2	-0.04	0.11560575	-0.04	-0.1941	-0.0484
-0.2	-0.06	0.09105122	-0.06	-0.1941	-0.0484
-0.2	-0.08	0.10667432	-0.08	-0.1941	-0.0484
-0.2	-0.1	0.10857882	-0.1	-0.1941	-0.0484
-0.2	-0.12	0.0931095	-0.12	-0.1941	-0.0484
-0.2	-0.14	0.10418765	-0.14	-0.1941	-0.0484
-0.2	-0.16	0.09994545	-0.16	-0.1941	-0.0484
-0.2	-0.18	0.11279778	-0.18	-0.1941	-0.0484
-0.2	-0.2	0.1102227	-0.2	-0.1941	-0.0484
-0.3	0.2	0.12104	0.2	-0.2911	-0.0726
-0.3	0.18	0.0823526	0.18	-0.2911	-0.0726
-0.3	0.16	0.10047628	0.16	-0.2911	-0.0726
-0.3	0.14	0.10146352	0.14	-0.2911	-0.0726
-0.3	0.12	0.09204323	0.12	-0.2911	-0.0726
-0.3	0.1	0.11161035	0.1	-0.2911	-0.0726
-0.3	0.08	0.09615503	0.08	-0.2911	-0.0726
-0.3	0.06	0.10761032	0.06	-0.2911	-0.0726
-0.3	0.04	0.17920615	0.04	-0.2911	-0.0726
-0.3	0.02	0.01163229	0.02	-0.2911	-0.0726
-0.3	0.0	0.08637603	0.0	-0.2911	-0.0726
