Initial Temperature (K)	0.0250201
Excitation Current (A)	1.0895350649350648e-12
Axis 1,2	y,z
Angle	104
Field (T)	Current (A)	Resistance (Ohms)
-0.9	-0.0002	0.08715365
-0.9	-0.000195	0.0838288
-0.9	-0.00019	0.0947532
-0.9	-0.000185	0.0853003
-0.9	-0.00018	0.08993825
-0.9	-0.000175	0.10402
-0.9	-0.00017	0.0876566
-0.9	-0.000165	0.1115173
-0.9	-0.00016	0.0901246
-0.9	-0.000155	0.0810441
-0.9	-0.00015	0.1049699
-0.9	-0.000145	0.09368225
-0.9	-0.00014	0.1013564
-0.9	-0.000135	0.1057337
-0.9	-0.00013	0.09016175
-0.9	-0.000125	0.09766835
-0.9	-0.00012	0.10333085
-0.9	-0.000115	0.0973424
-0.9	-0.00011	0.1019059
-0.9	-0.000105	0.10237155
-0.9	-0.0001	0.11127505
-0.9	-9.5e-05	0.0881782
-0.9	-9e-05	0.08912795
-0.9	-8.5e-05	0.1053705
-0.9	-8e-05	0.11095845
-0.9	-7.5e-05	0.0978733
-0.9	-7e-05	0.09262985
-0.9	-6.5e-05	0.0843689
-0.9	-6e-05	0.10881635
-0.9	-5.5e-05	0.0821804
-0.9	-5e-05	0.08840155
-0.9	-4.5e-05	0.1131749
-0.9	-4e-05	0.1227583
-0.9	-3.5e-05	0.11333325
-0.9	-3e-05	0.13720315
-0.9	-2.5e-05	0.15962015
-0.9	-2e-05	0.1569844
-0.9	-1.5e-05	0.10476505
-0.9	-1e-05	0.03676882
-0.9	-5e-06	0.02047989
-0.9	0.0	0.00914563
-0.9	5e-06	0.00255184
-0.9	1e-05	0.04025198
-0.9	1.5e-05	0.06134656
-0.9	2e-05	0.1139479
-0.9	2.5e-05	0.1531753
-0.9	3e-05	0.1340646
-0.9	3.5e-05	0.1345955
-0.9	4e-05	0.1162577
-0.9	4.5e-05	0.1193404
-0.9	5e-05	0.10717735
-0.9	5.5e-05	0.107587
-0.9	6e-05	0.10377795
-0.9	6.5e-05	0.0980782
-0.9	7e-05	0.1003599
-0.9	7.5e-05	0.1172728
-0.9	8e-05	0.10417835
-0.9	8.5e-05	0.1097942
-0.9	9e-05	0.099233
-0.9	9.5e-05	0.11386415
-0.9	0.0001	0.0843503
-0.9	0.000105	0.1017941
-0.9	0.00011	0.1029583
-0.9	0.000115	0.1254406
-0.9	0.00012	0.1195453
-0.9	0.000125	0.10857425
-0.9	0.00013	0.089929
-0.9	0.000135	0.1124579
-0.9	0.00014	0.10375925
-0.9	0.000145	0.10025735
-0.9	0.00015	0.0877311
-0.9	0.000155	0.09564735
-0.9	0.00016	0.0985997
-0.9	0.000165	0.1072332
-0.9	0.00017	0.08866245
-0.9	0.000175	0.0997639
-0.9	0.00018	0.0739474
-0.9	0.000185	0.08879275
-0.9	0.00019	0.1008722
-0.9	0.000195	0.09749145
-0.9	0.0002	0.09100005
-0.85	0.0002	0.09633645
-0.85	0.000195	0.07969365
-0.85	0.00019	0.11292345
-0.85	0.000185	0.08925845
-0.85	0.00018	0.0996334
-0.85	0.000175	0.0848254
-0.85	0.00017	0.09000345
-0.85	0.000165	0.10338675
-0.85	0.00016	0.1029675
-0.85	0.000155	0.10285585
-0.85	0.00015	0.09572185
-0.85	0.000145	0.09253675
-0.85	0.00014	0.1087791
-0.85	0.000135	0.1063484
-0.85	0.00013	0.1009839
-0.85	0.000125	0.1191168
-0.85	0.00012	0.0849185
-0.85	0.000115	0.09040395
-0.85	0.00011	0.07902315
-0.85	0.000105	0.093319
-0.85	0.0001	0.1046347
-0.85	9.5e-05	0.106721
-0.85	9e-05	0.10035995
-0.85	8.5e-05	0.082171
-0.85	8e-05	0.0962154
-0.85	7.5e-05	0.1033681
-0.85	7e-05	0.0930862
-0.85	6.5e-05	0.10751245
-0.85	6e-05	0.09561945
-0.85	5.5e-05	0.1273777
-0.85	5e-05	0.09601065
-0.85	4.5e-05	0.1077174
-0.85	4e-05	0.09460425
-0.85	3.5e-05	0.13062805
-0.85	3e-05	0.1400158
-0.85	2.5e-05	0.14267
-0.85	2e-05	0.1335244
-0.85	1.5e-05	0.0995775
-0.85	1e-05	0.03800744
-0.85	5e-06	0.03103182
-0.85	0.0	-0.0109617
-0.85	-5e-06	0.01276851
-0.85	-1e-05	0.01847755
-0.85	-1.5e-05	0.0501333
-0.85	-2e-05	0.1306559
-0.85	-2.5e-05	0.14261415
-0.85	-3e-05	0.145138
-0.85	-3.5e-05	0.1285233
-0.85	-4e-05	0.131876
-0.85	-4.5e-05	0.12370825
-0.85	-5e-05	0.10658125
-0.85	-5.5e-05	0.11410635
-0.85	-6e-05	0.09573125
-0.85	-6.5e-05	0.1046627
-0.85	-7e-05	0.1010211
-0.85	-7.5e-05	0.08791725
-0.85	-8e-05	0.0795075
-0.85	-8.5e-05	0.10155205
-0.85	-9e-05	0.08631545
-0.85	-9.5e-05	0.0881688
-0.85	-0.0001	0.0883923
-0.85	-0.000105	0.0920897
-0.85	-0.00011	0.0958895
-0.85	-0.000115	0.08526295
-0.85	-0.00012	0.12005755
-0.85	-0.000125	0.09775235
-0.85	-0.00013	0.09439935
-0.85	-0.000135	0.10001525
-0.85	-0.00014	0.0818451
-0.85	-0.000145	0.0996428
-0.85	-0.00015	0.0875542
-0.85	-0.000155	0.077831
-0.85	-0.00016	0.10241825
-0.85	-0.000165	0.11164755
-0.85	-0.00017	0.0982086
-0.85	-0.000175	0.089156
-0.85	-0.00018	0.099084
-0.85	-0.000185	0.1077267
-0.85	-0.00019	0.0925088
-0.85	-0.000195	0.10762435
-0.85	-0.0002	0.09561945
-0.8	-0.0002	0.10185005
-0.8	-0.000195	0.0918755
-0.8	-0.00019	0.10514695
-0.8	-0.000185	0.08735855
-0.8	-0.00018	0.1063577
-0.8	-0.000175	0.109161
-0.8	-0.00017	0.0894169
-0.8	-0.000165	0.0969232
-0.8	-0.00016	0.08756345
-0.8	-0.000155	0.09209895
-0.8	-0.00015	0.08749825
-0.8	-0.000145	0.0879732
-0.8	-0.00014	0.08706975
-0.8	-0.000135	0.0888579
-0.8	-0.00013	0.1027721
-0.8	-0.000125	0.09115835
-0.8	-0.00012	0.09157735
-0.8	-0.000115	0.1057616
-0.8	-0.00011	0.09908405
-0.8	-0.000105	0.0896869
-0.8	-0.0001	0.1000992
-0.8	-9.5e-05	0.09341225
-0.8	-9e-05	0.09867425
-0.8	-8.5e-05	0.09869285
-0.8	-8e-05	0.0917078
-0.8	-7.5e-05	0.101226
-0.8	-7e-05	0.08218975
-0.8	-6.5e-05	0.11733805
-0.8	-6e-05	0.08714435
-0.8	-5.5e-05	0.1045883
-0.8	-5e-05	0.10838795
-0.8	-4.5e-05	0.11871645
-0.8	-4e-05	0.1254778
-0.8	-3.5e-05	0.128309
-0.8	-3e-05	0.1749964
-0.8	-2.5e-05	0.1621255
-0.8	-2e-05	0.102921
-0.8	-1.5e-05	0.03304348
-0.8	-1e-05	0.00652861
-0.8	-5e-06	0.02776286
-0.8	0.0	0.00242145
-0.8	5e-06	0.03013778
-0.8	1e-05	0.0340121
-0.8	1.5e-05	0.01071957
-0.8	2e-05	0.06594733
-0.8	2.5e-05	0.1453708
-0.8	3e-05	0.15698445
-0.8	3.5e-05	0.14803445
-0.8	4e-05	0.127536
-0.8	4.5e-05	0.1242485
-0.8	5e-05	0.0970071
-0.8	5.5e-05	0.09362645
-0.8	6e-05	0.10052765
-0.8	6.5e-05	0.1108466
-0.8	7e-05	0.10683265
-0.8	7.5e-05	0.1070003
-0.8	8e-05	0.10925425
-0.8	8.5e-05	0.09683945
-0.8	9e-05	0.07437575
-0.8	9.5e-05	0.0844527
-0.8	0.0001	0.1040294
-0.8	0.000105	0.10504435
-0.8	0.00011	0.0870511
-0.8	0.000115	0.0843969
-0.8	0.00012	0.0940548
-0.8	0.000125	0.09166135
-0.8	0.00013	0.0845366
-0.8	0.000135	0.10700025
-0.8	0.00014	0.11121925
-0.8	0.000145	0.0791349
-0.8	0.00015	0.099736
-0.8	0.000155	0.0857474
-0.8	0.00016	0.08000095
-0.8	0.000165	0.0909162
-0.8	0.00017	0.0944646
-0.8	0.000175	0.09214565
-0.8	0.00018	0.0867439
-0.8	0.000185	0.08703265
-0.8	0.00019	0.0845459
-0.8	0.000195	0.09337495
-0.8	0.0002	0.09923305
-0.75	0.0002	0.10605035
-0.75	0.000195	0.086185
-0.75	0.00019	0.09498605
-0.75	0.000185	0.09834825
-0.75	0.00018	0.10682325
-0.75	0.000175	0.08956575
-0.75	0.00017	0.08006625
-0.75	0.000165	0.09322595
-0.75	0.00016	0.10014575
-0.75	0.000155	0.110828
-0.75	0.00015	0.09959625
-0.75	0.000145	0.10117015
-0.75	0.00014	0.1111074
-0.75	0.000135	0.10376855
-0.75	0.00013	0.1027161
-0.75	0.000125	0.09263935
-0.75	0.00012	0.0978733
-0.75	0.000115	0.10310735
-0.75	0.00011	0.10454155
-0.75	0.000105	0.0921083
-0.75	0.0001	0.10418765
-0.75	9.5e-05	0.10321905
-0.75	9e-05	0.11547535
-0.75	8.5e-05	0.09711885
-0.75	8e-05	0.1019525
-0.75	7.5e-05	0.09666245
-0.75	7e-05	0.08611985
-0.75	6.5e-05	0.1192752
-0.75	6e-05	0.094688
-0.75	5.5e-05	0.0798986
-0.75	5e-05	0.1108374
-0.75	4.5e-05	0.10858355
-0.75	4e-05	0.1079503
-0.75	3.5e-05	0.08924915
-0.75	3e-05	0.10741945
-0.75	2.5e-05	0.16103575
-0.75	2e-05	0.1547679
-0.75	1.5e-05	0.0978174
-0.75	1e-05	0.03879915
-0.75	5e-06	0.01519928
-0.75	0.0	0.01264742
-0.75	-5e-06	0.01278712
-0.75	-1e-05	0.01850547
-0.75	-1.5e-05	0.05450124
-0.75	-2e-05	0.1115545
-0.75	-2.5e-05	0.1470007
-0.75	-3e-05	0.12496555
-0.75	-3.5e-05	0.1120387
-0.75	-4e-05	0.09022695
-0.75	-4.5e-05	0.10795955
-0.75	-5e-05	0.0979199
-0.75	-5.5e-05	0.09445535
-0.75	-6e-05	0.102772
-0.75	-6.5e-05	0.0765179
-0.75	-7e-05	0.10513765
-0.75	-7.5e-05	0.09667185
-0.75	-8e-05	0.10012715
-0.75	-8.5e-05	0.0956287
-0.75	-9e-05	0.1075684
-0.75	-9.5e-05	0.10431805
-0.75	-0.0001	0.08746095
-0.75	-0.000105	0.1000433
-0.75	-0.00011	0.10616215
-0.75	-0.000115	0.0961223
-0.75	-0.00012	0.09215485
-0.75	-0.000125	0.108863
-0.75	-0.00013	0.0884388
-0.75	-0.000135	0.08640865
-0.75	-0.00014	0.08841095
-0.75	-0.000145	0.10453225
-0.75	-0.00015	0.0781384
-0.75	-0.000155	0.0791442
-0.75	-0.00016	0.09359845
-0.75	-0.000165	0.0995963
-0.75	-0.00017	0.10598515
-0.75	-0.000175	0.0883738
-0.75	-0.00018	0.0987487
-0.75	-0.000185	0.09564745
-0.75	-0.00019	0.0903108
-0.75	-0.000195	0.0944926
-0.75	-0.0002	0.0999874
-0.7	-0.0002	0.07715115
-0.7	-0.000195	0.07359355
-0.7	-0.00019	0.07630375
-0.7	-0.000185	0.0934121
-0.7	-0.00018	0.0807181
-0.7	-0.000175	0.09714685
-0.7	-0.00017	0.1012168
-0.7	-0.000165	0.10043445
-0.7	-0.00016	0.0876565
-0.7	-0.000155	0.0916614
-0.7	-0.00015	0.08527235
-0.7	-0.000145	0.09120495
-0.7	-0.00014	0.1006299
-0.7	-0.000135	0.0877497
-0.7	-0.00013	0.09949375
-0.7	-0.000125	0.0960293
-0.7	-0.00012	0.0960665
-0.7	-0.000115	0.09891635
-0.7	-0.00011	0.08705125
-0.7	-0.000105	0.09280685
-0.7	-0.0001	0.08101615
-0.7	-9.5e-05	0.08347485
-0.7	-9e-05	0.0954703
-0.7	-8.5e-05	0.10692575
-0.7	-8e-05	0.09394315
-0.7	-7.5e-05	0.09692335
-0.7	-7e-05	0.08578465
-0.7	-6.5e-05	0.09659735
-0.7	-6e-05	0.11146135
-0.7	-5.5e-05	0.1080154
-0.7	-5e-05	0.12661405
-0.7	-4.5e-05	0.1417759
-0.7	-4e-05	0.1924962
-0.7	-3.5e-05	0.20880395
-0.7	-3e-05	0.14089115
-0.7	-2.5e-05	0.02831239
-0.7	-2e-05	0.01475223
-0.7	-1.5e-05	0.00610021
-0.7	-1e-05	-0.00120142
-0.7	-5e-06	0.00998383
-0.7	0.0	0.00592326
-0.7	5e-06	0.01012357
-0.7	1e-05	-0.00649134
-0.7	1.5e-05	0.01411895
-0.7	2e-05	0.00676146
-0.7	2.5e-05	0.03615411
-0.7	3e-05	0.0955263
-0.7	3.5e-05	0.19893165
-0.7	4e-05	0.197395
-0.7	4.5e-05	0.1663722
-0.7	5e-05	0.13206225
-0.7	5.5e-05	0.12662335
-0.7	6e-05	0.1215942
-0.7	6.5e-05	0.1123554
-0.7	7e-05	0.09203385
-0.7	7.5e-05	0.13015305
-0.7	8e-05	0.09719335
-0.7	8.5e-05	0.0889325
-0.7	9e-05	0.1111261
-0.7	9.5e-05	0.09589885
-0.7	0.0001	0.09129815
-0.7	0.000105	0.08978935
-0.7	0.00011	0.0903574
-0.7	0.000115	0.09259265
-0.7	0.00012	0.0971841
-0.7	0.000125	0.0893609
-0.7	0.00013	0.0748508
-0.7	0.000135	0.0838939
-0.7	0.00014	0.09376605
-0.7	0.000145	0.11392925
-0.7	0.00015	0.1004158
-0.7	0.000155	0.10336815
-0.7	0.00016	0.09608515
-0.7	0.000165	0.10339605
-0.7	0.00017	0.1038524
-0.7	0.000175	0.0884668
-0.7	0.00018	0.1013378
-0.7	0.000185	0.0879732
-0.7	0.00019	0.092034
-0.7	0.000195	0.0934122
-0.7	0.0002	0.07295085
-0.65	0.0002	0.10224115
-0.65	0.000195	0.08911865
-0.65	0.00019	0.08931445
-0.65	0.000185	0.09419455
-0.65	0.00018	0.0776075
-0.65	0.000175	0.08643645
-0.65	0.00017	0.07439445
-0.65	0.000165	0.1054077
-0.65	0.00016	0.09200585
-0.65	0.000155	0.09503275
-0.65	0.00015	0.07738405
-0.65	0.000145	0.0981713
-0.65	0.00014	0.1028187
-0.65	0.000135	0.0806623
-0.65	0.00013	0.0932818
-0.65	0.000125	0.1140412
-0.65	0.00012	0.0967929
-0.65	0.000115	0.09235035
-0.65	0.00011	0.10998975
-0.65	0.000105	0.0979012
-0.65	0.0001	0.09043185
-0.65	9.5e-05	0.09963345
-0.65	9e-05	0.10159855
-0.65	8.5e-05	0.0870139
-0.65	8e-05	0.0923319
-0.65	7.5e-05	0.1081459
-0.65	7e-05	0.1058455
-0.65	6.5e-05	0.1014868
-0.65	6e-05	0.0969885
-0.65	5.5e-05	0.0823014
-0.65	5e-05	0.1179713
-0.65	4.5e-05	0.10368475
-0.65	4e-05	0.1175336
-0.65	3.5e-05	0.09489295
-0.65	3e-05	0.1129422
-0.65	2.5e-05	0.12700515
-0.65	2e-05	0.16327085
-0.65	1.5e-05	0.097538
-0.65	1e-05	0.04797269
-0.65	5e-06	0.02509933
-0.65	0.0	0.02845204
-0.65	-5e-06	0.01921327
-0.65	-1e-05	0.00079163
-0.65	-1.5e-05	0.02615165
-0.65	-2e-05	0.09052505
-0.65	-2.5e-05	0.1447654
-0.65	-3e-05	0.1401741
-0.65	-3.5e-05	0.1189491
-0.65	-4e-05	0.10344265
-0.65	-4.5e-05	0.11911685
-0.65	-5e-05	0.09036675
-0.65	-5.5e-05	0.1072053
-0.65	-6e-05	0.098935
-0.65	-6.5e-05	0.1012913
-0.65	-7e-05	0.08951925
-0.65	-7.5e-05	0.1008349
-0.65	-8e-05	0.1057151
-0.65	-8.5e-05	0.0886158
-0.65	-9e-05	0.0940735
-0.65	-9.5e-05	0.09272295
-0.65	-0.0001	0.07064125
-0.65	-0.000105	0.0845645
-0.65	-0.00011	0.0867811
-0.65	-0.000115	0.0860174
-0.65	-0.00012	0.1055288
-0.65	-0.000125	0.0933842
-0.65	-0.00013	0.09453905
-0.65	-0.000135	0.0964203
-0.65	-0.00014	0.09018045
-0.65	-0.000145	0.09562875
-0.65	-0.00015	0.083866
-0.65	-0.000155	0.08763795
-0.65	-0.00016	0.0898173
-0.65	-0.000165	0.0983576
-0.65	-0.00017	0.1036847
-0.65	-0.000175	0.07936765
-0.65	-0.00018	0.09028295
-0.65	-0.000185	0.08275775
-0.65	-0.00019	0.09100935
-0.65	-0.000195	0.09460435
-0.65	-0.0002	0.0965043
-0.6	-0.0002	0.10484895
-0.6	-0.000195	0.10759635
-0.6	-0.00019	0.095219
-0.6	-0.000185	0.1147768
-0.6	-0.00018	0.0860547
-0.6	-0.000175	0.0868836
-0.6	-0.00017	0.1001457
-0.6	-0.000165	0.0995961
-0.6	-0.00016	0.0944553
-0.6	-0.000155	0.09801295
-0.6	-0.00015	0.0853562
-0.6	-0.000145	0.10529595
-0.6	-0.00014	0.08512335
-0.6	-0.000135	0.107764
-0.6	-0.00013	0.10201775
-0.6	-0.000125	0.08042015
-0.6	-0.00012	0.0897892
-0.6	-0.000115	0.0993821
-0.6	-0.00011	0.0943436
-0.6	-0.000105	0.10310735
-0.6	-0.0001	0.10351705
-0.6	-9.5e-05	0.1112564
-0.6	-9e-05	0.097892
-0.6	-8.5e-05	0.1172914
-0.6	-8e-05	0.09821785
-0.6	-7.5e-05	0.125394
-0.6	-7e-05	0.0923504
-0.6	-6.5e-05	0.1102879
-0.6	-6e-05	0.10439255
-0.6	-5.5e-05	0.11047415
-0.6	-5e-05	0.13285395
-0.6	-4.5e-05	0.1504932
-0.6	-4e-05	0.21369345
-0.6	-3.5e-05	0.16981825
-0.6	-3e-05	0.10032255
-0.6	-2.5e-05	0.02949518
-0.6	-2e-05	0.02478261
-0.6	-1.5e-05	0.01690359
-0.6	-1e-05	0.01704332
-0.6	-5e-06	0.00105241
-0.6	0.0	0.00143425
-0.6	5e-06	0.00454487
-0.6	1e-05	0.01072889
-0.6	1.5e-05	-0.00928534
-0.6	2e-05	0.00800011
-0.6	2.5e-05	0.00709671
-0.6	3e-05	0.01939022
-0.6	3.5e-05	0.11693749
-0.6	4e-05	0.2221029
-0.6	4.5e-05	0.20820735
-0.6	5e-05	0.1445047
-0.6	5.5e-05	0.12648365
-0.6	6e-05	0.11368715
-0.6	6.5e-05	0.09010605
-0.6	7e-05	0.0918662
-0.6	7.5e-05	0.10808985
-0.6	8e-05	0.1129981
-0.6	8.5e-05	0.10578025
-0.6	9e-05	0.1056964
-0.6	9.5e-05	0.1181856
-0.6	0.0001	0.1013378
-0.6	0.000105	0.0870418
-0.6	0.00011	0.1048861
-0.6	0.000115	0.08512325
-0.6	0.00012	0.10555685
-0.6	0.000125	0.08496505
-0.6	0.00013	0.0873213
-0.6	0.000135	0.08611975
-0.6	0.00014	0.06577965
-0.6	0.000145	0.09927965
-0.6	0.00015	0.07367725
-0.6	0.000155	0.0806437
-0.6	0.00016	0.0895844
-0.6	0.000165	0.08326065
-0.6	0.00017	0.08356795
-0.6	0.000175	0.10026675
-0.6	0.00018	0.09227585
-0.6	0.000185	0.09441795
-0.6	0.00019	0.1057523
-0.6	0.000195	0.0912515
-0.6	0.0002	0.1071493
-0.55	0.0002	0.0954705
-0.55	0.000195	0.1059385
-0.55	0.00019	0.0752326
-0.55	0.000185	0.09561005
-0.55	0.00018	0.09288125
-0.55	0.000175	0.08994765
-0.55	0.00017	0.1077174
-0.55	0.000165	0.09376615
-0.55	0.00016	0.08985445
-0.55	0.000155	0.08516995
-0.55	0.00015	0.0781291
-0.55	0.000145	0.082646
-0.55	0.00014	0.09125155
-0.55	0.000135	0.08193825
-0.55	0.00013	0.0866787
-0.55	0.000125	0.08742375
-0.55	0.00012	0.098134
-0.55	0.000115	0.08896975
-0.55	0.00011	0.10633895
-0.55	0.000105	0.0923785
-0.55	0.0001	0.11943355
-0.55	9.5e-05	0.10068585
-0.55	9e-05	0.1065067
-0.55	8.5e-05	0.07556785
-0.55	8e-05	0.1108095
-0.55	7.5e-05	0.11035305
-0.55	7e-05	0.0952469
-0.55	6.5e-05	0.11107025
-0.55	6e-05	0.0918196
-0.55	5.5e-05	0.11541955
-0.55	5e-05	0.1597506
-0.55	4.5e-05	0.2631185
-0.55	4e-05	0.2218794
-0.55	3.5e-05	0.07347242
-0.55	3e-05	0.00608157
-0.55	2.5e-05	0.019055
-0.55	2e-05	-0.01051472
-0.55	1.5e-05	0.01581394
-0.55	1e-05	-0.01256362
-0.55	5e-06	0.00515955
-0.55	0.0	-0.00672416
-0.55	-5e-06	0.01095248
-0.55	-1e-05	0.01226558
-0.55	-1.5e-05	0.00178815
-0.55	-2e-05	-0.00828881
-0.55	-2.5e-05	0.0086427
-0.55	-3e-05	0.00287781
-0.55	-3.5e-05	0.00940641
-0.55	-4e-05	0.0335744
-0.55	-4.5e-05	0.07756105
-0.55	-5e-05	0.2839437
-0.55	-5.5e-05	0.28002195
-0.55	-6e-05	0.14986
-0.55	-6.5e-05	0.13853495
-0.55	-7e-05	0.1243323
-0.55	-7.5e-05	0.1213241
-0.55	-8e-05	0.1211099
-0.55	-8.5e-05	0.0876751
-0.55	-9e-05	0.09629005
-0.55	-9.5e-05	0.1090119
-0.55	-0.0001	0.0902736
-0.55	-0.000105	0.08446205
-0.55	-0.00011	0.09645755
-0.55	-0.000115	0.0902829
-0.55	-0.00012	0.0846577
-0.55	-0.000125	0.10585465
-0.55	-0.00013	0.0966345
-0.55	-0.000135	0.0770022
-0.55	-0.00014	0.0840988
-0.55	-0.000145	0.0938499
-0.55	-0.00015	0.0813421
-0.55	-0.000155	0.0949209
-0.55	-0.00016	0.09247165
-0.55	-0.000165	0.06733495
-0.55	-0.00017	0.07169355
-0.55	-0.000175	0.09235045
-0.55	-0.00018	0.0866228
-0.55	-0.000185	0.0767227
-0.55	-0.00019	0.0842852
-0.55	-0.000195	0.06810795
-0.55	-0.0002	0.09338425
-0.5	-0.0002	0.07486015
-0.5	-0.000195	0.08397785
-0.5	-0.00019	0.08079265
-0.5	-0.000185	0.08625965
-0.5	-0.00018	0.0651557
-0.5	-0.000175	0.09389645
-0.5	-0.00017	0.065491
-0.5	-0.000165	0.08628745
-0.5	-0.00016	0.0790603
-0.5	-0.000155	0.0755866
-0.5	-0.00015	0.0833166
-0.5	-0.000145	0.09001285
-0.5	-0.00014	0.0872002
-0.5	-0.000135	0.10488615
-0.5	-0.00013	0.0818077
-0.5	-0.000125	0.08689285
-0.5	-0.00012	0.092546
-0.5	-0.000115	0.0916519
-0.5	-0.00011	0.08598025
-0.5	-0.000105	0.101282
-0.5	-0.0001	0.08387535
-0.5	-9.5e-05	0.0895751
-0.5	-9e-05	0.0971934
-0.5	-8.5e-05	0.08303715
-0.5	-8e-05	0.10754045
-0.5	-7.5e-05	0.08774975
-0.5	-7e-05	0.107736
-0.5	-6.5e-05	0.1214173
-0.5	-6e-05	0.1299016
-0.5	-5.5e-05	0.13104715
-0.5	-5e-05	0.22575415
-0.5	-4.5e-05	0.2648608
-0.5	-4e-05	0.1426983
-0.5	-3.5e-05	0.0347199
-0.5	-3e-05	0.01252635
-0.5	-2.5e-05	-0.00328757
-0.5	-2e-05	0.01392336
-0.5	-1.5e-05	-0.00064263
-0.5	-1e-05	-0.00900593
-0.5	-5e-06	-0.00528063
-0.5	0.0	0.00843782
-0.5	5e-06	0.00026077
-0.5	1e-05	0.0008475
-0.5	1.5e-05	0.00309201
-0.5	2e-05	-0.00356698
-0.5	2.5e-05	0.00753445
-0.5	3e-05	0.03065007
-0.5	3.5e-05	0.10543555
-0.5	4e-05	0.19868965
-0.5	4.5e-05	0.20510595
-0.5	5e-05	0.15134075
-0.5	5.5e-05	0.1156988
-0.5	6e-05	0.11030655
-0.5	6.5e-05	0.10706555
-0.5	7e-05	0.1140132
-0.5	7.5e-05	0.1101296
-0.5	8e-05	0.10301435
-0.5	8.5e-05	0.09229465
-0.5	9e-05	0.09587085
-0.5	9.5e-05	0.0947626
-0.5	0.0001	0.08989175
-0.5	0.000105	0.0970443
-0.5	0.00011	0.09602915
-0.5	0.000115	0.07315585
-0.5	0.00012	0.07680655
-0.5	0.000125	0.08838305
-0.5	0.00013	0.0926858
-0.5	0.000135	0.074441
-0.5	0.00014	0.08370765
-0.5	0.000145	0.08560755
-0.5	0.00015	0.0839405
-0.5	0.000155	0.08989175
-0.5	0.00016	0.0831304
-0.5	0.000165	0.09053435
-0.5	0.00017	0.08561705
-0.5	0.000175	0.0726062
-0.5	0.00018	0.0854213
-0.5	0.000185	0.0952748
-0.5	0.00019	0.0780173
-0.5	0.000195	0.0611603
-0.5	0.0002	0.1000805
-0.45	0.0002	0.10153335
-0.45	0.000195	0.08477885
-0.45	0.00019	0.0913725
-0.45	0.000185	0.08462045
-0.45	0.00018	0.0980595
-0.45	0.000175	0.09072995
-0.45	0.00017	0.08008475
-0.45	0.000165	0.0776913
-0.45	0.00016	0.09239715
-0.45	0.000155	0.103517
-0.45	0.00015	0.0855239
-0.45	0.000145	0.0640194
-0.45	0.00014	0.0908415
-0.45	0.000135	0.0830558
-0.45	0.00013	0.0765924
-0.45	0.000125	0.0938592
-0.45	0.00012	0.0916333
-0.45	0.000115	0.0971468
-0.45	0.00011	0.0804947
-0.45	0.000105	0.09723065
-0.45	0.0001	0.0968767
-0.45	9.5e-05	0.08146325
-0.45	9e-05	0.09269515
-0.45	8.5e-05	0.0999781
-0.45	8e-05	0.0916147
-0.45	7.5e-05	0.0885134
-0.45	7e-05	0.10838805
-0.45	6.5e-05	0.11439505
-0.45	6e-05	0.10608745
-0.45	5.5e-05	0.08625955
-0.45	5e-05	0.12144515
-0.45	4.5e-05	0.1126814
-0.45	4e-05	0.15081915
-0.45	3.5e-05	0.20317875
-0.45	3e-05	0.1344838
-0.45	2.5e-05	0.0716005
-0.45	2e-05	0.02599333
-0.45	1.5e-05	0.00140631
-0.45	1e-05	0.01460322
-0.45	5e-06	0.00254256
-0.45	0.0	-0.00361356
-0.45	-5e-06	0.00193716
-0.45	-1e-05	0.01152987
-0.45	-1.5e-05	0.0151807
-0.45	-2e-05	0.01962305
-0.45	-2.5e-05	0.07007312
-0.45	-3e-05	0.13315185
-0.45	-3.5e-05	0.1637738
-0.45	-4e-05	0.12129615
-0.45	-4.5e-05	0.11522385
-0.45	-5e-05	0.09743555
-0.45	-5.5e-05	0.0989908
-0.45	-6e-05	0.10225985
-0.45	-6.5e-05	0.0979851
-0.45	-7e-05	0.0975101
-0.45	-7.5e-05	0.1094776
-0.45	-8e-05	0.102474
-0.45	-8.5e-05	0.0935146
-0.45	-9e-05	0.09319785
-0.45	-9.5e-05	0.08852265
-0.45	-0.0001	0.08902565
-0.45	-0.000105	0.0914191
-0.45	-0.00011	0.0904691
-0.45	-0.000115	0.08896965
-0.45	-0.00012	0.08918395
-0.45	-0.000125	0.07775655
-0.45	-0.00013	0.0943249
-0.45	-0.000135	0.1002202
-0.45	-0.00014	0.08604545
-0.45	-0.000145	0.1018407
-0.45	-0.00015	0.07824075
-0.45	-0.000155	0.0885879
-0.45	-0.00016	0.08087645
-0.45	-0.000165	0.0816029
-0.45	-0.00017	0.07217785
-0.45	-0.000175	0.08211515
-0.45	-0.00018	0.0693466
-0.45	-0.000185	0.0804294
-0.45	-0.00019	0.10334945
-0.45	-0.000195	0.0844621
-0.45	-0.0002	0.07951675
-0.4	-0.0002	0.0815283
-0.4	-0.000195	0.0946601
-0.4	-0.00019	0.0820034
-0.4	-0.000185	0.08939815
-0.4	-0.00018	0.1053239
-0.4	-0.000175	0.0850396
-0.4	-0.00017	0.0804201
-0.4	-0.000165	0.0796937
-0.4	-0.00016	0.0940455
-0.4	-0.000155	0.0829906
-0.4	-0.00015	0.09155885
-0.4	-0.000145	0.09044115
-0.4	-0.00014	0.07615465
-0.4	-0.000135	0.084816
-0.4	-0.00013	0.10157995
-0.4	-0.000125	0.1039176
-0.4	-0.00012	0.0775982
-0.4	-0.000115	0.08955645
-0.4	-0.00011	0.0992609
-0.4	-0.000105	0.0978174
-0.4	-0.0001	0.0976591
-0.4	-9.5e-05	0.1039828
-0.4	-9e-05	0.10429945
-0.4	-8.5e-05	0.08710705
-0.4	-8e-05	0.1310936
-0.4	-7.5e-05	0.11901445
-0.4	-7e-05	0.11173145
-0.4	-6.5e-05	0.23964875
-0.4	-6e-05	0.395638
-0.4	-5.5e-05	0.16624205
-0.4	-5e-05	0.04242194
-0.4	-4.5e-05	0.0170526
-0.4	-4e-05	-0.00653792
-0.4	-3.5e-05	0.01626099
-0.4	-3e-05	-0.00552277
-0.4	-2.5e-05	0.00838196
-0.4	-2e-05	0.0002794
-0.4	-1.5e-05	-0.01107349
-0.4	-1e-05	0.00469389
-0.4	-5e-06	-0.0028778
-0.4	0.0	0.00734818
-0.4	5e-06	-0.0077114
-0.4	1e-05	-0.00340866
-0.4	1.5e-05	0.02224939
-0.4	2e-05	-0.01315966
-0.4	2.5e-05	0.00830744
-0.4	3e-05	-8.38e-05
-0.4	3.5e-05	-0.00762756
-0.4	4e-05	0.00851234
-0.4	4.5e-05	0.00058674
-0.4	5e-05	0.0095275
-0.4	5.5e-05	0.00095926
-0.4	6e-05	0.0082795
-0.4	6.5e-05	0.12897033
-0.4	7e-05	0.4798474
-0.4	7.5e-05	0.33971095
-0.4	8e-05	0.13724975
-0.4	8.5e-05	0.11925655
-0.4	9e-05	0.12006685
-0.4	9.5e-05	0.12029965
-0.4	0.0001	0.0724853
-0.4	0.000105	0.0850676
-0.4	0.00011	0.0891002
-0.4	0.000115	0.10564055
-0.4	0.00012	0.1021295
-0.4	0.000125	0.1022225
-0.4	0.00013	0.0920339
-0.4	0.000135	0.09802225
-0.4	0.00014	0.09009655
-0.4	0.000145	0.08043865
-0.4	0.00015	0.0969792
-0.4	0.000155	0.09000345
-0.4	0.00016	0.09105595
-0.4	0.000165	0.0932352
-0.4	0.00017	0.0914658
-0.4	0.000175	0.0910466
-0.4	0.00018	0.10206415
-0.4	0.000185	0.0941106
-0.4	0.00019	0.0829347
-0.4	0.000195	0.0987394
-0.4	0.0002	0.0764247
-0.35	0.0002	0.0994472
-0.35	0.000195	0.09434345
-0.35	0.00019	0.07549335
-0.35	0.000185	0.1108839
-0.35	0.00018	0.0823666
-0.35	0.000175	0.09552635
-0.35	0.00017	0.0846483
-0.35	0.000165	0.09600125
-0.35	0.00016	0.1053425
-0.35	0.000155	0.115494
-0.35	0.00015	0.10427145
-0.35	0.000145	0.09909335
-0.35	0.00014	0.1082762
-0.35	0.000135	0.1147304
-0.35	0.00013	0.12434155
-0.35	0.000125	0.3812667
-0.35	0.00012	1.0310535
-0.35	0.000115	0.43412872
-0.35	0.00011	0.00595118
-0.35	0.000105	-0.0095461
-0.35	0.0001	-0.0175742
-0.35	9.5e-05	0.00664036
-0.35	9e-05	-0.0078604
-0.35	8.5e-05	-0.00175088
-0.35	8e-05	0.01580462
-0.35	7.5e-05	-0.00732955
-0.35	7e-05	-0.0161492
-0.35	6.5e-05	-0.01254498
-0.35	6e-05	-0.0167639
-0.35	5.5e-05	-0.0012573
-0.35	5e-05	-0.01259155
-0.35	4.5e-05	-0.00779525
-0.35	4e-05	-0.00221656
-0.35	3.5e-05	-0.00162048
-0.35	3e-05	-0.0096765
-0.35	2.5e-05	0.00406059
-0.35	2e-05	0.02092696
-0.35	1.5e-05	-0.00449833
-0.35	1e-05	0.00157395
-0.35	5e-06	0.00248665
-0.35	0.0	-0.00377191
-0.35	-5e-06	-0.00893143
-0.35	-1e-05	-0.00298025
-0.35	-1.5e-05	0.01132495
-0.35	-2e-05	-0.00979755
-0.35	-2.5e-05	-0.00349248
-0.35	-3e-05	-0.01813293
-0.35	-3.5e-05	-0.00934123
-0.35	-4e-05	-0.00185333
-0.35	-4.5e-05	-0.00337141
-0.35	-5e-05	-0.00029803
-0.35	-5.5e-05	-0.00101515
-0.35	-6e-05	-0.00657516
-0.35	-6.5e-05	0.00142494
-0.35	-7e-05	0.01206998
-0.35	-7.5e-05	-0.00624921
-0.35	-8e-05	0.00866137
-0.35	-8.5e-05	0.0025239
-0.35	-9e-05	-0.00349247
-0.35	-9.5e-05	0.00295234
-0.35	-0.0001	-0.01415622
-0.35	-0.000105	-0.01356942
-0.35	-0.00011	-0.00094065
-0.35	-0.000115	-0.01438904
-0.35	-0.00012	-0.01016081
-0.35	-0.000125	-0.00434928
-0.35	-0.00013	-0.0187942
-0.35	-0.000135	-0.00163914
-0.35	-0.00014	0.01631687
-0.35	-0.000145	0.01204206
-0.35	-0.00015	0.0072271
-0.35	-0.000155	-0.00382776
-0.35	-0.00016	0.0021793
-0.35	-0.000165	-0.12583172
-0.35	-0.00017	0.10197115
-0.35	-0.000175	0.0900594
-0.35	-0.00018	0.09029225
-0.35	-0.000185	0.1041876
-0.35	-0.00019	0.09612225
-0.35	-0.000195	0.0932166
-0.35	-0.0002	0.09007805
-0.3	-0.0002	0.03171166
-0.3	-0.000195	0.00593256
-0.3	-0.00019	-0.01071956
-0.3	-0.000185	-0.01585122
-0.3	-0.00018	-0.00122006
-0.3	-0.000175	-0.00812117
-0.3	-0.00017	-0.00362286
-0.3	-0.000165	-0.00893143
-0.3	-0.00016	-0.0209642
-0.3	-0.000155	0.01430522
-0.3	-0.00015	0.01165091
-0.3	-0.000145	-0.01376502
-0.3	-0.00014	0.0133925
-0.3	-0.000135	0.00200235
-0.3	-0.00013	-0.00339001
-0.3	-0.000125	-0.00515023
-0.3	-0.00012	-0.01362532
-0.3	-0.000115	-0.01221901
-0.3	-0.00011	-0.00011176
-0.3	-0.000105	0.00845645
-0.3	-0.0001	0.00864272
-0.3	-9.5e-05	0.0021886
-0.3	-9e-05	0.0089221
-0.3	-8.5e-05	0.00923878
-0.3	-8e-05	-0.00085682
-0.3	-7.5e-05	-0.01354154
-0.3	-7e-05	-0.00722709
-0.3	-6.5e-05	0.00163915
-0.3	-6e-05	0.00230037
-0.3	-5.5e-05	-0.00133185
-0.3	-5e-05	-0.00401402
-0.3	-4.5e-05	0.00737611
-0.3	-4e-05	-0.02441012
-0.3	-3.5e-05	-0.00846579
-0.3	-3e-05	-0.01760212
-0.3	-2.5e-05	-0.01176268
-0.3	-2e-05	-0.00780454
-0.3	-1.5e-05	-0.00638888
-0.3	-1e-05	0.00137836
-0.3	-5e-06	0.00298956
-0.3	0.0	-0.00307338
-0.3	5e-06	0.00560659
-0.3	1e-05	-0.00480564
-0.3	1.5e-05	0.00132249
-0.3	2e-05	-0.00355768
-0.3	2.5e-05	0.00443311
-0.3	3e-05	0.00545758
-0.3	3.5e-05	0.00372529
-0.3	4e-05	-0.0022352
-0.3	4.5e-05	-8.379e-05
-0.3	5e-05	0.00800013
-0.3	5.5e-05	-0.006035
-0.3	6e-05	-0.00148079
-0.3	6.5e-05	0.00459147
-0.3	7e-05	-0.00919222
-0.3	7.5e-05	0.01924126
-0.3	8e-05	-0.00762758
-0.3	8.5e-05	-0.00382777
-0.3	9e-05	0.00407922
-0.3	9.5e-05	0.00656587
-0.3	0.0001	0.00307338
-0.3	0.000105	0.00445175
-0.3	0.00011	0.00796285
-0.3	0.000115	-0.00279398
-0.3	0.00012	0.00479632
-0.3	0.000125	-0.00949023
-0.3	0.00013	-0.00474978
-0.3	0.000135	-0.00056811
-0.3	0.00014	0.00190924
-0.3	0.000145	0.00684529
-0.3	0.00015	0.00540173
-0.3	0.000155	0.01231216
-0.3	0.00016	0.00629577
-0.3	0.000165	0.00485223
-0.3	0.00017	-0.00903388
-0.3	0.000175	-0.00103377
-0.3	0.00018	0.00207686
-0.3	0.000185	0.01153915
-0.3	0.00019	-0.00588599
-0.3	0.000195	0.01278714
-0.3	0.0002	-0.00854959
-0.25	0.0002	0.00174158
-0.25	0.000195	0.01514335
-0.25	0.00019	-0.00623059
-0.25	0.000185	0.00301752
-0.25	0.00018	0.00768344
-0.25	0.000175	-0.00650067
-0.25	0.00017	0.00163913
-0.25	0.000165	0.00065195
-0.25	0.00016	-0.0015367
-0.25	0.000155	0.0004005
-0.25	0.00015	-0.0044238
-0.25	0.000145	-0.01810502
-0.25	0.00014	-0.01253566
-0.25	0.000135	0.0042934
-0.25	0.00013	0.00712464
-0.25	0.000125	0.00738542
-0.25	0.00012	-0.00498261
-0.25	0.000115	-0.00431208
-0.25	0.00011	0.00719916
-0.25	0.000105	0.01350426
-0.25	0.0001	0.01203275
-0.25	9.5e-05	-0.00017694
-0.25	9e-05	-0.00184404
-0.25	8.5e-05	0.00275673
-0.25	8e-05	-0.02886183
-0.25	7.5e-05	0.00163913
-0.25	7e-05	-0.00695701
-0.25	6.5e-05	0.00255185
-0.25	6e-05	0.0074413
-0.25	5.5e-05	0.0010524
-0.25	5e-05	-0.00187196
-0.25	4.5e-05	0.00320377
-0.25	4e-05	-0.00954614
-0.25	3.5e-05	0.00415372
-0.25	3e-05	-0.0054669
-0.25	2.5e-05	-0.00138768
-0.25	2e-05	0.004638
-0.25	1.5e-05	0.00149944
-0.25	1e-05	0.00089408
-0.25	5e-06	0.00207688
-0.25	0.0	1.864e-05
-0.25	-5e-06	0.00706877
-0.25	-1e-05	0.02208177
-0.25	-1.5e-05	-0.00144358
-0.25	-2e-05	-0.00321308
-0.25	-2.5e-05	0.00404196
-0.25	-3e-05	0.00737611
-0.25	-3.5e-05	0.0018999
-0.25	-4e-05	0.00132249
-0.25	-4.5e-05	0.00305474
-0.25	-5e-05	-0.0025332
-0.25	-5.5e-05	-0.02044263
-0.25	-6e-05	-0.01290821
-0.25	-6.5e-05	-0.00322243
-0.25	-7e-05	0.00188128
-0.25	-7.5e-05	-0.0077673
-0.25	-8e-05	0.00021419
-0.25	-8.5e-05	0.00468459
-0.25	-9e-05	-0.00958336
-0.25	-9.5e-05	0.00618401
-0.25	-0.0001	0.0007078
-0.25	-0.000105	0.00284985
-0.25	-0.00011	-0.00225381
-0.25	-0.000115	-0.00081956
-0.25	-0.00012	0.0040699
-0.25	-0.000125	0.00976964
-0.25	-0.00013	0.01518065
-0.25	-0.000135	0.00870793
-0.25	-0.00014	0.00857752
-0.25	-0.000145	0.0110083
-0.25	-0.00015	-0.00460074
-0.25	-0.000155	-0.00133179
-0.25	-0.00016	-0.01746238
-0.25	-0.000165	-0.00873583
-0.25	-0.00017	-0.00493605
-0.25	-0.000175	-0.00385569
-0.25	-0.00018	-0.00861477
-0.25	-0.000185	0.00189062
-0.25	-0.00019	-0.00820498
-0.25	-0.000195	0.00658448
-0.25	-0.0002	-0.00104307
-0.2	-0.0002	0.0824412
-0.2	-0.000195	0.1285791
-0.2	-0.00019	-0.0874888
-0.2	-0.000185	-0.00477771
-0.2	-0.00018	0.00238422
-0.2	-0.000175	0.00285914
-0.2	-0.00017	0.0073575
-0.2	-0.000165	-0.01160434
-0.2	-0.00016	0.00819567
-0.2	-0.000155	-0.01371846
-0.2	-0.00015	-0.00496397
-0.2	-0.000145	-0.00732026
-0.2	-0.00014	-0.00849371
-0.2	-0.000135	-0.01057057
-0.2	-0.00013	0.00833538
-0.2	-0.000125	-0.01308516
-0.2	-0.00012	-0.01041225
-0.2	-0.000115	0.01134359
-0.2	-0.00011	-0.00837264
-0.2	-0.000105	-4.657e-05
-0.2	-0.0001	-0.003092
-0.2	-9.5e-05	-0.00155535
-0.2	-9e-05	-0.00820497
-0.2	-8.5e-05	-0.00738545
-0.2	-8e-05	0.01066373
-0.2	-7.5e-05	-0.00155531
-0.2	-7e-05	0.00888486
-0.2	-6.5e-05	0.01306652
-0.2	-6e-05	0.00211411
-0.2	-5.5e-05	-0.00403264
-0.2	-5e-05	0.00808393
-0.2	-4.5e-05	-0.00474976
-0.2	-4e-05	0.00142491
-0.2	-3.5e-05	0.01245184
-0.2	-3e-05	0.00135975
-0.2	-2.5e-05	0.00503848
-0.2	-2e-05	0.0034366
-0.2	-1.5e-05	0.00976033
-0.2	-1e-05	0.00348316
-0.2	-5e-06	0.01463116
-0.2	0.0	0.01611199
-0.2	5e-06	0.01418414
-0.2	1e-05	0.0223053
-0.2	1.5e-05	0.00599775
-0.2	2e-05	3.727e-05
-0.2	2.5e-05	-0.0141562
-0.2	3e-05	-0.00819571
-0.2	3.5e-05	-0.012219
-0.2	4e-05	0.000773
-0.2	4.5e-05	-0.0107941
-0.2	5e-05	0.01892459
-0.2	5.5e-05	-0.00218863
-0.2	6e-05	0.00898731
-0.2	6.5e-05	0.00317583
-0.2	7e-05	0.00211411
-0.2	7.5e-05	-0.00023281
-0.2	8e-05	-0.01693155
-0.2	8.5e-05	0.01087794
-0.2	9e-05	-0.00520612
-0.2	9.5e-05	0.00265429
-0.2	0.0001	-0.00451695
-0.2	0.000105	-0.01028183
-0.2	0.00011	-0.00696633
-0.2	0.000115	0.00993726
-0.2	0.00012	-0.00863342
-0.2	0.000125	-0.0011828
-0.2	0.00013	0.00051225
-0.2	0.000135	0.00082888
-0.2	0.00014	-0.0031479
-0.2	0.000145	-0.0107289
-0.2	0.00015	-0.00927604
-0.2	0.000155	0.02625414
-0.2	0.00016	0.00617469
-0.2	0.000165	-0.00454488
-0.2	0.00017	-0.00113623
-0.2	0.000175	-0.00179746
-0.2	0.00018	0.01318759
-0.2	0.000185	-0.00305476
-0.2	0.00019	-0.00589531
-0.2	0.000195	-0.00742268
-0.2	0.0002	-0.0140258
-0.15	0.0002	0.07348188
-0.15	0.000195	0.10268815
-0.15	0.00019	0.0955078
-0.15	0.000185	0.11042755
-0.15	0.00018	0.19523411
-0.15	0.000175	-0.00275673
-0.15	0.00017	-0.01042156
-0.15	0.000165	-0.01389542
-0.15	0.00016	-0.00131318
-0.15	0.000155	0.0071712
-0.15	0.00015	0.01253568
-0.15	0.000145	-3.725e-05
-0.15	0.00014	-0.01021666
-0.15	0.000135	-0.00407922
-0.15	0.00013	0.00171365
-0.15	0.000125	-0.00477771
-0.15	0.00012	-0.01930644
-0.15	0.000115	-0.00916426
-0.15	0.00011	-0.01524586
-0.15	0.000105	-0.01705261
-0.15	0.0001	0.00584874
-0.15	9.5e-05	-0.00718985
-0.15	9e-05	-0.00309201
-0.15	8.5e-05	0.00282192
-0.15	8e-05	0.00267291
-0.15	7.5e-05	-0.01591638
-0.15	7e-05	-0.00174158
-0.15	6.5e-05	-0.001248
-0.15	6e-05	-0.00023285
-0.15	5.5e-05	-0.00875445
-0.15	5e-05	-0.00338072
-0.15	4.5e-05	-0.005262
-0.15	4e-05	-0.00158325
-0.15	3.5e-05	-0.00483359
-0.15	3e-05	-0.00050288
-0.15	2.5e-05	0.00457282
-0.15	2e-05	0.0026729
-0.15	1.5e-05	-0.00234695
-0.15	1e-05	-0.01344835
-0.15	5e-06	0.00016765
-0.15	0.0	0.0115857
-0.15	-5e-06	-0.01100827
-0.15	-1e-05	3.725e-05
-0.15	-1.5e-05	-0.00123865
-0.15	-2e-05	-0.0018906
-0.15	-2.5e-05	-0.01007696
-0.15	-3e-05	-0.01829129
-0.15	-3.5e-05	-0.01154844
-0.15	-4e-05	0.00368804
-0.15	-4.5e-05	0.00010245
-0.15	-5e-05	0.02109462
-0.15	-5.5e-05	-0.01425866
-0.15	-6e-05	-0.00839126
-0.15	-6.5e-05	-0.00016765
-0.15	-7e-05	-0.01161367
-0.15	-7.5e-05	0.00033531
-0.15	-8e-05	0.00129455
-0.15	-8.5e-05	-0.00379983
-0.15	-9e-05	0.0082795
-0.15	-9.5e-05	0.01238666
-0.15	-0.0001	-0.00723642
-0.15	-0.000105	-0.00890349
-0.15	-0.00011	-0.01301068
-0.15	-0.000115	-0.00523406
-0.15	-0.00012	-0.00529923
-0.15	-0.000125	-0.00605365
-0.15	-0.00013	0.00040979
-0.15	-0.000135	-0.00452626
-0.15	-0.00014	0.00481496
-0.15	-0.000145	-0.43001185
-0.15	-0.00015	-0.01668941
-0.15	-0.000155	0.00761823
-0.15	-0.00016	0.0993075
-0.15	-0.000165	0.10413175
-0.15	-0.00017	0.10199905
-0.15	-0.000175	0.08998495
-0.15	-0.00018	0.1030328
-0.15	-0.000185	0.0670649
-0.15	-0.00019	0.0880477
-0.15	-0.000195	0.0975194
-0.15	-0.0002	0.0916332
-0.1	-0.0002	0.07149805
-0.1	-0.000195	0.10336805
-0.1	-0.00019	0.094567
-0.1	-0.000185	0.09764045
-0.1	-0.00018	0.08622225
-0.1	-0.000175	0.08749835
-0.1	-0.00017	0.0855797
-0.1	-0.000165	0.10795945
-0.1	-0.00016	0.1110981
-0.1	-0.000155	0.1026603
-0.1	-0.00015	0.0943435
-0.1	-0.000145	0.09195005
-0.1	-0.00014	0.08190095
-0.1	-0.000135	0.0939803
-0.1	-0.00013	0.0800383
-0.1	-0.000125	0.08540275
-0.1	-0.00012	0.068732
-0.1	-0.000115	0.10305145
-0.1	-0.00011	0.10412245
-0.1	-0.000105	0.09211755
-0.1	-0.0001	0.09204325
-0.1	-9.5e-05	0.10393615
-0.1	-9e-05	0.1228608
-0.1	-8.5e-05	0.10769875
-0.1	-8e-05	0.106069
-0.1	-7.5e-05	0.1277782
-0.1	-7e-05	0.1312148
-0.1	-6.5e-05	0.1597227
-0.1	-6e-05	0.31012235
-0.1	-5.5e-05	0.2123703
-0.1	-5e-05	0.07679725
-0.1	-4.5e-05	0.0243077
-0.1	-4e-05	0.00914567
-0.1	-3.5e-05	0.00652864
-0.1	-3e-05	-0.0111014
-0.1	-2.5e-05	-0.00961132
-0.1	-2e-05	0.00528062
-0.1	-1.5e-05	0.0075065
-0.1	-1e-05	0.0002142
-0.1	-5e-06	-0.00928535
-0.1	0.0	-0.00285918
-0.1	5e-06	0.01630756
-0.1	1e-05	0.00341796
-0.1	1.5e-05	-0.01274991
-0.1	2e-05	-0.00313857
-0.1	2.5e-05	0.00630512
-0.1	3e-05	-0.01586981
-0.1	3.5e-05	-0.01023529
-0.1	4e-05	-0.01084995
-0.1	4.5e-05	-0.01088721
-0.1	5e-05	0.01697809
-0.1	5.5e-05	-0.00788837
-0.1	6e-05	0.0008382
-0.1	6.5e-05	-0.00617472
-0.1	7e-05	-0.01039361
-0.1	7.5e-05	-0.00088477
-0.1	8e-05	0.00217931
-0.1	8.5e-05	-0.00172295
-0.1	9e-05	-0.0149851
-0.1	9.5e-05	-0.00874517
-0.1	0.0001	0.00120141
-0.1	0.000105	0.00374393
-0.1	0.00011	-0.00553211
-0.1	0.000115	-0.00944364
-0.1	0.00012	-0.00567178
-0.1	0.000125	-0.01440766
-0.1	0.00013	0.00800009
-0.1	0.000135	0.01477086
-0.1	0.00014	-0.04134167
-0.1	0.000145	0.0960292
-0.1	0.00015	0.08966825
-0.1	0.000155	0.0956566
-0.1	0.00016	0.08302795
-0.1	0.000165	0.08981735
-0.1	0.00017	0.08504885
-0.1	0.000175	0.0890908
-0.1	0.00018	0.0761081
-0.1	0.000185	0.07811965
-0.1	0.00019	0.09775215
-0.1	0.000195	0.0931421
-0.1	0.0002	0.09076725
-0.05	0.0002	0.0880756
-0.05	0.000195	0.10483965
-0.05	0.00019	0.08686495
-0.05	0.000185	0.09815275
-0.05	0.00018	0.09413865
-0.05	0.000175	0.0765365
-0.05	0.00017	0.0663384
-0.05	0.000165	0.07380765
-0.05	0.00016	0.08854125
-0.05	0.000155	0.097538
-0.05	0.00015	0.07779385
-0.05	0.000145	0.08708845
-0.05	0.00014	0.09265775
-0.05	0.000135	0.083065
-0.05	0.00013	0.0858125
-0.05	0.000125	0.08695805
-0.05	0.00012	0.093496
-0.05	0.000115	0.0877591
-0.05	0.00011	0.10222265
-0.05	0.000105	0.095247
-0.05	0.0001	0.0737611
-0.05	9.5e-05	0.1036289
-0.05	9e-05	0.1044671
-0.05	8.5e-05	0.0893236
-0.05	8e-05	0.1042993
-0.05	7.5e-05	0.0933191
-0.05	7e-05	0.095014
-0.05	6.5e-05	0.09393375
-0.05	6e-05	0.09146565
-0.05	5.5e-05	0.1146651
-0.05	5e-05	0.1086208
-0.05	4.5e-05	0.11414355
-0.05	4e-05	0.1754529
-0.05	3.5e-05	0.19839165
-0.05	3e-05	0.12346605
-0.05	2.5e-05	0.0361262
-0.05	2e-05	0.01752755
-0.05	1.5e-05	0.01688494
-0.05	1e-05	0.01187442
-0.05	5e-06	0.00686388
-0.05	0.0	-0.01704332
-0.05	-5e-06	0.00083819
-0.05	-1e-05	-0.0026357
-0.05	-1.5e-05	-0.0027474
-0.05	-2e-05	0.00719916
-0.05	-2.5e-05	-0.00826086
-0.05	-3e-05	0.00321308
-0.05	-3.5e-05	0.00174157
-0.05	-4e-05	0.00288712
-0.05	-4.5e-05	0.01760209
-0.05	-5e-05	0.03419836
-0.05	-5.5e-05	0.20952955
-0.05	-6e-05	0.3866785
-0.05	-6.5e-05	0.2411956
-0.05	-7e-05	0.1147955
-0.05	-7.5e-05	0.11650915
-0.05	-8e-05	0.11107015
-0.05	-8.5e-05	0.1007604
-0.05	-9e-05	0.0960851
-0.05	-9.5e-05	0.10224125
-0.05	-0.0001	0.10126335
-0.05	-0.000105	0.0954238
-0.05	-0.00011	0.0991025
-0.05	-0.000115	0.0920804
-0.05	-0.00012	0.09317
-0.05	-0.000125	0.0923691
-0.05	-0.00013	0.0862875
-0.05	-0.000135	0.0994751
-0.05	-0.00014	0.0873585
-0.05	-0.000145	0.10098385
-0.05	-0.00015	0.0708833
-0.05	-0.000155	0.0720475
-0.05	-0.00016	0.09864635
-0.05	-0.000165	0.08284155
-0.05	-0.00017	0.0864085
-0.05	-0.000175	0.0947254
-0.05	-0.00018	0.0859335
-0.05	-0.000185	0.10901195
-0.05	-0.00019	0.0795633
-0.05	-0.000195	0.07956325
-0.05	-0.0002	0.09931695
0.0	-0.0002	0.09037605
0.0	-0.000195	0.0780266
0.0	-0.00019	0.0855797
0.0	-0.000185	0.09938205
0.0	-0.00018	0.07976825
0.0	-0.000175	0.0927418
0.0	-0.00017	0.082171
0.0	-0.000165	0.0859242
0.0	-0.00016	0.09533995
0.0	-0.000155	0.0876566
0.0	-0.00015	0.10215735
0.0	-0.000145	0.09523755
0.0	-0.00014	0.10119815
0.0	-0.000135	0.1128304
0.0	-0.00013	0.1104463
0.0	-0.000125	0.102474
0.0	-0.00012	0.1167513
0.0	-0.000115	0.12165935
0.0	-0.00011	0.1115453
0.0	-0.000105	0.1164346
0.0	-0.0001	0.14794135
0.0	-9.5e-05	0.451144
0.0	-9e-05	0.5159275
0.0	-8.5e-05	0.32292835
0.0	-8e-05	0.1070468
0.0	-7.5e-05	0.03800745
0.0	-7e-05	0.00418164
0.0	-6.5e-05	0.00094064
0.0	-6e-05	0.00127592
0.0	-5.5e-05	-0.01067303
0.0	-5e-05	0.00611883
0.0	-4.5e-05	-0.01853345
0.0	-4e-05	0.0040513
0.0	-3.5e-05	0.0072178
0.0	-3e-05	-0.00503848
0.0	-2.5e-05	-0.02495029
0.0	-2e-05	-0.00738544
0.0	-1.5e-05	0.00465666
0.0	-1e-05	-0.01308516
0.0	-5e-06	-0.00621195
0.0	0.0	-0.00922945
0.0	5e-06	-0.00208618
0.0	1e-05	-0.00340866
0.0	1.5e-05	0.0174065
0.0	2e-05	-0.00341798
0.0	2.5e-05	0.00412581
0.0	3e-05	-0.00615607
0.0	3.5e-05	0.00045635
0.0	4e-05	-0.00517818
0.0	4.5e-05	0.00508505
0.0	5e-05	-0.01152984
0.0	5.5e-05	0.00128523
0.0	6e-05	0.00443313
0.0	6.5e-05	0.00162048
0.0	7e-05	-0.00094064
0.0	7.5e-05	0.00139702
0.0	8e-05	0.01426796
0.0	8.5e-05	0.01897116
0.0	9e-05	0.1124204
0.0	9.5e-05	0.56008125
0.0	0.0001	0.576539
0.0	0.000105	0.23939795
0.0	0.00011	0.14717765
0.0	0.000115	0.12579445
0.0	0.00012	0.10912365
0.0	0.000125	0.1239318
0.0	0.00013	0.1203555
0.0	0.000135	0.0997919
0.0	0.00014	0.11307255
0.0	0.000145	0.08661345
0.0	0.00015	0.1136314
0.0	0.000155	0.08747945
0.0	0.00016	0.10154265
0.0	0.000165	0.09431555
0.0	0.00017	0.09034805
0.0	0.000175	0.09351465
0.0	0.00018	0.0895658
0.0	0.000185	0.10043435
0.0	0.00019	0.08382875
0.0	0.000195	0.09554495
0.0	0.0002	0.0866601
0.05	0.0002	0.08681845
0.05	0.000195	0.095489
0.05	0.00019	0.0970165
0.05	0.000185	0.0792932
0.05	0.00018	0.09258335
0.05	0.000175	0.1073262
0.05	0.00017	0.10307015
0.05	0.000165	0.10242755
0.05	0.00016	0.10412245
0.05	0.000155	0.08764725
0.05	0.00015	0.10021095
0.05	0.000145	0.0922667
0.05	0.00014	0.1087046
0.05	0.000135	0.08310235
0.05	0.00013	0.11660225
0.05	0.000125	0.10702825
0.05	0.00012	0.0925181
0.05	0.000115	0.11092125
0.05	0.00011	0.1068885
0.05	0.000105	0.10328435
0.05	0.0001	0.1062179
0.05	9.5e-05	0.11488875
0.05	9e-05	0.12495625
0.05	8.5e-05	0.1160249
0.05	8e-05	0.17813525
0.05	7.5e-05	0.639125
0.05	7e-05	0.3925831
0.05	6.5e-05	0.05584235
0.05	6e-05	0.0046287
0.05	5.5e-05	0.01594435
0.05	5e-05	0.00121072
0.05	4.5e-05	-0.0104402
0.05	4e-05	-0.02407488
0.05	3.5e-05	0.00638891
0.05	3e-05	0.00931327
0.05	2.5e-05	0.00067986
0.05	2e-05	-0.0122097
0.05	1.5e-05	0.00501986
0.05	1e-05	-0.0074413
0.05	5e-06	-0.00964858
0.05	0.0	0.01993975
0.05	-5e-06	-0.00748786
0.05	-1e-05	0.00086614
0.05	-1.5e-05	0.00353904
0.05	-2e-05	-0.00023284
0.05	-2.5e-05	0.00721777
0.05	-3e-05	-0.00851234
0.05	-3.5e-05	0.01216316
0.05	-4e-05	0.00444243
0.05	-4.5e-05	0.0312274
0.05	-5e-05	0.0122097
0.05	-5.5e-05	0.04591446
0.05	-6e-05	0.19200275
0.05	-6.5e-05	0.31504955
0.05	-7e-05	0.2505642
0.05	-7.5e-05	0.15321255
0.05	-8e-05	0.14660955
0.05	-8.5e-05	0.12358725
0.05	-9e-05	0.1174963
0.05	-9.5e-05	0.11650915
0.05	-0.0001	0.107736
0.05	-0.000105	0.09769625
0.05	-0.00011	0.1047557
0.05	-0.000115	0.10957075
0.05	-0.00012	0.0897892
0.05	-0.000125	0.1028279
0.05	-0.00013	0.1013937
0.05	-0.000135	0.10958935
0.05	-0.00014	0.10950555
0.05	-0.000145	0.09566595
0.05	-0.00015	0.1145441
0.05	-0.000155	0.09954975
0.05	-0.00016	0.0789394
0.05	-0.000165	0.08994755
0.05	-0.00017	0.0947999
0.05	-0.000175	0.0758939
0.05	-0.00018	0.08677175
0.05	-0.000185	0.092425
0.05	-0.00019	0.1035451
0.05	-0.000195	0.09397105
0.05	-0.0002	0.0954424
0.1	-0.0002	0.0768717
0.1	-0.000195	0.09711895
0.1	-0.00019	0.09284405
0.1	-0.000185	0.10982225
0.1	-0.00018	0.09221995
0.1	-0.000175	0.09476265
0.1	-0.00017	0.10485825
0.1	-0.000165	0.0871816
0.1	-0.00016	0.095517
0.1	-0.000155	0.09786395
0.1	-0.00015	0.08693015
0.1	-0.000145	0.1035451
0.1	-0.00014	0.1018407
0.1	-0.000135	0.08960315
0.1	-0.00013	0.10027615
0.1	-0.000125	0.10191525
0.1	-0.00012	0.1115359
0.1	-0.000115	0.09432475
0.1	-0.00011	0.0904786
0.1	-0.000105	0.1098688
0.1	-0.0001	0.10803405
0.1	-9.5e-05	0.1188188
0.1	-9e-05	0.1117034
0.1	-8.5e-05	0.1206815
0.1	-8e-05	0.1386747
0.1	-7.5e-05	0.2767066
0.1	-7e-05	0.5019765
0.1	-6.5e-05	0.30426515
0.1	-6e-05	0.07823152
0.1	-5.5e-05	0.02031224
0.1	-5e-05	0.01467773
0.1	-4.5e-05	-0.0091736
0.1	-4e-05	-0.00725504
0.1	-3.5e-05	0.01285234
0.1	-3e-05	0.00279399
0.1	-2.5e-05	0.00956473
0.1	-2e-05	-0.01666144
0.1	-1.5e-05	0.00135043
0.1	-1e-05	-0.01264742
0.1	-5e-06	-0.00864275
0.1	0.0	-0.00406986
0.1	5e-06	-0.00145286
0.1	1e-05	-0.01952994
0.1	1.5e-05	-0.0131876
0.1	2e-05	0.00908044
0.1	2.5e-05	-0.00017696
0.1	3e-05	-0.0187942
0.1	3.5e-05	-0.00402334
0.1	4e-05	0.0040606
0.1	4.5e-05	-0.00022351
0.1	5e-05	0.00327828
0.1	5.5e-05	0.00524334
0.1	6e-05	0.0013318
0.1	6.5e-05	0.00402334
0.1	7e-05	0.01805843
0.1	7.5e-05	0.12149158
0.1	8e-05	0.58633555
0.1	8.5e-05	0.630537
0.1	9e-05	0.39714635
0.1	9.5e-05	0.18947845
0.1	0.0001	0.12328915
0.1	0.000105	0.10938455
0.1	0.00011	0.10790375
0.1	0.000115	0.1020551
0.1	0.00012	0.09643895
0.1	0.000125	0.11603415
0.1	0.00013	0.09215485
0.1	0.000135	0.10598515
0.1	0.00014	0.1030142
0.1	0.000145	0.0758007
0.1	0.00015	0.1024088
0.1	0.000155	0.10272555
0.1	0.00016	0.1038524
0.1	0.000165	0.0949489
0.1	0.00017	0.0816216
0.1	0.000175	0.09169855
0.1	0.00018	0.096737
0.1	0.000185	0.1144975
0.1	0.00019	0.0995496
0.1	0.000195	0.08503945
0.1	0.0002	0.0996521
0.15	0.0002	0.0951632
0.15	0.000195	0.0905716
0.15	0.00019	0.0975473
0.15	0.000185	0.08845745
0.15	0.00018	0.0832793
0.15	0.000175	0.107615
0.15	0.00017	0.09915855
0.15	0.000165	0.09889765
0.15	0.00016	0.09709085
0.15	0.000155	0.0969139
0.15	0.00015	0.0848254
0.15	0.000145	0.0979199
0.15	0.00014	0.11227145
0.15	0.000135	0.08605465
0.15	0.00013	0.0859709
0.15	0.000125	0.11089325
0.15	0.00012	0.10010855
0.15	0.000115	0.10284655
0.15	0.00011	0.1008629
0.15	0.000105	0.1013564
0.15	0.0001	0.1204207
0.15	9.5e-05	0.09361705
0.15	9e-05	0.10475575
0.15	8.5e-05	0.13177355
0.15	8e-05	0.12023445
0.15	7.5e-05	0.1197315
0.15	7e-05	0.1631312
0.15	6.5e-05	0.23195645
0.15	6e-05	0.354324
0.15	5.5e-05	0.2487764
0.15	5e-05	0.05942802
0.15	4.5e-05	0.00111762
0.15	4e-05	0.01763002
0.15	3.5e-05	0.00663106
0.15	3e-05	0.00139701
0.15	2.5e-05	0.00677074
0.15	2e-05	0.00352042
0.15	1.5e-05	3.725e-05
0.15	1e-05	-0.00654727
0.15	5e-06	-0.00374394
0.15	0.0	-0.00852164
0.15	-5e-06	-0.00739475
0.15	-1e-05	-0.02122496
0.15	-1.5e-05	-0.00476839
0.15	-2e-05	0.00221657
0.15	-2.5e-05	-0.00081957
0.15	-3e-05	0.01899908
0.15	-3.5e-05	0.01021668
0.15	-4e-05	0.00528064
0.15	-4.5e-05	0.01389542
0.15	-5e-05	0.00556002
0.15	-5.5e-05	0.03704826
0.15	-6e-05	0.0769836
0.15	-6.5e-05	0.32370135
0.15	-7e-05	0.4081635
0.15	-7.5e-05	0.23163975
0.15	-8e-05	0.1438714
0.15	-8.5e-05	0.12477935
0.15	-9e-05	0.1134172
0.15	-9.5e-05	0.128784
0.15	-0.0001	0.1253288
0.15	-0.000105	0.09316075
0.15	-0.00011	0.10416905
0.15	-0.000115	0.0909535
0.15	-0.00012	0.0997824
0.15	-0.000125	0.09581495
0.15	-0.00013	0.08004755
0.15	-0.000135	0.0892305
0.15	-0.00014	0.0997638
0.15	-0.000145	0.08134215
0.15	-0.00015	0.09856235
0.15	-0.000155	0.10723315
0.15	-0.00016	0.08945405
0.15	-0.000165	0.0921734
0.15	-0.00017	0.09127935
0.15	-0.000175	0.09863685
0.15	-0.00018	0.09358905
0.15	-0.000185	0.08549595
0.15	-0.00019	0.0931701
0.15	-0.000195	0.0709392
0.15	-0.0002	0.08822455
0.2	-0.0002	0.0883178
0.2	-0.000195	0.08790795
0.2	-0.00019	0.0756983
0.2	-0.000185	0.0797217
0.2	-0.00018	0.09034805
0.2	-0.000175	0.10336795
0.2	-0.00017	0.0873679
0.2	-0.000165	0.0978081
0.2	-0.00016	0.1096453
0.2	-0.000155	0.10175695
0.2	-0.00015	0.1096918
0.2	-0.000145	0.1046068
0.2	-0.00014	0.10649745
0.2	-0.000135	0.1127932
0.2	-0.00013	0.09686735
0.2	-0.000125	0.0992423
0.2	-0.00012	0.08934225
0.2	-0.000115	0.1082762
0.2	-0.00011	0.1119084
0.2	-0.000105	0.10380585
0.2	-0.0001	0.09919575
0.2	-9.5e-05	0.08989175
0.2	-9e-05	0.1052495
0.2	-8.5e-05	0.13437195
0.2	-8e-05	0.1258038
0.2	-7.5e-05	0.14305185
0.2	-7e-05	0.2709414
0.2	-6.5e-05	0.439047
0.2	-6e-05	0.2484039
0.2	-5.5e-05	0.04493654
0.2	-5e-05	0.0265987
0.2	-4.5e-05	0.02178374
0.2	-4e-05	0.02467092
0.2	-3.5e-05	0.00526201
0.2	-3e-05	0.00811187
0.2	-2.5e-05	-0.01078476
0.2	-2e-05	0.00881035
0.2	-1.5e-05	0.00641684
0.2	-1e-05	-0.02489443
0.2	-5e-06	0.00497333
0.2	0.0	-0.00132249
0.2	5e-06	0.01370912
0.2	1e-05	-0.00584877
0.2	1.5e-05	0.00439587
0.2	2e-05	0.00997455
0.2	2.5e-05	-0.00221656
0.2	3e-05	-0.02064755
0.2	3.5e-05	0.00156462
0.2	4e-05	-0.00980687
0.2	4.5e-05	0.00516887
0.2	5e-05	0.00606293
0.2	5.5e-05	0.0148081
0.2	6e-05	0.06238963
0.2	6.5e-05	0.38428415
0.2	7e-05	0.4413655
0.2	7.5e-05	0.1395314
0.2	8e-05	0.13277005
0.2	8.5e-05	0.10420635
0.2	9e-05	0.1041318
0.2	9.5e-05	0.0903016
0.2	0.0001	0.09786395
0.2	0.000105	0.1123089
0.2	0.00011	0.1183997
0.2	0.000115	0.09832035
0.2	0.00012	0.1082389
0.2	0.000125	0.10564985
0.2	0.00013	0.10275335
0.2	0.000135	0.0953679
0.2	0.00014	0.08221745
0.2	0.000145	0.0958895
0.2	0.00015	0.10040645
0.2	0.000155	0.11120055
0.2	0.00016	0.09321665
0.2	0.000165	0.10422495
0.2	0.00017	0.1083507
0.2	0.000175	0.10091875
0.2	0.00018	0.10467185
0.2	0.000185	0.09494895
0.2	0.00019	0.08206865
0.2	0.000195	0.0745993
0.2	0.0002	0.0790977
0.25	0.0002	0.09335625
0.25	0.000195	0.0871815
0.25	0.00019	0.1031446
0.25	0.000185	0.0775703
0.25	0.00018	0.1012167
0.25	0.000175	0.10453225
0.25	0.00017	0.10144955
0.25	0.000165	0.0929558
0.25	0.00016	0.0987953
0.25	0.000155	0.09411065
0.25	0.00015	0.08849475
0.25	0.000145	0.0930675
0.25	0.00014	0.08568205
0.25	0.000135	0.08933295
0.25	0.00013	0.09629935
0.25	0.000125	0.0919593
0.25	0.00012	0.10343325
0.25	0.000115	0.1223671
0.25	0.00011	0.107643
0.25	0.000105	0.10510965
0.25	0.0001	0.0966811
0.25	9.5e-05	0.11055795
0.25	9e-05	0.0969885
0.25	8.5e-05	0.1249842
0.25	8e-05	0.11134955
0.25	7.5e-05	0.13575965
0.25	7e-05	0.13760355
0.25	6.5e-05	0.17791155
0.25	6e-05	0.33365835
0.25	5.5e-05	0.3264955
0.25	5e-05	0.17190445
0.25	4.5e-05	0.02090824
0.25	4e-05	-0.00485222
0.25	3.5e-05	-0.01447284
0.25	3e-05	0.00284056
0.25	2.5e-05	-0.00727367
0.25	2e-05	0.00503848
0.25	1.5e-05	0.00787902
0.25	1e-05	0.01340183
0.25	5e-06	-0.00410716
0.25	0.0	0.00643548
0.25	-5e-06	0.02061025
0.25	-1e-05	-0.00691976
0.25	-1.5e-05	-0.01313171
0.25	-2e-05	-0.01602813
0.25	-2.5e-05	0.02706441
0.25	-3e-05	0.01133425
0.25	-3.5e-05	0.01736924
0.25	-4e-05	0.01598158
0.25	-4.5e-05	0.02562084
0.25	-5e-05	0.05141854
0.25	-5.5e-05	0.2002914
0.25	-6e-05	0.3786035
0.25	-6.5e-05	0.25173765
0.25	-7e-05	0.15514975
0.25	-7.5e-05	0.1024554
0.25	-8e-05	0.1201506
0.25	-8.5e-05	0.1279458
0.25	-9e-05	0.103452
0.25	-9.5e-05	0.11747775
0.25	-0.0001	0.09037605
0.25	-0.000105	0.1098129
0.25	-0.00011	0.1005368
0.25	-0.000115	0.0999873
0.25	-0.00012	0.096914
0.25	-0.000125	0.0925368
0.25	-0.00013	0.1004157
0.25	-0.000135	0.08533755
0.25	-0.00014	0.09430625
0.25	-0.000145	0.0840989
0.25	-0.00015	0.08636215
0.25	-0.000155	0.0937195
0.25	-0.00016	0.07722575
0.25	-0.000165	0.08683695
0.25	-0.00017	0.0941665
0.25	-0.000175	0.0844528
0.25	-0.00018	0.10207355
0.25	-0.000185	0.1125603
0.25	-0.00019	0.1011701
0.25	-0.000195	0.1049421
0.25	-0.0002	0.0998849
0.3	-0.0002	0.08857865
0.3	-0.000195	0.100928
0.3	-0.00019	0.0816682
0.3	-0.000185	0.08934225
0.3	-0.00018	0.1075498
0.3	-0.000175	0.07669485
0.3	-0.00017	0.0766018
0.3	-0.000165	0.1065534
0.3	-0.00016	0.09742625
0.3	-0.000155	0.10164515
0.3	-0.00015	0.10342405
0.3	-0.000145	0.1024647
0.3	-0.00014	0.10783845
0.3	-0.000135	0.09213625
0.3	-0.00013	0.0835122
0.3	-0.000125	0.10593845
0.3	-0.00012	0.102325
0.3	-0.000115	0.0907299
0.3	-0.00011	0.0813328
0.3	-0.000105	0.0968207
0.3	-0.0001	0.1134077
0.3	-9.5e-05	0.10590135
0.3	-9e-05	0.11944285
0.3	-8.5e-05	0.10311665
0.3	-8e-05	0.11862325
0.3	-7.5e-05	0.1315128
0.3	-7e-05	0.1465165
0.3	-6.5e-05	0.12093295
0.3	-6e-05	0.17266795
0.3	-5.5e-05	0.3546121
0.3	-5e-05	0.2776382
0.3	-4.5e-05	0.1140504
0.3	-4e-05	0.01669868
0.3	-3.5e-05	0.00801874
0.3	-3e-05	0.01237735
0.3	-2.5e-05	0.02613303
0.3	-2e-05	-0.00873584
0.3	-1.5e-05	-0.01862658
0.3	-1e-05	-0.01568356
0.3	-5e-06	0.00014902
0.3	0.0	0.00144358
0.3	5e-06	-0.00078233
0.3	1e-05	-0.00987203
0.3	1.5e-05	-0.00575562
0.3	2e-05	0.00012107
0.3	2.5e-05	0.02553704
0.3	3e-05	-0.0046287
0.3	3.5e-05	0.00731092
0.3	4e-05	0.00952747
0.3	4.5e-05	0.0566806
0.3	5e-05	0.25922535
0.3	5.5e-05	0.3224905
0.3	6e-05	0.2069226
0.3	6.5e-05	0.155569
0.3	7e-05	0.1239784
0.3	7.5e-05	0.11310055
0.3	8e-05	0.1048489
0.3	8.5e-05	0.10103055
0.3	9e-05	0.08280435
0.3	9.5e-05	0.10869525
0.3	0.0001	0.09195935
0.3	0.000105	0.1007697
0.3	0.00011	0.0967558
0.3	0.000115	0.0999223
0.3	0.00012	0.09820855
0.3	0.000125	0.08966825
0.3	0.00013	0.09479985
0.3	0.000135	0.08973335
0.3	0.00014	0.1018407
0.3	0.000145	0.11148
0.3	0.00015	0.09767765
0.3	0.000155	0.0922108
0.3	0.00016	0.09754725
0.3	0.000165	0.0951724
0.3	0.00017	0.11486065
0.3	0.000175	0.07485085
0.3	0.00018	0.09477195
0.3	0.000185	0.11396665
0.3	0.00019	0.08705125
0.3	0.000195	0.0926764
0.3	0.0002	0.083568
0.35	0.0002	0.0898731
0.35	0.000195	0.08672525
0.35	0.00019	0.0958243
0.35	0.000185	0.10224125
0.35	0.00018	0.08060635
0.35	0.000175	0.10035995
0.35	0.00017	0.0961875
0.35	0.000165	0.0927696
0.35	0.00016	0.116863
0.35	0.000155	0.10676745
0.35	0.00015	0.0955449
0.35	0.000145	0.0789765
0.35	0.00014	0.1117781
0.35	0.000135	0.0905437
0.35	0.00013	0.08991965
0.35	0.000125	0.07323965
0.35	0.00012	0.10311665
0.35	0.000115	0.11379905
0.35	0.00011	0.09416665
0.35	0.000105	0.09505135
0.35	0.0001	0.07753305
0.35	9.5e-05	0.10048105
0.35	9e-05	0.11140545
0.35	8.5e-05	0.0974355
0.35	8e-05	0.106637
0.35	7.5e-05	0.1268935
0.35	7e-05	0.10158915
0.35	6.5e-05	0.11948005
0.35	6e-05	0.12767575
0.35	5.5e-05	0.1591917
0.35	5e-05	0.24289935
0.35	4.5e-05	0.300064
0.35	4e-05	0.1701351
0.35	3.5e-05	0.03116228
0.35	3e-05	-0.01172539
0.35	2.5e-05	0.00664969
0.35	2e-05	0.00785111
0.35	1.5e-05	0.01858926
0.35	1e-05	0.00732025
0.35	5e-06	-0.00461006
0.35	0.0	0.01110141
0.35	-5e-06	-0.00053087
0.35	-1e-05	-0.00591394
0.35	-1.5e-05	-0.00854028
0.35	-2e-05	-0.001546
0.35	-2.5e-05	0.00874514
0.35	-3e-05	0.00941571
0.35	-3.5e-05	0.0386687
0.35	-4e-05	0.106218
0.35	-4.5e-05	0.2427132
0.35	-5e-05	0.24432485
0.35	-5.5e-05	0.16251665
0.35	-6e-05	0.13574105
0.35	-6.5e-05	0.1244441
0.35	-7e-05	0.11495375
0.35	-7.5e-05	0.10981285
0.35	-8e-05	0.11466515
0.35	-8.5e-05	0.1256827
0.35	-9e-05	0.1270052
0.35	-9.5e-05	0.11148925
0.35	-0.0001	0.10320975
0.35	-0.000105	0.11187115
0.35	-0.00011	0.0852817
0.35	-0.000115	0.10567785
0.35	-0.00012	0.09816185
0.35	-0.000125	0.09704425
0.35	-0.00013	0.1057803
0.35	-0.000135	0.09168925
0.35	-0.00014	0.1033215
0.35	-0.000145	0.0982923
0.35	-0.00015	0.10316315
0.35	-0.000155	0.0973797
0.35	-0.00016	0.09574975
0.35	-0.000165	0.09021765
0.35	-0.00017	0.09117695
0.35	-0.000175	0.096085
0.35	-0.00018	0.0984693
0.35	-0.000185	0.1094218
0.35	-0.00019	0.0964576
0.35	-0.000195	0.10046245
0.35	-0.0002	0.0947346
0.4	-0.0002	0.08549585
0.4	-0.000195	0.0864831
0.4	-0.00019	0.0939524
0.4	-0.000185	0.10014575
0.4	-0.00018	0.1046627
0.4	-0.000175	0.1036475
0.4	-0.00017	0.1042529
0.4	-0.000165	0.08540275
0.4	-0.00016	0.09914925
0.4	-0.000155	0.11783165
0.4	-0.00015	0.0965601
0.4	-0.000145	0.0910279
0.4	-0.00014	0.09757525
0.4	-0.000135	0.0996521
0.4	-0.00013	0.09025495
0.4	-0.000125	0.1001737
0.4	-0.00012	0.0965973
0.4	-0.000115	0.1044671
0.4	-0.00011	0.0892492
0.4	-0.000105	0.0855983
0.4	-0.0001	0.0852817
0.4	-9.5e-05	0.1254405
0.4	-9e-05	0.11557785
0.4	-8.5e-05	0.10384305
0.4	-8e-05	0.1053518
0.4	-7.5e-05	0.1020735
0.4	-7e-05	0.1067488
0.4	-6.5e-05	0.10620855
0.4	-6e-05	0.12037415
0.4	-5.5e-05	0.1337852
0.4	-5e-05	0.13945695
0.4	-4.5e-05	0.18381615
0.4	-4e-05	0.2273372
0.4	-3.5e-05	0.2328413
0.4	-3e-05	0.1117127
0.4	-2.5e-05	0.0229945
0.4	-2e-05	0.00057743
0.4	-1.5e-05	0.01442622
0.4	-1e-05	0.01214451
0.4	-5e-06	-0.00943434
0.4	0.0	0.00179746
0.4	5e-06	0.0047032
0.4	1e-05	-0.00284988
0.4	1.5e-05	0.02064756
0.4	2e-05	0.0051223
0.4	2.5e-05	0.01596296
0.4	3e-05	0.06005195
0.4	3.5e-05	0.16803945
0.4	4e-05	0.21019165
0.4	4.5e-05	0.1926172
0.4	5e-05	0.1452591
0.4	5.5e-05	0.1401834
0.4	6e-05	0.13557335
0.4	6.5e-05	0.1261856
0.4	7e-05	0.1013751
0.4	7.5e-05	0.0937102
0.4	8e-05	0.09158675
0.4	8.5e-05	0.0922946
0.4	9e-05	0.10402
0.4	9.5e-05	0.0898359
0.4	0.0001	0.0882619
0.4	0.000105	0.0995403
0.4	0.00011	0.12035545
0.4	0.000115	0.10648805
0.4	0.00012	0.1016916
0.4	0.000125	0.1084345
0.4	0.00013	0.10585475
0.4	0.000135	0.110055
0.4	0.00014	0.08977065
0.4	0.000145	0.086334
0.4	0.00015	0.0870327
0.4	0.000155	0.08707905
0.4	0.00016	0.1054636
0.4	0.000165	0.09243415
0.4	0.00017	0.07538165
0.4	0.000175	0.09654155
0.4	0.00018	0.1313638
0.4	0.000185	0.11375245
0.4	0.00019	0.08999435
0.4	0.000195	0.1029304
0.4	0.0002	0.10272555
0.45	0.0002	0.11019475
0.45	0.000195	0.0941386
0.45	0.00019	0.10171045
0.45	0.000185	0.1093938
0.45	0.00018	0.08921195
0.45	0.000175	0.09539595
0.45	0.00017	0.10687925
0.45	0.000165	0.09197795
0.45	0.00016	0.0943062
0.45	0.000155	0.1152519
0.45	0.00015	0.10375
0.45	0.000145	0.0863527
0.45	0.00014	0.07703945
0.45	0.000135	0.0888672
0.45	0.00013	0.09528415
0.45	0.000125	0.08994765
0.45	0.00012	0.08485335
0.45	0.000115	0.11099565
0.45	0.00011	0.09155875
0.45	0.000105	0.11347305
0.45	0.0001	0.1044205
0.45	9.5e-05	0.10231565
0.45	9e-05	0.09455785
0.45	8.5e-05	0.09946595
0.45	8e-05	0.0997638
0.45	7.5e-05	0.1189492
0.45	7e-05	0.12201325
0.45	6.5e-05	0.11135895
0.45	6e-05	0.12182705
0.45	5.5e-05	0.14389
0.45	5e-05	0.12781535
0.45	4.5e-05	0.14410425
0.45	4e-05	0.17583455
0.45	3.5e-05	0.1998352
0.45	3e-05	0.12638135
0.45	2.5e-05	0.05220091
0.45	2e-05	0.03404
0.45	1.5e-05	0.00747855
0.45	1e-05	0.0157953
0.45	5e-06	-0.00459144
0.45	0.0	0.01632616
0.45	-5e-06	0.00531787
0.45	-1e-05	0.0150037
0.45	-1.5e-05	0.01602814
0.45	-2e-05	0.00746928
0.45	-2.5e-05	0.01574873
0.45	-3e-05	0.05523705
0.45	-3.5e-05	0.1312986
0.45	-4e-05	0.2353838
0.45	-4.5e-05	0.19539265
0.45	-5e-05	0.14296825
0.45	-5.5e-05	0.12644635
0.45	-6e-05	0.1089467
0.45	-6.5e-05	0.11384565
0.45	-7e-05	0.11439505
0.45	-7.5e-05	0.10452295
0.45	-8e-05	0.1154195
0.45	-8.5e-05	0.10824825
0.45	-9e-05	0.10112375
0.45	-9.5e-05	0.10561265
0.45	-0.0001	0.1125231
0.45	-0.000105	0.09331905
0.45	-0.00011	0.0910838
0.45	-0.000115	0.10173835
0.45	-0.00012	0.08853195
0.45	-0.000125	0.093468
0.45	-0.00013	0.09504205
0.45	-0.000135	0.0825249
0.45	-0.00014	0.10440185
0.45	-0.000145	0.1005834
0.45	-0.00015	0.08862515
0.45	-0.000155	0.10208295
0.45	-0.00016	0.09835765
0.45	-0.000165	0.1037872
0.45	-0.00017	0.07235485
0.45	-0.000175	0.09889765
0.45	-0.00018	0.0908232
0.45	-0.000185	0.08712575
0.45	-0.00019	0.10088145
0.45	-0.000195	0.1028186
0.45	-0.0002	0.0959175
0.5	-0.0002	0.0672139
0.5	-0.000195	0.0997453
0.5	-0.00019	0.1226931
0.5	-0.000185	0.113175
0.5	-0.00018	0.10691655
0.5	-0.000175	0.11787815
0.5	-0.00017	0.0854773
0.5	-0.000165	0.09359845
0.5	-0.00016	0.08953785
0.5	-0.000155	0.0716377
0.5	-0.00015	0.09046915
0.5	-0.000145	0.0873585
0.5	-0.00014	0.0825343
0.5	-0.000135	0.0992703
0.5	-0.00013	0.08284165
0.5	-0.000125	0.11422735
0.5	-0.00012	0.1022226
0.5	-0.000115	0.11395725
0.5	-0.00011	0.1059758
0.5	-0.000105	0.1103437
0.5	-0.0001	0.09927025
0.5	-9.5e-05	0.1080527
0.5	-9e-05	0.0825715
0.5	-8.5e-05	0.1080527
0.5	-8e-05	0.10835065
0.5	-7.5e-05	0.1137524
0.5	-7e-05	0.1111168
0.5	-6.5e-05	0.1131657
0.5	-6e-05	0.11634155
0.5	-5.5e-05	0.14259555
0.5	-5e-05	0.15156415
0.5	-4.5e-05	0.16177155
0.5	-4e-05	0.2094649
0.5	-3.5e-05	0.1985776
0.5	-3e-05	0.09249945
0.5	-2.5e-05	0.01750892
0.5	-2e-05	0.00273814
0.5	-1.5e-05	0.01247046
0.5	-1e-05	0.02294792
0.5	-5e-06	0.01516202
0.5	0.0	0.00563454
0.5	5e-06	0.00991863
0.5	1e-05	-0.00533649
0.5	1.5e-05	0.01905499
0.5	2e-05	0.00906185
0.5	2.5e-05	0.00968579
0.5	3e-05	0.04156515
0.5	3.5e-05	0.12072795
0.5	4e-05	0.21278955
0.5	4.5e-05	0.19768355
0.5	5e-05	0.1364303
0.5	5.5e-05	0.12731255
0.5	6e-05	0.1214545
0.5	6.5e-05	0.10971045
0.5	7e-05	0.1159969
0.5	7.5e-05	0.1029861
0.5	8e-05	0.0982085
0.5	8.5e-05	0.1211844
0.5	9e-05	0.11898645
0.5	9.5e-05	0.0931514
0.5	0.0001	0.0946881
0.5	0.000105	0.0878241
0.5	0.00011	0.0921363
0.5	0.000115	0.09443665
0.5	0.00012	0.0963644
0.5	0.000125	0.0932073
0.5	0.00013	0.08813145
0.5	0.000135	0.07349105
0.5	0.00014	0.09486515
0.5	0.000145	0.1046067
0.5	0.00015	0.09813395
0.5	0.000155	0.10597585
0.5	0.00016	0.10287455
0.5	0.000165	0.07716975
0.5	0.00017	0.09762175
0.5	0.000175	0.10569645
0.5	0.00018	0.09414795
0.5	0.000185	0.094297
0.5	0.00019	0.10134715
0.5	0.000195	0.1004717
0.5	0.0002	0.09831095
0.55	0.0002	0.0797962
0.55	0.000195	0.08700465
0.55	0.00019	0.08286945
0.55	0.000185	0.09357975
0.55	0.00018	0.1026975
0.55	0.000175	0.11054875
0.55	0.00017	0.09733315
0.55	0.000165	0.0988978
0.55	0.00016	0.1107442
0.55	0.000155	0.08208725
0.55	0.00015	0.1021201
0.55	0.000145	0.10235285
0.55	0.00014	0.08991025
0.55	0.000135	0.10314455
0.55	0.00013	0.0810348
0.55	0.000125	0.09397095
0.55	0.00012	0.1046347
0.55	0.000115	0.082674
0.55	0.00011	0.1146744
0.55	0.000105	0.1040108
0.55	0.0001	0.0878894
0.55	9.5e-05	0.11164755
0.55	9e-05	0.10289315
0.55	8.5e-05	0.09692335
0.55	8e-05	0.11053015
0.55	7.5e-05	0.11780365
0.55	7e-05	0.1094776
0.55	6.5e-05	0.09815265
0.55	6e-05	0.12389455
0.55	5.5e-05	0.1173007
0.55	5e-05	0.12000165
0.55	4.5e-05	0.14215775
0.55	4e-05	0.2182755
0.55	3.5e-05	0.23192855
0.55	3e-05	0.11134955
0.55	2.5e-05	0.01946478
0.55	2e-05	0.00163914
0.55	1.5e-05	-0.00489877
0.55	1e-05	0.00999316
0.55	5e-06	-0.01226559
0.55	0.0	0.02374888
0.55	-5e-06	0.00219793
0.55	-1e-05	-0.00610022
0.55	-1.5e-05	0.01342974
0.55	-2e-05	0.02004218
0.55	-2.5e-05	0.01887808
0.55	-3e-05	0.04429388
0.55	-3.5e-05	0.1900002
0.55	-4e-05	0.23983545
0.55	-4.5e-05	0.2016137
0.55	-5e-05	0.14387145
0.55	-5.5e-05	0.1253474
0.55	-6e-05	0.12086775
0.55	-6.5e-05	0.11552195
0.55	-7e-05	0.1262322
0.55	-7.5e-05	0.1062739
0.55	-8e-05	0.1005741
0.55	-8.5e-05	0.0945858
0.55	-9e-05	0.10985945
0.55	-9.5e-05	0.0956007
0.55	-0.0001	0.10444845
0.55	-0.000105	0.09874875
0.55	-0.00011	0.0981526
0.55	-0.000115	0.10090935
0.55	-0.00012	0.09783605
0.55	-0.000125	0.09574045
0.55	-0.00013	0.09621545
0.55	-0.000135	0.08177055
0.55	-0.00014	0.1063856
0.55	-0.000145	0.10938445
0.55	-0.00015	0.0973237
0.55	-0.000155	0.09627135
0.55	-0.00016	0.07946085
0.55	-0.000165	0.08420135
0.55	-0.00017	0.08972415
0.55	-0.000175	0.10259505
0.55	-0.00018	0.0899662
0.55	-0.000185	0.0868463
0.55	-0.00019	0.0861757
0.55	-0.000195	0.09997815
0.55	-0.0002	0.0922946
0.6	-0.0002	0.1125882
0.6	-0.000195	0.1079689
0.6	-0.00019	0.10176625
0.6	-0.000185	0.1035544
0.6	-0.00018	0.1100737
0.6	-0.000175	0.1056592
0.6	-0.00017	0.0992236
0.6	-0.000165	0.10023885
0.6	-0.00016	0.08977065
0.6	-0.000155	0.09785465
0.6	-0.00015	0.1073821
0.6	-0.000145	0.0831768
0.6	-0.00014	0.0960478
0.6	-0.000135	0.09294655
0.6	-0.00013	0.10063
0.6	-0.000125	0.09213635
0.6	-0.00012	0.1031446
0.6	-0.000115	0.1062086
0.6	-0.00011	0.10689775
0.6	-0.000105	0.1154754
0.6	-0.0001	0.09412
0.6	-9.5e-05	0.09554495
0.6	-9e-05	0.11645315
0.6	-8.5e-05	0.10081625
0.6	-8e-05	0.0855797
0.6	-7.5e-05	0.116714
0.6	-7e-05	0.0990654
0.6	-6.5e-05	0.08623165
0.6	-6e-05	0.10087215
0.6	-5.5e-05	0.0868556
0.6	-5e-05	0.11021345
0.6	-4.5e-05	0.11308195
0.6	-4e-05	0.1290634
0.6	-3.5e-05	0.11718905
0.6	-3e-05	0.1739811
0.6	-2.5e-05	0.16616745
0.6	-2e-05	0.0963831
0.6	-1.5e-05	0.05793795
0.6	-1e-05	0.02876868
0.6	-5e-06	0.0340028
0.6	0.0	0.00920152
0.6	5e-06	0.00406058
0.6	1e-05	0.009127
0.6	1.5e-05	0.0124984
0.6	2e-05	0.04870842
0.6	2.5e-05	0.12208765
0.6	3e-05	0.1595644
0.6	3.5e-05	0.15878205
0.6	4e-05	0.12988295
0.6	4.5e-05	0.12602735
0.6	5e-05	0.1426701
0.6	5.5e-05	0.11353805
0.6	6e-05	0.0985625
0.6	6.5e-05	0.1081924
0.6	7e-05	0.10650665
0.6	7.5e-05	0.10181265
0.6	8e-05	0.1017011
0.6	8.5e-05	0.12233925
0.6	9e-05	0.0935239
0.6	9.5e-05	0.1074473
0.6	0.0001	0.09390575
0.6	0.000105	0.1051376
0.6	0.00011	0.1159318
0.6	0.000115	0.09942865
0.6	0.00012	0.08905355
0.6	0.000125	0.0912515
0.6	0.00013	0.08677185
0.6	0.000135	0.1028185
0.6	0.00014	0.10300485
0.6	0.000145	0.08927695
0.6	0.00015	0.09671855
0.6	0.000155	0.08840165
0.6	0.00016	0.09228535
0.6	0.000165	0.0859989
0.6	0.00017	0.08571935
0.6	0.000175	0.07428265
0.6	0.00018	0.0993821
0.6	0.000185	0.1068047
0.6	0.00019	0.09586155
0.6	0.000195	0.10330285
0.6	0.0002	0.0994287
0.65	0.0002	0.097985
0.65	0.000195	0.0918197
0.65	0.00019	0.09848805
0.65	0.000185	0.1045975
0.65	0.00018	0.11602485
0.65	0.000175	0.0957777
0.65	0.00017	0.10267885
0.65	0.000165	0.09273235
0.65	0.00016	0.0992516
0.65	0.000155	0.091326
0.65	0.00015	0.09686755
0.65	0.000145	0.10875115
0.65	0.00014	0.10681405
0.65	0.000135	0.10824825
0.65	0.00013	0.1004903
0.65	0.000125	0.10266975
0.65	0.00012	0.10128195
0.65	0.000115	0.09724935
0.65	0.00011	0.1025486
0.65	0.000105	0.10806195
0.65	0.0001	0.0944088
0.65	9.5e-05	0.128961
0.65	9e-05	0.11533565
0.65	8.5e-05	0.10033195
0.65	8e-05	0.10937525
0.65	7.5e-05	0.11487
0.65	7e-05	0.11974075
0.65	6.5e-05	0.10752185
0.65	6e-05	0.12825315
0.65	5.5e-05	0.1261204
0.65	5e-05	0.1252635
0.65	4.5e-05	0.1424093
0.65	4e-05	0.2028993
0.65	3.5e-05	0.22608005
0.65	3e-05	0.13975515
0.65	2.5e-05	0.0424127
0.65	2e-05	0.00993724
0.65	1.5e-05	0.00839128
0.65	1e-05	-0.00466596
0.65	5e-06	0.01357877
0.65	0.0	0.00218862
0.65	-5e-06	0.01382089
0.65	-1e-05	-0.0028592
0.65	-1.5e-05	0.01366256
0.65	-2e-05	0.04131369
0.65	-2.5e-05	0.1167977
0.65	-3e-05	0.1703117
0.65	-3.5e-05	0.1558855
0.65	-4e-05	0.1307025
0.65	-4.5e-05	0.130181
0.65	-5e-05	0.1238201
0.65	-5.5e-05	0.1247328
0.65	-6e-05	0.08965885
0.65	-6.5e-05	0.1125416
0.65	-7e-05	0.0978174
0.65	-7.5e-05	0.0908231
0.65	-8e-05	0.09690475
0.65	-8.5e-05	0.10850905
0.65	-9e-05	0.1012819
0.65	-9.5e-05	0.10173825
0.65	-0.0001	0.08660415
0.65	-0.000105	0.1105114
0.65	-0.00011	0.0904784
0.65	-0.000115	0.1021294
0.65	-0.00012	0.09989415
0.65	-0.000125	0.10565915
0.65	-0.00013	0.09452975
0.65	-0.000135	0.1022506
0.65	-0.00014	0.08850405
0.65	-0.000145	0.0893422
0.65	-0.00015	0.09990365
0.65	-0.000155	0.0955635
0.65	-0.00016	0.0982179
0.65	-0.000165	0.0991491
0.65	-0.00017	0.0893609
0.65	-0.000175	0.10963595
0.65	-0.00018	0.10131915
0.65	-0.000185	0.09049715
0.65	-0.00019	0.107289
0.65	-0.000195	0.095517
0.65	-0.0002	0.0905065
0.7	-0.0002	0.09452985
0.7	-0.000195	0.09264845
0.7	-0.00019	0.079107
0.7	-0.000185	0.0848812
0.7	-0.00018	0.09616885
0.7	-0.000175	0.1056965
0.7	-0.00017	0.10583615
0.7	-0.000165	0.09941925
0.7	-0.00016	0.07187995
0.7	-0.000155	0.08906285
0.7	-0.00015	0.082227
0.7	-0.000145	0.10143095
0.7	-0.00014	0.1166582
0.7	-0.000135	0.10201765
0.7	-0.00013	0.1160436
0.7	-0.000125	0.082497
0.7	-0.00012	0.08382875
0.7	-0.000115	0.10445785
0.7	-0.00011	0.1077919
0.7	-0.000105	0.0995963
0.7	-0.0001	0.08549585
0.7	-9.5e-05	0.0820873
0.7	-9e-05	0.08749805
0.7	-8.5e-05	0.1017756
0.7	-8e-05	0.10520275
0.7	-7.5e-05	0.1285978
0.7	-7e-05	0.09591755
0.7	-6.5e-05	0.0975752
0.7	-6e-05	0.08422925
0.7	-5.5e-05	0.0856634
0.7	-5e-05	0.1037499
0.7	-4.5e-05	0.10428085
0.7	-4e-05	0.1304697
0.7	-3.5e-05	0.1282439
0.7	-3e-05	0.1543488
0.7	-2.5e-05	0.15331525
0.7	-2e-05	0.12767565
0.7	-1.5e-05	0.0823573
0.7	-1e-05	0.00576492
0.7	-5e-06	0.0165963
0.7	0.0	0.0021048
0.7	5e-06	-0.00134112
0.7	1e-05	-0.00801875
0.7	1.5e-05	0.03582812
0.7	2e-05	0.0923226
0.7	2.5e-05	0.16447225
0.7	3e-05	0.1834529
0.7	3.5e-05	0.1343906
0.7	4e-05	0.12699585
0.7	4.5e-05	0.11402255
0.7	5e-05	0.11386425
0.7	5.5e-05	0.09308615
0.7	6e-05	0.09244355
0.7	6.5e-05	0.11146135
0.7	7e-05	0.1180738
0.7	7.5e-05	0.1087605
0.7	8e-05	0.090199
0.7	8.5e-05	0.10441135
0.7	9e-05	0.10565925
0.7	9.5e-05	0.1062179
0.7	0.0001	0.0950513
0.7	0.000105	0.0887649
0.7	0.00011	0.1047185
0.7	0.000115	0.1099433
0.7	0.00012	0.09547975
0.7	0.000125	0.09034815
0.7	0.00013	0.10121675
0.7	0.000135	0.08901625
0.7	0.00014	0.0911119
0.7	0.000145	0.0986835
0.7	0.00015	0.1008814
0.7	0.000155	0.07919085
0.7	0.00016	0.1019059
0.7	0.000165	0.081994
0.7	0.00017	0.0897334
0.7	0.000175	0.09887915
0.7	0.00018	0.10158925
0.7	0.000185	0.10098385
0.7	0.00019	0.08660415
0.7	0.000195	0.09702565
0.7	0.0002	0.0862968
0.75	0.0002	0.0967371
0.75	0.000195	0.09890695
0.75	0.00019	0.097566
0.75	0.000185	0.09530285
0.75	0.00018	0.09881385
0.75	0.000175	0.09670905
0.75	0.00017	0.08972415
0.75	0.000165	0.08733995
0.75	0.00016	0.0893329
0.75	0.000155	0.07944225
0.75	0.00015	0.0837077
0.75	0.000145	0.0981434
0.75	0.00014	0.10158
0.75	0.000135	0.1014216
0.75	0.00013	0.1048675
0.75	0.000125	0.10795965
0.75	0.00012	0.1093659
0.75	0.000115	0.09585225
0.75	0.00011	0.09452975
0.75	0.000105	0.08021525
0.75	0.0001	0.09121425
0.75	9.5e-05	0.1014866
0.75	9e-05	0.1033682
0.75	8.5e-05	0.07862265
0.75	8e-05	0.09613165
0.75	7.5e-05	0.10198985
0.75	7e-05	0.11242065
0.75	6.5e-05	0.1077175
0.75	6e-05	0.1151214
0.75	5.5e-05	0.0991864
0.75	5e-05	0.11887465
0.75	4.5e-05	0.1142833
0.75	4e-05	0.12043935
0.75	3.5e-05	0.1447562
0.75	3e-05	0.19421915
0.75	2.5e-05	0.1714294
0.75	2e-05	0.1073913
0.75	1.5e-05	0.04461994
0.75	1e-05	0.01616786
0.75	5e-06	-0.00502916
0.75	0.0	0.01047744
0.75	-5e-06	-0.00176952
0.75	-1e-05	0.02165339
0.75	-1.5e-05	0.01672667
0.75	-2e-05	0.0467247
0.75	-2.5e-05	0.1044856
0.75	-3e-05	0.1718578
0.75	-3.5e-05	0.15410685
0.75	-4e-05	0.13066525
0.75	-4.5e-05	0.12485375
0.75	-5e-05	0.1141529
0.75	-5.5e-05	0.09073
0.75	-6e-05	0.11215055
0.75	-6.5e-05	0.11094905
0.75	-7e-05	0.1201041
0.75	-7.5e-05	0.10907715
0.75	-8e-05	0.1166396
0.75	-8.5e-05	0.10240885
0.75	-9e-05	0.0896776
0.75	-9.5e-05	0.0893702
0.75	-0.0001	0.1018501
0.75	-0.000105	0.1147396
0.75	-0.00011	0.10863945
0.75	-0.000115	0.1081645
0.75	-0.00012	0.0923598
0.75	-0.000125	0.09209895
0.75	-0.00013	0.0815285
0.75	-0.000135	0.1116011
0.75	-0.00014	0.08281365
0.75	-0.000145	0.10494215
0.75	-0.00015	0.108388
0.75	-0.000155	0.09751
0.75	-0.00016	0.08090455
0.75	-0.000165	0.10483025
0.75	-0.00017	0.08150055
0.75	-0.000175	0.0990188
0.75	-0.00018	0.1019804
0.75	-0.000185	0.0972027
0.75	-0.00019	0.09456695
0.75	-0.000195	0.0933843
0.75	-0.0002	0.09998745
0.8	-0.0002	0.10394555
0.8	-0.000195	0.1048769
0.8	-0.00019	0.08583115
0.8	-0.000185	0.09010605
0.8	-0.00018	0.0896962
0.8	-0.000175	0.112523
0.8	-0.00017	0.1109771
0.8	-0.000165	0.10853695
0.8	-0.00016	0.0884108
0.8	-0.000155	0.09034805
0.8	-0.00015	0.092425
0.8	-0.000145	0.1017756
0.8	-0.00014	0.1117129
0.8	-0.000135	0.11215045
0.8	-0.00013	0.1242578
0.8	-0.000125	0.10549145
0.8	-0.00012	0.10741945
0.8	-0.000115	0.08619435
0.8	-0.00011	0.0883458
0.8	-0.000105	0.1054358
0.8	-0.0001	0.10212015
0.8	-9.5e-05	0.09729585
0.8	-9e-05	0.0976497
0.8	-8.5e-05	0.1054263
0.8	-8e-05	0.09149355
0.8	-7.5e-05	0.10548225
0.8	-7e-05	0.1079408
0.8	-6.5e-05	0.0938314
0.8	-6e-05	0.10611555
0.8	-5.5e-05	0.0900221
0.8	-5e-05	0.11466505
0.8	-4.5e-05	0.11119125
0.8	-4e-05	0.0938033
0.8	-3.5e-05	0.12246965
0.8	-3e-05	0.09985705
0.8	-2.5e-05	0.1544792
0.8	-2e-05	0.1250494
0.8	-1.5e-05	0.0999315
0.8	-1e-05	0.05821725
0.8	-5e-06	0.02209106
0.8	0.0	0.02123429
0.8	5e-06	0.0403452
0.8	1e-05	0.03963737
0.8	1.5e-05	0.0867532
0.8	2e-05	0.1468424
0.8	2.5e-05	0.14307985
0.8	3e-05	0.11800855
0.8	3.5e-05	0.10836945
0.8	4e-05	0.11350095
0.8	4.5e-05	0.11438565
0.8	5e-05	0.09284405
0.8	5.5e-05	0.078036
0.8	6e-05	0.083177
0.8	6.5e-05	0.0932632
0.8	7e-05	0.10741
0.8	7.5e-05	0.0939617
0.8	8e-05	0.104374
0.8	8.5e-05	0.08079265
0.8	9e-05	0.10200835
0.8	9.5e-05	0.0858498
0.8	0.0001	0.097333
0.8	0.000105	0.08174265
0.8	0.00011	0.08347501
0.8	0.000115	0.10659055
0.8	0.00012	0.1032563
0.8	0.000125	0.08908145
0.8	0.00013	0.104495
0.8	0.000135	0.0863807
0.8	0.00014	0.08216175
0.8	0.000145	0.10605035
0.8	0.00015	0.1076522
0.8	0.000155	0.0841921
0.8	0.00016	0.08019665
0.8	0.000165	0.08005695
0.8	0.00017	0.10568715
0.8	0.000175	0.1210074
0.8	0.00018	0.10485825
0.8	0.000185	0.08231075
0.8	0.00019	0.10425295
0.8	0.000195	0.095964
0.8	0.0002	0.0846018
0.85	0.0002	0.0898824
0.85	0.000195	0.0870045
0.85	0.00019	0.07864135
0.85	0.000185	0.085384
0.85	0.00018	0.09658795
0.85	0.000175	0.1029955
0.85	0.00017	0.1050259
0.85	0.000165	0.0918197
0.85	0.00016	0.0990561
0.85	0.000155	0.0916799
0.85	0.00015	0.0999222
0.85	0.000145	0.09536795
0.85	0.00014	0.10620865
0.85	0.000135	0.0408108
0.85	0.00013	0.10599445
0.85	0.000125	0.1078851
0.85	0.00012	0.0935334
0.85	0.000115	0.0931235
0.85	0.00011	0.0800475
0.85	0.000105	0.0806623
0.85	0.0001	0.06874125
0.85	9.5e-05	0.09656005
0.85	9e-05	0.09088815
0.85	8.5e-05	0.09388715
0.85	8e-05	0.10209225
0.85	7.5e-05	0.09074855
0.85	7e-05	0.092872
0.85	6.5e-05	0.0927137
0.85	6e-05	0.1186046
0.85	5.5e-05	0.08915595
0.85	5e-05	0.09574985
0.85	4.5e-05	0.09586165
0.85	4e-05	0.10259515
0.85	3.5e-05	0.10058345
0.85	3e-05	0.12544055
0.85	2.5e-05	0.1506794
0.85	2e-05	0.1481369
0.85	1.5e-05	0.0910094
0.85	1e-05	0.04714385
0.85	5e-06	0.0195765
0.85	0.0	0.01894319
0.85	-5e-06	0.00788833
0.85	-1e-05	0.02077795
0.85	-1.5e-05	0.04546737
0.85	-2e-05	0.12401565
0.85	-2.5e-05	0.16310325
0.85	-3e-05	0.1431824
0.85	-3.5e-05	0.14158965
0.85	-4e-05	0.11584785
0.85	-4.5e-05	0.09964275
0.85	-5e-05	0.09552635
0.85	-5.5e-05	0.1036568
0.85	-6e-05	0.08535625
0.85	-6.5e-05	0.11602485
0.85	-7e-05	0.10161725
0.85	-7.5e-05	0.0947253
0.85	-8e-05	0.10244605
0.85	-8.5e-05	0.09138185
0.85	-9e-05	0.09983835
0.85	-9.5e-05	0.10491415
0.85	-0.0001	0.09475335
0.85	-0.000105	0.10591995
0.85	-0.00011	0.10519345
0.85	-0.000115	0.10785715
0.85	-0.00012	0.11274665
0.85	-0.000125	0.0883924
0.85	-0.00013	0.09487425
0.85	-0.000135	0.09155885
0.85	-0.00014	0.1169468
0.85	-0.000145	0.1003693
0.85	-0.00015	0.0992982
0.85	-0.000155	0.0831582
0.85	-0.00016	0.09814335
0.85	-0.000165	0.10618085
0.85	-0.00017	0.10079765
0.85	-0.000175	0.07997305
0.85	-0.00018	0.11344505
0.85	-0.000185	0.09133535
0.85	-0.00019	0.10262295
0.85	-0.000195	0.0785389
0.85	-0.0002	0.0993913
