Initial Temperature (K)	0.02513
Excitation Current (A)	2e-07
Axis 1,2	x,y
Angle	0
Field (T)	Current (A)	Resistance (Ohms)
-0.1	-0.00012	0.02738569
-0.1	-0.000118	0.10456712
-0.1	-0.000116	0.0968232
-0.1	-0.000114	0.09098378
-0.1	-0.000112	0.1083228
-0.1	-0.00011	0.10043442
-0.1	-0.000108	0.10188728
-0.1	-0.000106	0.10742165
-0.1	-0.000104	0.1004367
-0.1	-0.000102	0.08706977
-0.1	-0.0001	0.09361713
-0.1	-9.8e-05	0.10111662
-0.1	-9.6e-05	0.11093048
-0.1	-9.4e-05	0.09827837
-0.1	-9.2e-05	0.10252988
-0.1	-9e-05	0.10889562
-0.1	-8.8e-05	0.09330968
-0.1	-8.6e-05	0.10612948
-0.1	-8.4e-05	0.10239018
-0.1	-8.2e-05	0.0969326
-0.1	-8e-05	0.09373578
-0.1	-7.8e-05	0.10627385
-0.1	-7.6e-05	0.09832728
-0.1	-7.4e-05	0.09452743
-0.1	-7.2e-05	0.09724698
-0.1	-7e-05	0.07752605
-0.1	-6.8e-05	0.09620145
-0.1	-6.6e-05	0.1018524
-0.1	-6.4e-05	0.09683482
-0.1	-6.2e-05	0.11344043
-0.1	-6e-05	0.09273928
-0.1	-5.8e-05	0.1012121
-0.1	-5.6e-05	0.0924203
-0.1	-5.4e-05	0.10375933
-0.1	-5.2e-05	0.09437608
-0.1	-5e-05	0.09144472
-0.1	-4.8e-05	0.09403387
-0.1	-4.6e-05	0.09493252
-0.1	-4.4e-05	0.09833192
-0.1	-4.2e-05	0.10579888
-0.1	-4e-05	0.1164579
-0.1	-3.8e-05	0.09179858
-0.1	-3.6e-05	0.10875118
-0.1	-3.4e-05	0.09599195
-0.1	-3.2e-05	0.09836455
-0.1	-3e-05	0.10197342
-0.1	-2.8e-05	0.10303985
-0.1	-2.6e-05	0.10493975
-0.1	-2.4e-05	0.10598282
-0.1	-2.2e-05	0.09883958
-0.1	-2e-05	0.09858107
-0.1	-1.8e-05	0.11244852
-0.1	-1.6e-05	0.09790588
-0.1	-1.4e-05	0.10755442
-0.1	-1.2e-05	0.08910948
-0.1	-1e-05	0.08984513
-0.1	-8e-06	0.10445542
-0.1	-6e-06	0.11299572
-0.1	-4e-06	0.11102128
-0.1	-2e-06	0.08496738
-0.1	-0.0	0.0920314
-0.1	2e-06	0.10885825
-0.1	4e-06	0.09885118
-0.1	6e-06	0.11614358
-0.1	8e-06	0.09838085
-0.1	1e-05	0.09756825
-0.1	1.2e-05	0.1014542
-0.1	1.4e-05	0.11922862
-0.1	1.6e-05	0.09971968
-0.1	1.8e-05	0.1050165
-0.1	2e-05	0.09707468
-0.1	2.2e-05	0.10436
-0.1	2.4e-05	0.09085568
-0.1	2.6e-05	0.10070682
-0.1	2.8e-05	0.10682333
-0.1	3e-05	0.10783153
-0.1	3.2e-05	0.10196645
-0.1	3.4e-05	0.09925855
-0.1	3.6e-05	0.10757998
-0.1	3.8e-05	0.09682312
-0.1	4e-05	0.0924878
-0.1	4.2e-05	0.10363812
-0.1	4.4e-05	0.10938913
-0.1	4.6e-05	0.11039498
-0.1	4.8e-05	0.09971492
-0.1	5e-05	0.10587802
-0.1	5.2e-05	0.10692115
-0.1	5.4e-05	0.0938267
-0.1	5.6e-05	0.10162652
-0.1	5.8e-05	0.10212248
-0.1	6e-05	0.0909349
-0.1	6.2e-05	0.10247873
-0.1	6.4e-05	0.1077523
-0.1	6.6e-05	0.09929118
-0.1	6.8e-05	0.09798502
-0.1	7e-05	0.09724698
-0.1	7.2e-05	0.09360075
-0.1	7.4e-05	0.10782218
-0.1	7.6e-05	0.09683485
-0.1	7.8e-05	0.11131463
-0.1	8e-05	0.11024838
-0.1	8.2e-05	0.10897232
-0.1	8.4e-05	0.10305145
-0.1	8.6e-05	0.09732383
-0.1	8.8e-05	0.09940302
-0.1	9e-05	0.10586413
-0.1	9.2e-05	0.09777775
-0.1	9.4e-05	0.10157298
-0.1	9.6e-05	0.10432498
-0.1	9.8e-05	0.09807348
-0.1	0.0001	0.10429943
-0.1	0.000102	0.10303515
-0.1	0.000104	0.10109335
-0.1	0.000106	0.09983608
-0.1	0.000108	0.10596422
-0.1	0.00011	0.11237172
-0.1	0.000112	0.09255298
-0.1	0.000114	0.0923016
-0.1	0.000116	0.10025755
-0.1	0.000118	0.10725875
-0.1	0.00012	0.10195483
-0.09	-0.00012	0.00887085
-0.09	-0.000118	0.10667428
-0.09	-0.000116	0.0985904
-0.09	-0.000114	0.10751713
-0.09	-0.000112	0.10644622
-0.09	-0.00011	0.0988721
-0.09	-0.000108	0.09829708
-0.09	-0.000106	0.0994868
-0.09	-0.000104	0.10424118
-0.09	-0.000102	0.10327968
-0.09	-0.0001	0.10669995
-0.09	-9.8e-05	0.10096535
-0.09	-9.6e-05	0.1044834
-0.09	-9.4e-05	0.1127233
-0.09	-9.2e-05	0.09554025
-0.09	-9e-05	0.09198022
-0.09	-8.8e-05	0.09307225
-0.09	-8.6e-05	0.11096073
-0.09	-8.4e-05	0.11922388
-0.09	-8.2e-05	0.09717245
-0.09	-8e-05	0.09958682
-0.09	-7.8e-05	0.09693258
-0.09	-7.6e-05	0.10391292
-0.09	-7.4e-05	0.10406423
-0.09	-7.2e-05	0.10084648
-0.09	-7e-05	0.09510485
-0.09	-6.8e-05	0.09462982
-0.09	-6.6e-05	0.10277207
-0.09	-6.4e-05	0.099517
-0.09	-6.2e-05	0.08863208
-0.09	-6e-05	0.1020201
-0.09	-5.8e-05	0.10566622
-0.09	-5.6e-05	0.11025057
-0.09	-5.4e-05	0.10432038
-0.09	-5.2e-05	0.11046723
-0.09	-5e-05	0.09764512
-0.09	-4.8e-05	0.09794535
-0.09	-4.6e-05	0.1006649
-0.09	-4.4e-05	0.09233188
-0.09	-4.2e-05	0.1166046
-0.09	-4e-05	0.09796878
-0.09	-3.8e-05	0.09417348
-0.09	-3.6e-05	0.11403652
-0.09	-3.4e-05	0.1036312
-0.09	-3.2e-05	0.10165682
-0.09	-3e-05	0.10291875
-0.09	-2.8e-05	0.10672552
-0.09	-2.6e-05	0.10068585
-0.09	-2.4e-05	0.09515608
-0.09	-2.2e-05	0.10065327
-0.09	-2e-05	0.10365682
-0.09	-1.8e-05	0.10641355
-0.09	-1.6e-05	0.09348668
-0.09	-1.4e-05	0.10036455
-0.09	-1.2e-05	0.100502
-0.09	-1e-05	0.109005
-0.09	-8e-06	0.09643665
-0.09	-6e-06	0.10360795
-0.09	-4e-06	0.10769415
-0.09	-2e-06	0.10330058
-0.09	-0.0	0.08993368
-0.09	2e-06	0.1001224
-0.09	4e-06	0.10335412
-0.09	6e-06	0.10351478
-0.09	8e-06	0.1039944
-0.09	1e-05	0.10890952
-0.09	1.2e-05	0.10232735
-0.09	1.4e-05	0.10186875
-0.09	1.6e-05	0.10303282
-0.09	1.8e-05	0.09926795
-0.09	2e-05	0.09874638
-0.09	2.2e-05	0.09920038
-0.09	2.4e-05	0.09070202
-0.09	2.6e-05	0.10644148
-0.09	2.8e-05	0.10062075
-0.09	3e-05	0.09733308
-0.09	3.2e-05	0.10731698
-0.09	3.4e-05	0.0989792
-0.09	3.6e-05	0.09959393
-0.09	3.8e-05	0.10550082
-0.09	4e-05	0.0926415
-0.09	4.2e-05	0.0992749
-0.09	4.4e-05	0.10075802
-0.09	4.6e-05	0.10068815
-0.09	4.8e-05	0.09860198
-0.09	5e-05	0.1064625
-0.09	5.2e-05	0.09718408
-0.09	5.4e-05	0.0976101
-0.09	5.6e-05	0.089284
-0.09	5.8e-05	0.09410375
-0.09	6e-05	0.10628778
-0.09	6.2e-05	0.09350065
-0.09	6.4e-05	0.09748673
-0.09	6.6e-05	0.08804072
-0.09	6.8e-05	0.09220848
-0.09	7e-05	0.11131003
-0.09	7.2e-05	0.10246008
-0.09	7.4e-05	0.10765685
-0.09	7.6e-05	0.09519565
-0.09	7.8e-05	0.10388265
-0.09	8e-05	0.1111075
-0.09	8.2e-05	0.0982528
-0.09	8.4e-05	0.10320512
-0.09	8.6e-05	0.10858585
-0.09	8.8e-05	0.10844383
-0.09	9e-05	0.10352412
-0.09	9.2e-05	0.09966608
-0.09	9.4e-05	0.10048095
-0.09	9.6e-05	0.1075847
-0.09	9.8e-05	0.0965857
-0.09	0.0001	0.1023879
-0.09	0.000102	0.10552878
-0.09	0.000104	0.10491645
-0.09	0.000106	0.09888613
-0.09	0.000108	0.10902588
-0.09	0.00011	0.10311665
-0.09	0.000112	0.09906305
-0.09	0.000114	0.10546592
-0.09	0.000116	0.09511888
-0.09	0.000118	0.1000013
-0.09	0.00012	0.0996451
-0.08	-0.00012	0.0890792
-0.08	-0.000118	0.10309102
-0.08	-0.000116	0.1011073
-0.08	-0.000114	0.09045052
-0.08	-0.000112	0.09604323
-0.08	-0.00011	0.09477895
-0.08	-0.000108	0.09283708
-0.08	-0.000106	0.10110032
-0.08	-0.000104	0.09919335
-0.08	-0.000102	0.1001946
-0.08	-0.0001	0.10934952
-0.08	-9.8e-05	0.1029164
-0.08	-9.6e-05	0.08899062
-0.08	-9.4e-05	0.10189662
-0.08	-9.2e-05	0.0927766
-0.08	-9e-05	0.09687678
-0.08	-8.8e-05	0.09971268
-0.08	-8.6e-05	0.0933097
-0.08	-8.4e-05	0.09711425
-0.08	-8.2e-05	0.103119
-0.08	-8e-05	0.10431818
-0.08	-7.8e-05	0.09253683
-0.08	-7.6e-05	0.10246708
-0.08	-7.4e-05	0.10792233
-0.08	-7.2e-05	0.0973261
-0.08	-7e-05	0.10089313
-0.08	-6.8e-05	0.0898149
-0.08	-6.6e-05	0.0991934
-0.08	-6.4e-05	0.0918569
-0.08	-6.2e-05	0.08476245
-0.08	-6e-05	0.111168
-0.08	-5.8e-05	0.1025881
-0.08	-5.6e-05	0.09076255
-0.08	-5.4e-05	0.10398045
-0.08	-5.2e-05	0.08171007
-0.08	-5e-05	0.09605017
-0.08	-4.8e-05	0.08534922
-0.08	-4.6e-05	0.09800358
-0.08	-4.4e-05	0.09656935
-0.08	-4.2e-05	0.10103053
-0.08	-4e-05	0.08206385
-0.08	-3.8e-05	0.09856945
-0.08	-3.6e-05	0.09665322
-0.08	-3.4e-05	0.1006766
-0.08	-3.2e-05	0.10476048
-0.08	-3e-05	0.10524478
-0.08	-2.8e-05	0.10747068
-0.08	-2.6e-05	0.10900728
-0.08	-2.4e-05	0.10410158
-0.08	-2.2e-05	0.1037383
-0.08	-2e-05	0.0923225
-0.08	-1.8e-05	0.0978592
-0.08	-1.6e-05	0.08637828
-0.08	-1.4e-05	0.10074875
-0.08	-1.2e-05	0.09837143
-0.08	-1e-05	0.10265562
-0.08	-8e-06	0.1005415
-0.08	-6e-06	0.09296052
-0.08	-4e-06	0.1071167
-0.08	-2e-06	0.08733763
-0.08	-0.0	0.10155432
-0.08	2e-06	0.09437383
-0.08	4e-06	0.09975455
-0.08	6e-06	0.09323058
-0.08	8e-06	0.08975427
-0.08	1e-05	0.10182207
-0.08	1.2e-05	0.09326545
-0.08	1.4e-05	0.09721895
-0.08	1.6e-05	0.10286518
-0.08	1.8e-05	0.09506288
-0.08	2e-05	0.10341008
-0.08	2.2e-05	0.0924576
-0.08	2.4e-05	0.1008256
-0.08	2.6e-05	0.08601042
-0.08	2.8e-05	0.10555205
-0.08	3e-05	0.0970351
-0.08	3.2e-05	0.09674403
-0.08	3.4e-05	0.10233195
-0.08	3.6e-05	0.09714915
-0.08	3.8e-05	0.10764762
-0.08	4e-05	0.10187568
-0.08	4.2e-05	0.09039238
-0.08	4.4e-05	0.10664178
-0.08	4.6e-05	0.08886028
-0.08	4.8e-05	0.09948447
-0.08	5e-05	0.09325855
-0.08	5.2e-05	0.10044602
-0.08	5.4e-05	0.08582872
-0.08	5.6e-05	0.08688822
-0.08	5.8e-05	0.10313765
-0.08	6e-05	0.0885367
-0.08	6.2e-05	0.09635288
-0.08	6.4e-05	0.09182188
-0.08	6.6e-05	0.09061582
-0.08	6.8e-05	0.09747978
-0.08	7e-05	0.1008745
-0.08	7.2e-05	0.1092471
-0.08	7.4e-05	0.11085598
-0.08	7.6e-05	0.10164287
-0.08	7.8e-05	0.09675333
-0.08	8e-05	0.09734708
-0.08	8.2e-05	0.10248805
-0.08	8.4e-05	0.09940062
-0.08	8.6e-05	0.09529578
-0.08	8.8e-05	0.0873632
-0.08	9e-05	0.09657865
-0.08	9.2e-05	0.09822485
-0.08	9.4e-05	0.0819965
-0.08	9.6e-05	0.1108746
-0.08	9.8e-05	0.10040183
-0.08	0.0001	0.1026417
-0.08	0.000102	0.08084155
-0.08	0.000104	0.08490682
-0.08	0.000106	0.09549375
-0.08	0.000108	0.09395702
-0.08	0.00011	0.08893947
-0.08	0.000112	0.09343318
-0.08	0.000114	0.10348455
-0.08	0.000116	0.1090027
-0.08	0.000118	0.10387568
-0.08	0.00012	0.095219
-0.07	-0.00012	0.01956252
-0.07	-0.000118	0.10567783
-0.07	-0.000116	0.0974052
-0.07	-0.000114	0.09778948
-0.07	-0.000112	0.10270218
-0.07	-0.00011	0.09683945
-0.07	-0.000108	0.09104895
-0.07	-0.000106	0.0957731
-0.07	-0.000104	0.09063217
-0.07	-0.000102	0.08459252
-0.07	-0.0001	0.0990886
-0.07	-9.8e-05	0.08941908
-0.07	-9.6e-05	0.0927067
-0.07	-9.4e-05	0.09294188
-0.07	-9.2e-05	0.09814102
-0.07	-9e-05	0.09972653
-0.07	-8.8e-05	0.11317962
-0.07	-8.6e-05	0.09029688
-0.07	-8.4e-05	0.11326815
-0.07	-8.2e-05	0.09775907
-0.07	-8e-05	0.0975077
-0.07	-7.8e-05	0.09826905
-0.07	-7.6e-05	0.09124225
-0.07	-7.4e-05	0.09599655
-0.07	-7.2e-05	0.09333768
-0.07	-7e-05	0.10625293
-0.07	-6.8e-05	0.10513528
-0.07	-6.6e-05	0.09394068
-0.07	-6.4e-05	0.1045998
-0.07	-6.2e-05	0.09758682
-0.07	-6e-05	0.09861365
-0.07	-5.8e-05	0.09703975
-0.07	-5.6e-05	0.08868338
-0.07	-5.4e-05	0.09134455
-0.07	-5.2e-05	0.09710025
-0.07	-5e-05	0.10311895
-0.07	-4.8e-05	0.07923268
-0.07	-4.6e-05	0.0998058
-0.07	-4.4e-05	0.08925382
-0.07	-4.2e-05	0.0925739
-0.07	-4e-05	0.1021131
-0.07	-3.8e-05	0.11133788
-0.07	-3.6e-05	0.1007115
-0.07	-3.4e-05	0.09239005
-0.07	-3.2e-05	0.08473222
-0.07	-3e-05	0.09151228
-0.07	-2.8e-05	0.1053821
-0.07	-2.6e-05	0.10488148
-0.07	-2.4e-05	0.10134243
-0.07	-2.2e-05	0.093985
-0.07	-2e-05	0.10696075
-0.07	-1.8e-05	0.08492775
-0.07	-1.6e-05	0.09279053
-0.07	-1.4e-05	0.1077081
-0.07	-1.2e-05	0.097815
-0.07	-1e-05	0.09331672
-0.07	-8e-06	0.0996964
-0.07	-6e-06	0.11172217
-0.07	-4e-06	0.1010001
-0.07	-2e-06	0.10241353
-0.07	-0.0	0.0947463
-0.07	2e-06	0.10499098
-0.07	4e-06	0.10245072
-0.07	6e-06	0.1013774
-0.07	8e-06	0.09527015
-0.07	1e-05	0.10491175
-0.07	1.2e-05	0.10222258
-0.07	1.4e-05	0.09585225
-0.07	1.6e-05	0.09036203
-0.07	1.8e-05	0.09948448
-0.07	2e-05	0.09463918
-0.07	2.2e-05	0.10636233
-0.07	2.4e-05	0.09932613
-0.07	2.6e-05	0.09522592
-0.07	2.8e-05	0.10543795
-0.07	3e-05	0.09864857
-0.07	3.2e-05	0.11085828
-0.07	3.4e-05	0.10264165
-0.07	3.6e-05	0.09618515
-0.07	3.8e-05	0.10193625
-0.07	4e-05	0.09950315
-0.07	4.2e-05	0.10541008
-0.07	4.4e-05	0.09345407
-0.07	4.6e-05	0.09689765
-0.07	4.8e-05	0.0936008
-0.07	5e-05	0.10358465
-0.07	5.2e-05	0.09396632
-0.07	5.4e-05	0.10645788
-0.07	5.6e-05	0.10551488
-0.07	5.8e-05	0.0997359
-0.07	6e-05	0.0960991
-0.07	6.2e-05	0.08730725
-0.07	6.4e-05	0.0960758
-0.07	6.6e-05	0.09539588
-0.07	6.8e-05	0.10324932
-0.07	7e-05	0.09941925
-0.07	7.2e-05	0.10484668
-0.07	7.4e-05	0.09715618
-0.07	7.6e-05	0.09695823
-0.07	7.8e-05	0.0943808
-0.07	8e-05	0.09061122
-0.07	8.2e-05	0.10893745
-0.07	8.4e-05	0.0930187
-0.07	8.6e-05	0.1133217
-0.07	8.8e-05	0.0984344
-0.07	9e-05	0.08858088
-0.07	9.2e-05	0.09267648
-0.07	9.4e-05	0.09156342
-0.07	9.6e-05	0.11927055
-0.07	9.8e-05	0.10366842
-0.07	0.0001	0.10859983
-0.07	0.000102	0.09218282
-0.07	0.000104	0.0942923
-0.07	0.000106	0.1007162
-0.07	0.000108	0.10046
-0.07	0.00011	0.0891746
-0.07	0.000112	0.10022253
-0.07	0.000114	0.08944008
-0.07	0.000116	0.09781508
-0.07	0.000118	0.0939407
-0.07	0.00012	0.1044065
-0.06	-0.00012	0.1046859
-0.06	-0.000118	0.10404338
-0.06	-0.000116	0.10262532
-0.06	-0.000114	0.09728885
-0.06	-0.000112	0.11284202
-0.06	-0.00011	0.0894843
-0.06	-0.000108	0.1033215
-0.06	-0.000106	0.08543998
-0.06	-0.000104	0.09270433
-0.06	-0.000102	0.10898865
-0.06	-0.0001	0.08709538
-0.06	-9.8e-05	0.08513032
-0.06	-9.6e-05	0.08336315
-0.06	-9.4e-05	0.10176628
-0.06	-9.2e-05	0.09011298
-0.06	-9e-05	0.09911888
-0.06	-8.8e-05	0.1107698
-0.06	-8.6e-05	0.09756358
-0.06	-8.4e-05	0.09285335
-0.06	-8.2e-05	0.091517
-0.06	-8e-05	0.09865792
-0.06	-7.8e-05	0.10289075
-0.06	-7.6e-05	0.09793615
-0.06	-7.4e-05	0.0829579
-0.06	-7.2e-05	0.09277428
-0.06	-7e-05	0.0917474
-0.06	-6.8e-05	0.09391978
-0.06	-6.6e-05	0.08777068
-0.06	-6.4e-05	0.10632745
-0.06	-6.2e-05	0.09929828
-0.06	-6e-05	0.09301402
-0.06	-5.8e-05	0.094474
-0.06	-5.6e-05	0.09920973
-0.06	-5.4e-05	0.09170087
-0.06	-5.2e-05	0.10118872
-0.06	-5e-05	0.09835753
-0.06	-4.8e-05	0.09377305
-0.06	-4.6e-05	0.10928208
-0.06	-4.4e-05	0.10016895
-0.06	-4.2e-05	0.10674882
-0.06	-4e-05	0.1037848
-0.06	-3.8e-05	0.10414573
-0.06	-3.6e-05	0.10063702
-0.06	-3.4e-05	0.09937038
-0.06	-3.2e-05	0.10623425
-0.06	-3e-05	0.09760552
-0.06	-2.8e-05	0.10510272
-0.06	-2.6e-05	0.0873492
-0.06	-2.4e-05	0.08979398
-0.06	-2.2e-05	0.09873702
-0.06	-2e-05	0.1036242
-0.06	-1.8e-05	0.09537727
-0.06	-1.6e-05	0.11009238
-0.06	-1.4e-05	0.09603855
-0.06	-1.2e-05	0.09025025
-0.06	-1e-05	0.0984343
-0.06	-8e-06	0.08478808
-0.06	-6e-06	0.10357532
-0.06	-4e-06	0.098006
-0.06	-2e-06	0.0827368
-0.06	-0.0	0.0878242
-0.06	2e-06	0.09827605
-0.06	4e-06	0.079249
-0.06	6e-06	0.09311418
-0.06	8e-06	0.08615248
-0.06	1e-05	0.10052055
-0.06	1.2e-05	0.09600123
-0.06	1.4e-05	0.10015965
-0.06	1.6e-05	0.11135188
-0.06	1.8e-05	0.09894198
-0.06	2e-05	0.09396632
-0.06	2.2e-05	0.09346108
-0.06	2.4e-05	0.09897682
-0.06	2.6e-05	0.10225285
-0.06	2.8e-05	0.09502802
-0.06	3e-05	0.10764755
-0.06	3.2e-05	0.10316088
-0.06	3.4e-05	0.0971119
-0.06	3.6e-05	0.0785272
-0.06	3.8e-05	0.09798045
-0.06	4e-05	0.09414565
-0.06	4.2e-05	0.10412475
-0.06	4.4e-05	0.0968837
-0.06	4.6e-05	0.09714922
-0.06	4.8e-05	0.09129812
-0.06	5e-05	0.0959221
-0.06	5.2e-05	0.10444158
-0.06	5.4e-05	0.09152388
-0.06	5.6e-05	0.0943272
-0.06	5.8e-05	0.09648557
-0.06	6e-05	0.0890605
-0.06	6.2e-05	0.1127908
-0.06	6.4e-05	0.0801384
-0.06	6.6e-05	0.08642948
-0.06	6.8e-05	0.0950234
-0.06	7e-05	0.09915848
-0.06	7.2e-05	0.09882083
-0.06	7.4e-05	0.10151477
-0.06	7.6e-05	0.09092082
-0.06	7.8e-05	0.09651582
-0.06	8e-05	0.09203148
-0.06	8.2e-05	0.09580335
-0.06	8.4e-05	0.0909861
-0.06	8.6e-05	0.08861578
-0.06	8.8e-05	0.09376845
-0.06	9e-05	0.0894913
-0.06	9.2e-05	0.09087198
-0.06	9.4e-05	0.0873632
-0.06	9.6e-05	0.10102112
-0.06	9.8e-05	0.09940765
-0.06	0.0001	0.10206658
-0.06	0.000102	0.1086534
-0.06	0.000104	0.10516327
-0.06	0.000106	0.09202678
-0.06	0.000108	0.08654595
-0.06	0.00011	0.0944855
-0.06	0.000112	0.08721412
-0.06	0.000114	0.0920874
-0.06	0.000116	0.08651572
-0.06	0.000118	0.09556585
-0.06	0.00012	0.09079522
-0.05	-0.00012	0.0122912
-0.05	-0.000118	0.0961666
-0.05	-0.000116	0.10480002
-0.05	-0.000114	0.09004075
-0.05	-0.000112	0.0872957
-0.05	-0.00011	0.07316278
-0.05	-0.000108	0.09743775
-0.05	-0.000106	0.08473908
-0.05	-0.000104	0.09860208
-0.05	-0.000102	0.10402465
-0.05	-0.0001	0.09594307
-0.05	-9.8e-05	0.0978104
-0.05	-9.6e-05	0.08945868
-0.05	-9.4e-05	0.09816195
-0.05	-9.2e-05	0.09245523
-0.05	-9e-05	0.09351235
-0.05	-8.8e-05	0.10104675
-0.05	-8.6e-05	0.08431302
-0.05	-8.4e-05	0.0977219
-0.05	-8.2e-05	0.09640168
-0.05	-8e-05	0.09636222
-0.05	-7.8e-05	0.09992678
-0.05	-7.6e-05	0.08982198
-0.05	-7.4e-05	0.09951005
-0.05	-7.2e-05	0.09141675
-0.05	-7e-05	0.10785482
-0.05	-6.8e-05	0.0937498
-0.05	-6.6e-05	0.09262283
-0.05	-6.4e-05	0.09651818
-0.05	-6.2e-05	0.0918918
-0.05	-6e-05	0.08931433
-0.05	-5.8e-05	0.07943755
-0.05	-5.6e-05	0.0896985
-0.05	-5.4e-05	0.0827624
-0.05	-5.2e-05	0.09736338
-0.05	-5e-05	0.0984064
-0.05	-4.8e-05	0.0865437
-0.05	-4.6e-05	0.09278118
-0.05	-4.4e-05	0.10353338
-0.05	-4.2e-05	0.09384058
-0.05	-4e-05	0.1001876
-0.05	-3.8e-05	0.10805265
-0.05	-3.6e-05	0.09510715
-0.05	-3.4e-05	0.101126
-0.05	-3.2e-05	0.09955193
-0.05	-3e-05	0.09515843
-0.05	-2.8e-05	0.10562425
-0.05	-2.6e-05	0.10500725
-0.05	-2.4e-05	0.10648802
-0.05	-2.2e-05	0.09017803
-0.05	-2e-05	0.10833208
-0.05	-1.8e-05	0.0961922
-0.05	-1.6e-05	0.1033192
-0.05	-1.4e-05	0.09945882
-0.05	-1.2e-05	0.10013173
-0.05	-1e-05	0.10201768
-0.05	-8e-06	0.09018742
-0.05	-6e-06	0.09028988
-0.05	-4e-06	0.08581715
-0.05	-2e-06	0.0975077
-0.05	-0.0	0.08680208
-0.05	2e-06	0.08606168
-0.05	4e-06	0.10990602
-0.05	6e-06	0.102467
-0.05	8e-06	0.09627602
-0.05	1e-05	0.09199892
-0.05	1.2e-05	0.10104682
-0.05	1.4e-05	0.0921386
-0.05	1.6e-05	0.09098138
-0.05	1.8e-05	0.10531698
-0.05	2e-05	0.09650648
-0.05	2.2e-05	0.09695122
-0.05	2.4e-05	0.09419912
-0.05	2.6e-05	0.093205
-0.05	2.8e-05	0.09412692
-0.05	3e-05	0.10190825
-0.05	3.2e-05	0.10000602
-0.05	3.4e-05	0.09990122
-0.05	3.6e-05	0.1037709
-0.05	3.8e-05	0.08676012
-0.05	4e-05	0.0895029
-0.05	4.2e-05	0.09318398
-0.05	4.4e-05	0.10161715
-0.05	4.6e-05	0.10350078
-0.05	4.8e-05	0.09445295
-0.05	5e-05	0.09530512
-0.05	5.2e-05	0.09933543
-0.05	5.4e-05	0.08148188
-0.05	5.6e-05	0.09844598
-0.05	5.8e-05	0.08860405
-0.05	6e-05	0.10228305
-0.05	6.2e-05	0.1035706
-0.05	6.4e-05	0.09067872
-0.05	6.6e-05	0.0933284
-0.05	6.8e-05	0.10025983
-0.05	7e-05	0.1029001
-0.05	7.2e-05	0.10263695
-0.05	7.4e-05	0.10269052
-0.05	7.6e-05	0.10479532
-0.05	7.8e-05	0.09356118
-0.05	8e-05	0.08747027
-0.05	8.2e-05	0.09176603
-0.05	8.4e-05	0.08862513
-0.05	8.6e-05	0.09539588
-0.05	8.8e-05	0.09439005
-0.05	9e-05	0.09435975
-0.05	9.2e-05	0.10265795
-0.05	9.4e-05	0.09571955
-0.05	9.6e-05	0.10182908
-0.05	9.8e-05	0.08944695
-0.05	0.0001	0.0971328
-0.05	0.000102	0.09553568
-0.05	0.000104	0.0995427
-0.05	0.000106	0.0987161
-0.05	0.000108	0.10068118
-0.05	0.00011	0.10215735
-0.05	0.000112	0.10738212
-0.05	0.000114	0.10556605
-0.05	0.000116	0.08788245
-0.05	0.000118	0.09122358
-0.05	0.00012	0.1019688
-0.04	-0.00012	0.12677693
-0.04	-0.000118	0.08963332
-0.04	-0.000116	0.09934475
-0.04	-0.000114	0.0866973
-0.04	-0.000112	0.09336102
-0.04	-0.00011	0.09764275
-0.04	-0.000108	0.09718635
-0.04	-0.000106	0.09760552
-0.04	-0.000104	0.09682788
-0.04	-0.000102	0.0907975
-0.04	-0.0001	0.0974075
-0.04	-9.8e-05	0.09907703
-0.04	-9.6e-05	0.09368928
-0.04	-9.4e-05	0.09743085
-0.04	-9.2e-05	0.10135648
-0.04	-9e-05	0.09469738
-0.04	-8.8e-05	0.0787344
-0.04	-8.6e-05	0.11003868
-0.04	-8.4e-05	0.09940525
-0.04	-8.2e-05	0.08680212
-0.04	-8e-05	0.10230178
-0.04	-7.8e-05	0.0898056
-0.04	-7.6e-05	0.1098175
-0.04	-7.4e-05	0.0908533
-0.04	-7.2e-05	0.10971042
-0.04	-7e-05	0.09534232
-0.04	-6.8e-05	0.10251365
-0.04	-6.6e-05	0.095985
-0.04	-6.4e-05	0.10259505
-0.04	-6.2e-05	0.10588972
-0.04	-6e-05	0.09862298
-0.04	-5.8e-05	0.09844843
-0.04	-5.6e-05	0.10705158
-0.04	-5.4e-05	0.10449735
-0.04	-5.2e-05	0.11394573
-0.04	-5e-05	0.12474672
-0.04	-4.8e-05	0.1129119
-0.04	-4.6e-05	0.12023215
-0.04	-4.4e-05	0.12706108
-0.04	-4.2e-05	0.12386432
-0.04	-4e-05	0.12808087
-0.04	-3.8e-05	0.1297805
-0.04	-3.6e-05	0.15119398
-0.04	-3.4e-05	0.14664675
-0.04	-3.2e-05	0.15775983
-0.04	-3e-05	0.1438179
-0.04	-2.8e-05	0.13161525
-0.04	-2.6e-05	0.12067682
-0.04	-2.4e-05	0.10917263
-0.04	-2.2e-05	0.0929628
-0.04	-2e-05	0.0771628
-0.04	-1.8e-05	0.0469925
-0.04	-1.6e-05	0.0423079
-0.04	-1.4e-05	0.0242122
-0.04	-1.2e-05	0.01710848
-0.04	-1e-05	0.00872888
-0.04	-8e-06	0.02013532
-0.04	-6e-06	0.01522256
-0.04	-4e-06	0.01183251
-0.04	-2e-06	0.01313638
-0.04	-0.0	0.00708974
-0.04	2e-06	0.00017229
-0.04	4e-06	0.00864272
-0.04	6e-06	0.0057137
-0.04	8e-06	0.0128849
-0.04	1e-05	0.01637276
-0.04	1.2e-05	0.02049852
-0.04	1.4e-05	0.03743938
-0.04	1.6e-05	0.04392838
-0.04	1.8e-05	0.0618262
-0.04	2e-05	0.09133298
-0.04	2.2e-05	0.10838792
-0.04	2.4e-05	0.11592472
-0.04	2.6e-05	0.1243858
-0.04	2.8e-05	0.13292838
-0.04	3e-05	0.14727308
-0.04	3.2e-05	0.15011828
-0.04	3.4e-05	0.13587835
-0.04	3.6e-05	0.1337247
-0.04	3.8e-05	0.1246559
-0.04	4e-05	0.133578
-0.04	4.2e-05	0.11204568
-0.04	4.4e-05	0.11478615
-0.04	4.6e-05	0.10849042
-0.04	4.8e-05	0.1088723
-0.04	5e-05	0.10094438
-0.04	5.2e-05	0.105722
-0.04	5.4e-05	0.11137057
-0.04	5.6e-05	0.11031585
-0.04	5.8e-05	0.10783148
-0.04	6e-05	0.10171738
-0.04	6.2e-05	0.1054194
-0.04	6.4e-05	0.0914052
-0.04	6.6e-05	0.1006719
-0.04	6.8e-05	0.10414337
-0.04	7e-05	0.10028308
-0.04	7.2e-05	0.09881155
-0.04	7.4e-05	0.09483705
-0.04	7.6e-05	0.1075731
-0.04	7.8e-05	0.0960595
-0.04	8e-05	0.0847275
-0.04	8.2e-05	0.09155188
-0.04	8.4e-05	0.10393152
-0.04	8.6e-05	0.0973377
-0.04	8.8e-05	0.09531683
-0.04	9e-05	0.11368488
-0.04	9.2e-05	0.09815958
-0.04	9.4e-05	0.08583112
-0.04	9.6e-05	0.09395703
-0.04	9.8e-05	0.0896426
-0.04	0.0001	0.0991631
-0.04	0.000102	0.09476958
-0.04	0.000104	0.10051358
-0.04	0.000106	0.09748442
-0.04	0.000108	0.09333778
-0.04	0.00011	0.08639927
-0.04	0.000112	0.10427848
-0.04	0.000114	0.09688372
-0.04	0.000116	0.10468132
-0.04	0.000118	0.08689518
-0.04	0.00012	0.09182892
-0.03	-0.00012	0.15149455
-0.03	-0.000118	0.09073232
-0.03	-0.000116	0.08724208
-0.03	-0.000114	0.08810822
-0.03	-0.000112	0.0888696
-0.03	-0.00011	0.09056925
-0.03	-0.000108	0.08836438
-0.03	-0.000106	0.09777082
-0.03	-0.000104	0.09306292
-0.03	-0.000102	0.09026665
-0.03	-0.0001	0.08228045
-0.03	-9.8e-05	0.07901848
-0.03	-9.6e-05	0.08703485
-0.03	-9.4e-05	0.0921642
-0.03	-9.2e-05	0.0885832
-0.03	-9e-05	0.0804877
-0.03	-8.8e-05	0.08986148
-0.03	-8.6e-05	0.09691155
-0.03	-8.4e-05	0.09611772
-0.03	-8.2e-05	0.0970607
-0.03	-8e-05	0.10841592
-0.03	-7.8e-05	0.09585465
-0.03	-7.6e-05	0.08535615
-0.03	-7.4e-05	0.08008715
-0.03	-7.2e-05	0.08547715
-0.03	-7e-05	0.09418988
-0.03	-6.8e-05	0.10601775
-0.03	-6.6e-05	0.104814
-0.03	-6.4e-05	0.11632528
-0.03	-6.2e-05	0.09939128
-0.03	-6e-05	0.08034568
-0.03	-5.8e-05	0.08408958
-0.03	-5.6e-05	0.09550298
-0.03	-5.4e-05	0.08995
-0.03	-5.2e-05	0.11504922
-0.03	-5e-05	0.10059272
-0.03	-4.8e-05	0.10024122
-0.03	-4.6e-05	0.10679072
-0.03	-4.4e-05	0.12082588
-0.03	-4.2e-05	0.11987822
-0.03	-4e-05	0.13799713
-0.03	-3.8e-05	0.13251162
-0.03	-3.6e-05	0.13238128
-0.03	-3.4e-05	0.1521858
-0.03	-3.2e-05	0.14645587
-0.03	-3e-05	0.14796928
-0.03	-2.8e-05	0.13395748
-0.03	-2.6e-05	0.13593425
-0.03	-2.4e-05	0.11539853
-0.03	-2.2e-05	0.09162168
-0.03	-2e-05	0.07735608
-0.03	-1.8e-05	0.03453827
-0.03	-1.6e-05	0.02919945
-0.03	-1.4e-05	0.03052427
-0.03	-1.2e-05	0.01556249
-0.03	-1e-05	0.02432159
-0.03	-8e-06	0.00980922
-0.03	-6e-06	0.01882213
-0.03	-4e-06	0.00126892
-0.03	-2e-06	0.01029583
-0.03	-0.0	-0.00018626
-0.03	2e-06	0.00578121
-0.03	4e-06	-0.00457049
-0.03	6e-06	0.0065775
-0.03	8e-06	0.01692221
-0.03	1e-05	0.01244952
-0.03	1.2e-05	0.03395621
-0.03	1.4e-05	0.0338142
-0.03	1.6e-05	0.04070835
-0.03	1.8e-05	0.0623873
-0.03	2e-05	0.0777891
-0.03	2.2e-05	0.0970118
-0.03	2.4e-05	0.10024118
-0.03	2.6e-05	0.13091208
-0.03	2.8e-05	0.14525913
-0.03	3e-05	0.14000418
-0.03	3.2e-05	0.14693317
-0.03	3.4e-05	0.14555248
-0.03	3.6e-05	0.14158272
-0.03	3.8e-05	0.12819493
-0.03	4e-05	0.11134488
-0.03	4.2e-05	0.11531002
-0.03	4.4e-05	0.11209235
-0.03	4.6e-05	0.11213423
-0.03	4.8e-05	0.1000805
-0.03	5e-05	0.1005252
-0.03	5.2e-05	0.10376387
-0.03	5.4e-05	0.1016917
-0.03	5.6e-05	0.08913268
-0.03	5.8e-05	0.089582
-0.03	6e-05	0.09336798
-0.03	6.2e-05	0.09756823
-0.03	6.4e-05	0.09965902
-0.03	6.6e-05	0.10531925
-0.03	6.8e-05	0.08534452
-0.03	7e-05	0.0874959
-0.03	7.2e-05	0.091482
-0.03	7.4e-05	0.09564975
-0.03	7.6e-05	0.08538182
-0.03	7.8e-05	0.09120955
-0.03	8e-05	0.09501642
-0.03	8.2e-05	0.102169
-0.03	8.4e-05	0.08778225
-0.03	8.6e-05	0.10473488
-0.03	8.8e-05	0.0882247
-0.03	9e-05	0.10410848
-0.03	9.2e-05	0.1037988
-0.03	9.4e-05	0.10194082
-0.03	9.6e-05	0.0996102
-0.03	9.8e-05	0.08455985
-0.03	0.0001	0.09561713
-0.03	0.000102	0.09609678
-0.03	0.000104	0.10181047
-0.03	0.000106	0.08601038
-0.03	0.000108	0.08437588
-0.03	0.00011	0.08534457
-0.03	0.000112	0.0901246
-0.03	0.000114	0.08937488
-0.03	0.000116	0.10064398
-0.03	0.000118	0.09070202
-0.03	0.00012	0.08288115
-0.02	-0.00012	0.1610359
-0.02	-0.000118	0.09276955
-0.02	-0.000116	0.07965172
-0.02	-0.000114	0.09133765
-0.02	-0.000112	0.10019
-0.02	-0.00011	0.09299073
-0.02	-0.000108	0.09687673
-0.02	-0.000106	0.09726322
-0.02	-0.000104	0.08965428
-0.02	-0.000102	0.10969888
-0.02	-0.0001	0.1032284
-0.02	-9.8e-05	0.07665287
-0.02	-9.6e-05	0.09036208
-0.02	-9.4e-05	0.0958616
-0.02	-9.2e-05	0.08194045
-0.02	-9e-05	0.0825505
-0.02	-8.8e-05	0.09948678
-0.02	-8.6e-05	0.09724232
-0.02	-8.4e-05	0.09625735
-0.02	-8.2e-05	0.09824343
-0.02	-8e-05	0.10546357
-0.02	-7.8e-05	0.10214805
-0.02	-7.6e-05	0.10495138
-0.02	-7.4e-05	0.10045537
-0.02	-7.2e-05	0.10396178
-0.02	-7e-05	0.11688402
-0.02	-6.8e-05	0.11696088
-0.02	-6.6e-05	0.10345888
-0.02	-6.4e-05	0.11622048
-0.02	-6.2e-05	0.12331945
-0.02	-6e-05	0.1141227
-0.02	-5.8e-05	0.1325652
-0.02	-5.6e-05	0.13622528
-0.02	-5.4e-05	0.14969452
-0.02	-5.2e-05	0.15638145
-0.02	-5e-05	0.18100582
-0.02	-4.8e-05	0.1672221
-0.02	-4.6e-05	0.17637478
-0.02	-4.4e-05	0.17072152
-0.02	-4.2e-05	0.1559507
-0.02	-4e-05	0.1540485
-0.02	-3.8e-05	0.1292334
-0.02	-3.6e-05	0.11376175
-0.02	-3.4e-05	0.07638745
-0.02	-3.2e-05	0.05766543
-0.02	-3e-05	0.02831001
-0.02	-2.8e-05	0.02190015
-0.02	-2.6e-05	0.01249374
-0.02	-2.4e-05	0.01562771
-0.02	-2.2e-05	0.00972309
-0.02	-2e-05	0.01071259
-0.02	-1.8e-05	-0.00171599
-0.02	-1.6e-05	0.00363916
-0.02	-1.4e-05	0.00500356
-0.02	-1.2e-05	0.00778589
-0.02	-1e-05	0.00729464
-0.02	-8e-06	0.00579052
-0.02	-6e-06	0.00620031
-0.02	-4e-06	-0.00108268
-0.02	-2e-06	0.00605831
-0.02	-0.0	0.00297095
-0.02	2e-06	-0.00183469
-0.02	4e-06	-0.00292206
-0.02	6e-06	-0.00301283
-0.02	8e-06	0.00170899
-0.02	1e-05	-0.00257512
-0.02	1.2e-05	-2.561e-05
-0.02	1.4e-05	0.00475909
-0.02	1.6e-05	0.00713864
-0.02	1.8e-05	0.00148311
-0.02	2e-05	0.01281274
-0.02	2.2e-05	0.00469623
-0.02	2.4e-05	0.00659148
-0.02	2.6e-05	0.00906181
-0.02	2.8e-05	0.0113878
-0.02	3e-05	0.01941354
-0.02	3.2e-05	0.02318309
-0.02	3.4e-05	0.02905278
-0.02	3.6e-05	0.04524158
-0.02	3.8e-05	0.0736587
-0.02	4e-05	0.1112192
-0.02	4.2e-05	0.1419506
-0.02	4.4e-05	0.17608138
-0.02	4.6e-05	0.18541098
-0.02	4.8e-05	0.21991925
-0.02	5e-05	0.22204965
-0.02	5.2e-05	0.21512053
-0.02	5.4e-05	0.1972157
-0.02	5.6e-05	0.16882625
-0.02	5.8e-05	0.15416025
-0.02	6e-05	0.1344604
-0.02	6.2e-05	0.1235453
-0.02	6.4e-05	0.12006915
-0.02	6.6e-05	0.11255103
-0.02	6.8e-05	0.11154752
-0.02	7e-05	0.11817158
-0.02	7.2e-05	0.1076033
-0.02	7.4e-05	0.09620618
-0.02	7.6e-05	0.10692115
-0.02	7.8e-05	0.10314458
-0.02	8e-05	0.10685597
-0.02	8.2e-05	0.0962085
-0.02	8.4e-05	0.09475798
-0.02	8.6e-05	0.09502102
-0.02	8.8e-05	0.09550765
-0.02	9e-05	0.0908417
-0.02	9.2e-05	0.10539382
-0.02	9.4e-05	0.10614345
-0.02	9.6e-05	0.09913987
-0.02	9.8e-05	0.10022725
-0.02	0.0001	0.09543312
-0.02	0.000102	0.096956
-0.02	0.000104	0.09167522
-0.02	0.000106	0.09723295
-0.02	0.000108	0.08979868
-0.02	0.00011	0.09012228
-0.02	0.000112	0.09417585
-0.02	0.000114	0.0936427
-0.02	0.000116	0.09262522
-0.02	0.000118	0.09229692
-0.02	0.00012	0.0929279
-0.01	-0.00012	-0.01854042
-0.01	-0.000118	-0.00717124
-0.01	-0.000116	0.0011432
-0.01	-0.000114	0.00325035
-0.01	-0.000112	0.00427945
-0.01	-0.00011	-0.01091286
-0.01	-0.000108	0.00578587
-0.01	-0.000106	-0.00234695
-0.01	-0.000104	0.00045867
-0.01	-0.000102	0.00042841
-0.01	-0.0001	0.00189525
-0.01	-9.8e-05	-0.00046101
-0.01	-9.6e-05	-0.01107581
-0.01	-9.4e-05	-0.00736448
-0.01	-9.2e-05	-0.00383707
-0.01	-9e-05	0.00444709
-0.01	-8.8e-05	0.00128755
-0.01	-8.6e-05	-0.01079408
-0.01	-8.4e-05	-0.0088546
-0.01	-8.2e-05	-0.00905948
-0.01	-8e-05	-0.00534582
-0.01	-7.8e-05	0.00418633
-0.01	-7.6e-05	0.00147848
-0.01	-7.4e-05	-0.00750652
-0.01	-7.2e-05	-0.00926905
-0.01	-7e-05	-0.01295477
-0.01	-6.8e-05	0.00189993
-0.01	-6.6e-05	-0.01358806
-0.01	-6.4e-05	-0.01122017
-0.01	-6.2e-05	0.00517119
-0.01	-6e-05	0.01493851
-0.01	-5.8e-05	-0.00947626
-0.01	-5.6e-05	-0.00183472
-0.01	-5.4e-05	-0.00217465
-0.01	-5.2e-05	-0.01756018
-0.01	-5e-05	0.0014319
-0.01	-4.8e-05	-0.02609581
-0.01	-4.6e-05	-0.00060537
-0.01	-4.4e-05	-0.00619799
-0.01	-4.2e-05	0.00364383
-0.01	-4e-05	-0.00540868
-0.01	-3.8e-05	0.00342497
-0.01	-3.6e-05	0.01299198
-0.01	-3.4e-05	-0.00800944
-0.01	-3.2e-05	-0.00863341
-0.01	-3e-05	-0.00696166
-0.01	-2.8e-05	-0.00388598
-0.01	-2.6e-05	-0.00790929
-0.01	-2.4e-05	0.00179747
-0.01	-2.2e-05	0.0051875
-0.01	-2e-05	9.778e-05
-0.01	-1.8e-05	-0.00395349
-0.01	-1.6e-05	-0.01540183
-0.01	-1.4e-05	0.00280795
-0.01	-1.2e-05	-0.00081024
-0.01	-1e-05	-0.00524338
-0.01	-8e-06	0.00022585
-0.01	-6e-06	0.01369053
-0.01	-4e-06	-0.00888253
-0.01	-2e-06	1.629e-05
-0.01	-0.0	0.0040699
-0.01	2e-06	-0.00436793
-0.01	4e-06	-0.01236803
-0.01	6e-06	-0.00200235
-0.01	8e-06	-0.00189992
-0.01	1e-05	-0.00576956
-0.01	1.2e-05	-0.00179048
-0.01	1.4e-05	-0.00081956
-0.01	1.6e-05	0.01310145
-0.01	1.8e-05	0.00404662
-0.01	2e-05	0.00860546
-0.01	2.2e-05	-0.00264263
-0.01	2.4e-05	0.00375091
-0.01	2.6e-05	0.00112923
-0.01	2.8e-05	0.0095787
-0.01	3e-05	0.00699659
-0.01	3.2e-05	0.00470088
-0.01	3.4e-05	0.00309665
-0.01	3.6e-05	0.00692909
-0.01	3.8e-05	0.00188827
-0.01	4e-05	-0.00417234
-0.01	4.2e-05	0.00356466
-0.01	4.4e-05	-0.00235393
-0.01	4.6e-05	-0.01291984
-0.01	4.8e-05	0.00150641
-0.01	5e-05	-0.01842865
-0.01	5.2e-05	0.00553442
-0.01	5.4e-05	-0.00481961
-0.01	5.6e-05	0.01227259
-0.01	5.8e-05	-0.00108034
-0.01	6e-05	-0.00091734
-0.01	6.2e-05	-0.00270086
-0.01	6.4e-05	-0.00911073
-0.01	6.6e-05	-0.00020024
-0.01	6.8e-05	-0.00551348
-0.01	7e-05	-0.00564384
-0.01	7.2e-05	-0.00175788
-0.01	7.4e-05	-0.01912713
-0.01	7.6e-05	-0.00234693
-0.01	7.8e-05	-0.00516191
-0.01	8e-05	-0.00328991
-0.01	8.2e-05	-0.00879173
-0.01	8.4e-05	-0.00226545
-0.01	8.6e-05	-0.00616772
-0.01	8.8e-05	-0.00243543
-0.01	9e-05	0.00854493
-0.01	9.2e-05	-0.00426317
-0.01	9.4e-05	-0.01046113
-0.01	9.6e-05	0.00947159
-0.01	9.8e-05	-0.00467761
-0.01	0.0001	-0.00543896
-0.01	0.000102	-0.01248444
-0.01	0.000104	0.00334114
-0.01	0.000106	-0.00049361
-0.01	0.000108	0.00256347
-0.01	0.00011	0.00236324
-0.01	0.000112	-0.01150653
-0.01	0.000114	-0.00144822
-0.01	0.000116	0.00670323
-0.01	0.000118	0.0030408
-0.01	0.00012	-0.0064052
-0.0	-0.00012	0.0233833
-0.0	-0.000118	0.0885064
-0.0	-0.000116	0.10294205
-0.0	-0.000114	0.09284638
-0.0	-0.000112	0.10889555
-0.0	-0.00011	0.1095568
-0.0	-0.000108	0.11330072
-0.0	-0.000106	0.1140738
-0.0	-0.000104	0.10376625
-0.0	-0.000102	0.10981995
-0.0	-0.0001	0.11508655
-0.0	-9.8e-05	0.12028335
-0.0	-9.6e-05	0.1209679
-0.0	-9.4e-05	0.12260932
-0.0	-9.2e-05	0.12198528
-0.0	-9e-05	0.14063745
-0.0	-8.8e-05	0.13608557
-0.0	-8.6e-05	0.14181785
-0.0	-8.4e-05	0.1557388
-0.0	-8.2e-05	0.16214862
-0.0	-8e-05	0.1873552
-0.0	-7.8e-05	0.22323488
-0.0	-7.6e-05	0.26323978
-0.0	-7.4e-05	0.29683038
-0.0	-7.2e-05	0.299212
-0.0	-7e-05	0.3118435
-0.0	-6.8e-05	0.28086475
-0.0	-6.6e-05	0.2448996
-0.0	-6.4e-05	0.20936725
-0.0	-6.2e-05	0.13841152
-0.0	-6e-05	0.10329828
-0.0	-5.8e-05	0.06040133
-0.0	-5.6e-05	0.0287012
-0.0	-5.4e-05	0.02376284
-0.0	-5.2e-05	0.02377916
-0.0	-5e-05	0.0224706
-0.0	-4.8e-05	0.01895719
-0.0	-4.6e-05	0.00892212
-0.0	-4.4e-05	0.01093379
-0.0	-4.2e-05	0.00565084
-0.0	-4e-05	0.01346466
-0.0	-3.8e-05	0.0112318
-0.0	-3.6e-05	-0.0119047
-0.0	-3.4e-05	0.0118046
-0.0	-3.2e-05	-0.01129933
-0.0	-3e-05	0.01069398
-0.0	-2.8e-05	0.00905019
-0.0	-2.6e-05	0.00303612
-0.0	-2.4e-05	0.01468005
-0.0	-2.2e-05	0.00181377
-0.0	-2e-05	0.0068825
-0.0	-1.8e-05	0.0071619
-0.0	-1.6e-05	0.00273812
-0.0	-1.4e-05	-0.0072015
-0.0	-1.2e-05	-0.00084985
-0.0	-1e-05	-0.00583941
-0.0	-8e-06	0.01122949
-0.0	-6e-06	-0.00231435
-0.0	-4e-06	-0.00522942
-0.0	-2e-06	-0.0023679
-0.0	-0.0	0.0005169
-0.0	2e-06	-0.00135741
-0.0	4e-06	0.00325267
-0.0	6e-06	-0.0015623
-0.0	8e-06	0.00095926
-0.0	1e-05	0.00834469
-0.0	1.2e-05	-0.01164623
-0.0	1.4e-05	-0.01032838
-0.0	1.6e-05	-7.45e-05
-0.0	1.8e-05	0.00538075
-0.0	2e-05	0.00256814
-0.0	2.2e-05	0.0021048
-0.0	2.4e-05	0.0096672
-0.0	2.6e-05	-0.00455419
-0.0	2.8e-05	-0.00022353
-0.0	3e-05	0.00327129
-0.0	3.2e-05	0.00154368
-0.0	3.4e-05	-0.00627249
-0.0	3.6e-05	-0.00319445
-0.0	3.8e-05	-0.00994192
-0.0	4e-05	0.00792325
-0.0	4.2e-05	0.01018173
-0.0	4.4e-05	0.00674048
-0.0	4.6e-05	0.00151806
-0.0	4.8e-05	0.00172529
-0.0	5e-05	0.00581614
-0.0	5.2e-05	0.00287085
-0.0	5.4e-05	0.01253101
-0.0	5.6e-05	0.00827717
-0.0	5.8e-05	-0.00029569
-0.0	6e-05	0.00555071
-0.0	6.2e-05	0.01200713
-0.0	6.4e-05	0.01814462
-0.0	6.6e-05	0.0423335
-0.0	6.8e-05	0.10548222
-0.0	7e-05	0.1852411
-0.0	7.2e-05	0.2627948
-0.0	7.4e-05	0.351103
-0.0	7.6e-05	0.4230605
-0.0	7.8e-05	0.4360175
-0.0	8e-05	0.39591
-0.0	8.2e-05	0.33744975
-0.0	8.4e-05	0.26443905
-0.0	8.6e-05	0.21468515
-0.0	8.8e-05	0.1763934
-0.0	9e-05	0.15023937
-0.0	9.2e-05	0.12674908
-0.0	9.4e-05	0.12795975
-0.0	9.6e-05	0.11950098
-0.0	9.8e-05	0.1242811
-0.0	0.0001	0.12203422
-0.0	0.000102	0.12005745
-0.0	0.000104	0.11975018
-0.0	0.000106	0.10215978
-0.0	0.000108	0.1100434
-0.0	0.00011	0.09901185
-0.0	0.000112	0.1065603
-0.0	0.000114	0.11070928
-0.0	0.000116	0.10614115
-0.0	0.000118	0.1050585
-0.0	0.00012	0.10215503
0.01	-0.00012	-0.00023048
0.01	-0.000118	0.0897381
0.01	-0.000116	0.09471368
0.01	-0.000114	0.09719108
0.01	-0.000112	0.1047627
0.01	-0.00011	0.08736315
0.01	-0.000108	0.0916939
0.01	-0.000106	0.09995942
0.01	-0.000104	0.10165913
0.01	-0.000102	0.09678363
0.01	-0.0001	0.09226195
0.01	-9.8e-05	0.09161942
0.01	-9.6e-05	0.0934448
0.01	-9.4e-05	0.08402438
0.01	-9.2e-05	0.10598055
0.01	-9e-05	0.10287452
0.01	-8.8e-05	0.09183585
0.01	-8.6e-05	0.1149911
0.01	-8.4e-05	0.10893753
0.01	-8.2e-05	0.09976622
0.01	-8e-05	0.09432022
0.01	-7.8e-05	0.10420855
0.01	-7.6e-05	0.08932125
0.01	-7.4e-05	0.0947789
0.01	-7.2e-05	0.09857872
0.01	-7e-05	0.0958266
0.01	-6.8e-05	0.09209902
0.01	-6.6e-05	0.0807694
0.01	-6.4e-05	0.10591528
0.01	-6.2e-05	0.10068585
0.01	-6e-05	0.09611768
0.01	-5.8e-05	0.10189895
0.01	-5.6e-05	0.09630862
0.01	-5.4e-05	0.10747522
0.01	-5.2e-05	0.10211782
0.01	-5e-05	0.09368922
0.01	-4.8e-05	0.1167047
0.01	-4.6e-05	0.11488165
0.01	-4.4e-05	0.11871403
0.01	-4.2e-05	0.11920305
0.01	-4e-05	0.1345908
0.01	-3.8e-05	0.14490755
0.01	-3.6e-05	0.14619972
0.01	-3.4e-05	0.15594602
0.01	-3.2e-05	0.15841175
0.01	-3e-05	0.16640008
0.01	-2.8e-05	0.14316598
0.01	-2.6e-05	0.1303603
0.01	-2.4e-05	0.12561285
0.01	-2.2e-05	0.10012708
0.01	-2e-05	0.075831
0.01	-1.8e-05	0.06963535
0.01	-1.6e-05	0.04864795
0.01	-1.4e-05	0.03376995
0.01	-1.2e-05	0.03555114
0.01	-1e-05	0.01568356
0.01	-8e-06	0.00518752
0.01	-6e-06	0.01175102
0.01	-4e-06	0.01164393
0.01	-2e-06	0.01315267
0.01	-0.0	0.01288958
0.01	2e-06	0.01276152
0.01	4e-06	0.00674048
0.01	6e-06	0.01506656
0.01	8e-06	0.02213999
0.01	1e-05	0.0250504
0.01	1.2e-05	0.03373498
0.01	1.4e-05	0.04670372
0.01	1.6e-05	0.07358418
0.01	1.8e-05	0.0856682
0.01	2e-05	0.10071148
0.01	2.2e-05	0.11563843
0.01	2.4e-05	0.14202978
0.01	2.6e-05	0.13762228
0.01	2.8e-05	0.15742927
0.01	3e-05	0.15969462
0.01	3.2e-05	0.14912415
0.01	3.4e-05	0.1456852
0.01	3.6e-05	0.12225775
0.01	3.8e-05	0.13224852
0.01	4e-05	0.10997355
0.01	4.2e-05	0.12204815
0.01	4.4e-05	0.1218596
0.01	4.6e-05	0.12238585
0.01	4.8e-05	0.10810392
0.01	5e-05	0.10567308
0.01	5.2e-05	0.11358018
0.01	5.4e-05	0.10214805
0.01	5.6e-05	0.1053565
0.01	5.8e-05	0.10467428
0.01	6e-05	0.11420418
0.01	6.2e-05	0.10602478
0.01	6.4e-05	0.09801528
0.01	6.6e-05	0.10452767
0.01	6.8e-05	0.11210392
0.01	7e-05	0.10076272
0.01	7.2e-05	0.09672772
0.01	7.4e-05	0.09022938
0.01	7.6e-05	0.09045055
0.01	7.8e-05	0.0946299
0.01	8e-05	0.08501382
0.01	8.2e-05	0.09483718
0.01	8.4e-05	0.10493278
0.01	8.6e-05	0.094425
0.01	8.8e-05	0.1032912
0.01	9e-05	0.09949148
0.01	9.2e-05	0.09062045
0.01	9.4e-05	0.1106814
0.01	9.6e-05	0.0918568
0.01	9.8e-05	0.10315155
0.01	0.0001	0.0984553
0.01	0.000102	0.1016498
0.01	0.000104	0.09354948
0.01	0.000106	0.09753098
0.01	0.000108	0.09771263
0.01	0.00011	0.09162868
0.01	0.000112	0.1017848
0.01	0.000114	0.09747515
0.01	0.000116	0.0908999
0.01	0.000118	0.09292785
0.01	0.00012	0.09797103
0.02	-0.00012	0.17635168
0.02	-0.000118	0.09482785
0.02	-0.000116	0.08936558
0.02	-0.000114	0.09313968
0.02	-0.000112	0.0894145
0.02	-0.00011	0.10519358
0.02	-0.000108	0.10366378
0.02	-0.000106	0.1098478
0.02	-0.000104	0.09585225
0.02	-0.000102	0.10116785
0.02	-0.0001	0.09491165
0.02	-9.8e-05	0.09075085
0.02	-9.6e-05	0.10792463
0.02	-9.4e-05	0.1075079
0.02	-9.2e-05	0.1051912
0.02	-9e-05	0.10531457
0.02	-8.8e-05	0.10849038
0.02	-8.6e-05	0.1038361
0.02	-8.4e-05	0.09909092
0.02	-8.2e-05	0.10130063
0.02	-8e-05	0.10030405
0.02	-7.8e-05	0.09558455
0.02	-7.6e-05	0.1034286
0.02	-7.4e-05	0.10807135
0.02	-7.2e-05	0.11767568
0.02	-7e-05	0.10756838
0.02	-6.8e-05	0.10288385
0.02	-6.6e-05	0.09563575
0.02	-6.4e-05	0.1056033
0.02	-6.2e-05	0.09745422
0.02	-6e-05	0.1001527
0.02	-5.8e-05	0.09479525
0.02	-5.6e-05	0.098772
0.02	-5.4e-05	0.11337288
0.02	-5.2e-05	0.10320045
0.02	-5e-05	0.10645088
0.02	-4.8e-05	0.09352622
0.02	-4.6e-05	0.10048333
0.02	-4.4e-05	0.10851375
0.02	-4.2e-05	0.12042532
0.02	-4e-05	0.10780585
0.02	-3.8e-05	0.11231115
0.02	-3.6e-05	0.10881872
0.02	-3.4e-05	0.11458362
0.02	-3.2e-05	0.11423673
0.02	-3e-05	0.12729858
0.02	-2.8e-05	0.13704948
0.02	-2.6e-05	0.13582708
0.02	-2.4e-05	0.13411578
0.02	-2.2e-05	0.14312175
0.02	-2e-05	0.11537755
0.02	-1.8e-05	0.11441368
0.02	-1.6e-05	0.08737488
0.02	-1.4e-05	0.0796099
0.02	-1.2e-05	0.07520005
0.02	-1e-05	0.04590055
0.02	-8e-06	0.04791913
0.02	-6e-06	0.02688741
0.02	-4e-06	0.00384173
0.02	-2e-06	0.02010504
0.02	-0.0	0.0050059
0.02	2e-06	0.02446367
0.02	4e-06	0.02731116
0.02	6e-06	0.04002844
0.02	8e-06	0.05247333
0.02	1e-05	0.0533814
0.02	1.2e-05	0.08262505
0.02	1.4e-05	0.08931195
0.02	1.6e-05	0.09387552
0.02	1.8e-05	0.12936845
0.02	2e-05	0.1234638
0.02	2.2e-05	0.13607628
0.02	2.4e-05	0.13130785
0.02	2.6e-05	0.12317043
0.02	2.8e-05	0.1218736
0.02	3e-05	0.12861178
0.02	3.2e-05	0.11163368
0.02	3.4e-05	0.11872105
0.02	3.6e-05	0.11904235
0.02	3.8e-05	0.10331218
0.02	4e-05	0.113636
0.02	4.2e-05	0.10374535
0.02	4.4e-05	0.10769417
0.02	4.6e-05	0.11770358
0.02	4.8e-05	0.09722138
0.02	5e-05	0.09730745
0.02	5.2e-05	0.10086052
0.02	5.4e-05	0.09329578
0.02	5.6e-05	0.0940548
0.02	5.8e-05	0.09567298
0.02	6e-05	0.1051353
0.02	6.2e-05	0.1010956
0.02	6.4e-05	0.10139598
0.02	6.6e-05	0.10900498
0.02	6.8e-05	0.1014938
0.02	7e-05	0.09725625
0.02	7.2e-05	0.10577325
0.02	7.4e-05	0.0967649
0.02	7.6e-05	0.10370335
0.02	7.8e-05	0.09901423
0.02	8e-05	0.09070202
0.02	8.2e-05	0.09931222
0.02	8.4e-05	0.10017358
0.02	8.6e-05	0.1024554
0.02	8.8e-05	0.09496982
0.02	9e-05	0.10655085
0.02	9.2e-05	0.10133315
0.02	9.4e-05	0.11310055
0.02	9.6e-05	0.10187795
0.02	9.8e-05	0.09583125
0.02	0.0001	0.0929348
0.02	0.000102	0.1041877
0.02	0.000104	0.09356352
0.02	0.000106	0.09615728
0.02	0.000108	0.10475115
0.02	0.00011	0.09635755
0.02	0.000112	0.094432
0.02	0.000114	0.09523292
0.02	0.000116	0.10573375
0.02	0.000118	0.10442525
0.02	0.00012	0.10734023
0.03	-0.00012	0.00528515
0.03	-0.000118	0.11324955
0.03	-0.000116	0.09647635
0.03	-0.000114	0.10110735
0.03	-0.000112	0.09316303
0.03	-0.00011	0.09375678
0.03	-0.000108	0.09417822
0.03	-0.000106	0.09002682
0.03	-0.000104	0.09610842
0.03	-0.000102	0.1154078
0.03	-0.0001	0.09827838
0.03	-9.8e-05	0.10022723
0.03	-9.6e-05	0.10701888
0.03	-9.4e-05	0.09958452
0.03	-9.2e-05	0.11035303
0.03	-9e-05	0.09761715
0.03	-8.8e-05	0.09065772
0.03	-8.6e-05	0.10976625
0.03	-8.4e-05	0.10093272
0.03	-8.2e-05	0.0951654
0.03	-8e-05	0.10271618
0.03	-7.8e-05	0.10377323
0.03	-7.6e-05	0.10486755
0.03	-7.4e-05	0.1042389
0.03	-7.2e-05	0.10395013
0.03	-7e-05	0.0901036
0.03	-6.8e-05	0.09094647
0.03	-6.6e-05	0.10897938
0.03	-6.4e-05	0.09674628
0.03	-6.2e-05	0.0982737
0.03	-6e-05	0.105736
0.03	-5.8e-05	0.10818772
0.03	-5.6e-05	0.08063667
0.03	-5.4e-05	0.09480685
0.03	-5.2e-05	0.11551963
0.03	-5e-05	0.11061385
0.03	-4.8e-05	0.1046161
0.03	-4.6e-05	0.0957871
0.03	-4.4e-05	0.09682088
0.03	-4.2e-05	0.10025985
0.03	-4e-05	0.10711437
0.03	-3.8e-05	0.09690228
0.03	-3.6e-05	0.1095079
0.03	-3.4e-05	0.09907935
0.03	-3.2e-05	0.09500702
0.03	-3e-05	0.10338908
0.03	-2.8e-05	0.11097945
0.03	-2.6e-05	0.08618505
0.03	-2.4e-05	0.0972772
0.03	-2.2e-05	0.10663475
0.03	-2e-05	0.1123717
0.03	-1.8e-05	0.11011788
0.03	-1.6e-05	0.10045308
0.03	-1.4e-05	0.0993913
0.03	-1.2e-05	0.10266733
0.03	-1e-05	0.09174752
0.03	-8e-06	0.0853492
0.03	-6e-06	0.09124452
0.03	-4e-06	0.08437128
0.03	-2e-06	0.08354938
0.03	-0.0	0.07222673
0.03	2e-06	0.08393355
0.03	4e-06	0.09634122
0.03	6e-06	0.08721885
0.03	8e-06	0.0879104
0.03	1e-05	0.1065696
0.03	1.2e-05	0.0938313
0.03	1.4e-05	0.10677915
0.03	1.6e-05	0.09301405
0.03	1.8e-05	0.11235075
0.03	2e-05	0.09526783
0.03	2.2e-05	0.10727035
0.03	2.4e-05	0.10256483
0.03	2.6e-05	0.10412715
0.03	2.8e-05	0.09236675
0.03	3e-05	0.10284893
0.03	3.2e-05	0.09385457
0.03	3.4e-05	0.10126092
0.03	3.6e-05	0.1092564
0.03	3.8e-05	0.09669978
0.03	4e-05	0.09913985
0.03	4.2e-05	0.09682772
0.03	4.4e-05	0.09413392
0.03	4.6e-05	0.10207818
0.03	4.8e-05	0.08457392
0.03	5e-05	0.10647638
0.03	5.2e-05	0.1139876
0.03	5.4e-05	0.0954658
0.03	5.6e-05	0.0940385
0.03	5.8e-05	0.100488
0.03	6e-05	0.10870698
0.03	6.2e-05	0.0987464
0.03	6.4e-05	0.1079618
0.03	6.6e-05	0.10050188
0.03	6.8e-05	0.1014286
0.03	7e-05	0.1152914
0.03	7.2e-05	0.0943179
0.03	7.4e-05	0.10582445
0.03	7.6e-05	0.096127
0.03	7.8e-05	0.09307925
0.03	8e-05	0.0961736
0.03	8.2e-05	0.09368922
0.03	8.4e-05	0.09797795
0.03	8.6e-05	0.10245775
0.03	8.8e-05	0.1016265
0.03	9e-05	0.0967114
0.03	9.2e-05	0.1019827
0.03	9.4e-05	0.0955799
0.03	9.6e-05	0.09900245
0.03	9.8e-05	0.09064848
0.03	0.0001	0.0997219
0.03	0.000102	0.10767315
0.03	0.000104	0.10308402
0.03	0.000106	0.10024582
0.03	0.000108	0.10011073
0.03	0.00011	0.11648815
0.03	0.000112	0.10354503
0.03	0.000114	0.08410822
0.03	0.000116	0.09973833
0.03	0.000118	0.09419217
0.03	0.00012	0.09107685
0.04	-0.00012	0.13692858
0.04	-0.000118	0.10128893
0.04	-0.000116	0.09481377
0.04	-0.000114	0.11384088
0.04	-0.000112	0.09917245
0.04	-0.00011	0.1014309
0.04	-0.000108	0.0898405
0.04	-0.000106	0.10598275
0.04	-0.000104	0.09785698
0.04	-0.000102	0.11199455
0.04	-0.0001	0.1021388
0.04	-9.8e-05	0.1052121
0.04	-9.6e-05	0.09348905
0.04	-9.4e-05	0.09711193
0.04	-9.2e-05	0.09857885
0.04	-9e-05	0.09807117
0.04	-8.8e-05	0.1107163
0.04	-8.6e-05	0.10730065
0.04	-8.4e-05	0.10714
0.04	-8.2e-05	0.10377562
0.04	-8e-05	0.09375208
0.04	-7.8e-05	0.09896052
0.04	-7.6e-05	0.1073379
0.04	-7.4e-05	0.10749392
0.04	-7.2e-05	0.11163835
0.04	-7e-05	0.10392695
0.04	-6.8e-05	0.0930303
0.04	-6.6e-05	0.09758452
0.04	-6.4e-05	0.10490945
0.04	-6.2e-05	0.09603622
0.04	-6e-05	0.10137735
0.04	-5.8e-05	0.09975682
0.04	-5.6e-05	0.10235993
0.04	-5.4e-05	0.10952422
0.04	-5.2e-05	0.10655558
0.04	-5e-05	0.10957315
0.04	-4.8e-05	0.09800825
0.04	-4.6e-05	0.10106775
0.04	-4.4e-05	0.09569865
0.04	-4.2e-05	0.1005555
0.04	-4e-05	0.0961271
0.04	-3.8e-05	0.10084412
0.04	-3.6e-05	0.1077663
0.04	-3.4e-05	0.10107468
0.04	-3.2e-05	0.10828785
0.04	-3e-05	0.08658552
0.04	-2.8e-05	0.10914243
0.04	-2.6e-05	0.08520718
0.04	-2.4e-05	0.09902113
0.04	-2.2e-05	0.09617125
0.04	-2e-05	0.09576142
0.04	-1.8e-05	0.1166256
0.04	-1.6e-05	0.10266722
0.04	-1.4e-05	0.09942865
0.04	-1.2e-05	0.09483475
0.04	-1e-05	0.10626215
0.04	-8e-06	0.10118653
0.04	-6e-06	0.0965996
0.04	-4e-06	0.08958213
0.04	-2e-06	0.10016892
0.04	-0.0	0.0976172
0.04	2e-06	0.1007301
0.04	4e-06	0.0990048
0.04	6e-06	0.09982212
0.04	8e-06	0.09885575
0.04	1e-05	0.09983135
0.04	1.2e-05	0.1200645
0.04	1.4e-05	0.10712838
0.04	1.6e-05	0.09135162
0.04	1.8e-05	0.10332845
0.04	2e-05	0.09317475
0.04	2.2e-05	0.11109348
0.04	2.4e-05	0.1129398
0.04	2.6e-05	0.0978662
0.04	2.8e-05	0.107778
0.04	3e-05	0.09491398
0.04	3.2e-05	0.09658335
0.04	3.4e-05	0.09835518
0.04	3.6e-05	0.0983459
0.04	3.8e-05	0.09284637
0.04	4e-05	0.09278128
0.04	4.2e-05	0.10522605
0.04	4.4e-05	0.10880478
0.04	4.6e-05	0.09623418
0.04	4.8e-05	0.1089771
0.04	5e-05	0.1047954
0.04	5.2e-05	0.10370105
0.04	5.4e-05	0.10107242
0.04	5.6e-05	0.1061854
0.04	5.8e-05	0.09317938
0.04	6e-05	0.09966837
0.04	6.2e-05	0.10310035
0.04	6.4e-05	0.10381752
0.04	6.6e-05	0.09784068
0.04	6.8e-05	0.09973127
0.04	7e-05	0.09790587
0.04	7.2e-05	0.10154968
0.04	7.4e-05	0.0966858
0.04	7.6e-05	0.10954972
0.04	7.8e-05	0.10701888
0.04	8e-05	0.10471625
0.04	8.2e-05	0.07823382
0.04	8.4e-05	0.09658573
0.04	8.6e-05	0.108991
0.04	8.8e-05	0.10308635
0.04	9e-05	0.0923342
0.04	9.2e-05	0.10421558
0.04	9.4e-05	0.09931918
0.04	9.6e-05	0.0925414
0.04	9.8e-05	0.0922922
0.04	0.0001	0.0929069
0.04	0.000102	0.10240882
0.04	0.000104	0.09183585
0.04	0.000106	0.10683267
0.04	0.000108	0.09265778
0.04	0.00011	0.10347048
0.04	0.000112	0.0935844
0.04	0.000114	0.10316325
0.04	0.000116	0.1030608
0.04	0.000118	0.1101738
0.04	0.00012	0.08778698
0.05	-0.00012	0.00231435
0.05	-0.000118	0.10318415
0.05	-0.000116	0.09260885
0.05	-0.000114	0.10865112
0.05	-0.000112	0.10372898
0.05	-0.00011	0.10239725
0.05	-0.000108	0.08652725
0.05	-0.000106	0.10428075
0.05	-0.000104	0.0935262
0.05	-0.000102	0.08371935
0.05	-0.0001	0.09821788
0.05	-9.8e-05	0.10336358
0.05	-9.6e-05	0.10794562
0.05	-9.4e-05	0.10410158
0.05	-9.2e-05	0.11231358
0.05	-9e-05	0.093631
0.05	-8.8e-05	0.10305382
0.05	-8.6e-05	0.10716558
0.05	-8.4e-05	0.09551935
0.05	-8.2e-05	0.1162996
0.05	-8e-05	0.1056056
0.05	-7.8e-05	0.09543315
0.05	-7.6e-05	0.11230195
0.05	-7.4e-05	0.0934681
0.05	-7.2e-05	0.08644813
0.05	-7e-05	0.09459735
0.05	-6.8e-05	0.10319348
0.05	-6.6e-05	0.09512355
0.05	-6.4e-05	0.09791278
0.05	-6.2e-05	0.10958005
0.05	-6e-05	0.09973825
0.05	-5.8e-05	0.10010375
0.05	-5.6e-05	0.110821
0.05	-5.4e-05	0.08711172
0.05	-5.2e-05	0.1046091
0.05	-5e-05	0.1030561
0.05	-4.8e-05	0.09163802
0.05	-4.6e-05	0.09188005
0.05	-4.4e-05	0.10221788
0.05	-4.2e-05	0.0908859
0.05	-4e-05	0.08442942
0.05	-3.8e-05	0.1032982
0.05	-3.6e-05	0.09822488
0.05	-3.4e-05	0.09451118
0.05	-3.2e-05	0.09499548
0.05	-3e-05	0.10409228
0.05	-2.8e-05	0.09336093
0.05	-2.6e-05	0.1036522
0.05	-2.4e-05	0.10535882
0.05	-2.2e-05	0.1096709
0.05	-2e-05	0.09467178
0.05	-1.8e-05	0.10018992
0.05	-1.6e-05	0.10414345
0.05	-1.4e-05	0.10373835
0.05	-1.2e-05	0.09979412
0.05	-1e-05	0.1035683
0.05	-8e-06	0.09536795
0.05	-6e-06	0.09836228
0.05	-4e-06	0.09223175
0.05	-2e-06	0.09711188
0.05	-0.0	0.10580582
0.05	2e-06	0.08919788
0.05	4e-06	0.08524207
0.05	6e-06	0.09092788
0.05	8e-06	0.09719338
0.05	1e-05	0.10040182
0.05	1.2e-05	0.09838312
0.05	1.4e-05	0.09600128
0.05	1.6e-05	0.11019942
0.05	1.8e-05	0.09411538
0.05	2e-05	0.10814117
0.05	2.2e-05	0.1099339
0.05	2.4e-05	0.10078135
0.05	2.6e-05	0.0961154
0.05	2.8e-05	0.11087462
0.05	3e-05	0.09512352
0.05	3.2e-05	0.1071213
0.05	3.4e-05	0.0971747
0.05	3.6e-05	0.0959594
0.05	3.8e-05	0.0967999
0.05	4e-05	0.10029705
0.05	4.2e-05	0.10356838
0.05	4.4e-05	0.10279065
0.05	4.6e-05	0.09979872
0.05	4.8e-05	0.09973592
0.05	5e-05	0.09555195
0.05	5.2e-05	0.0858265
0.05	5.4e-05	0.1151657
0.05	5.6e-05	0.10114922
0.05	5.8e-05	0.09902812
0.05	6e-05	0.0954146
0.05	6.2e-05	0.09779415
0.05	6.4e-05	0.10765688
0.05	6.6e-05	0.11007365
0.05	6.8e-05	0.10705385
0.05	7e-05	0.0994146
0.05	7.2e-05	0.08972872
0.05	7.4e-05	0.08676248
0.05	7.6e-05	0.09154948
0.05	7.8e-05	0.09525853
0.05	8e-05	0.08700462
0.05	8.2e-05	0.10738212
0.05	8.4e-05	0.09842738
0.05	8.6e-05	0.11027165
0.05	8.8e-05	0.10794098
0.05	9e-05	0.10695832
0.05	9.2e-05	0.10581752
0.05	9.4e-05	0.10463708
0.05	9.6e-05	0.09490233
0.05	9.8e-05	0.09457875
0.05	0.0001	0.09096748
0.05	0.000102	0.1030188
0.05	0.000104	0.08765188
0.05	0.000106	0.1063041
0.05	0.000108	0.09200818
0.05	0.00011	0.10574065
0.05	0.000112	0.1072448
0.05	0.000114	0.1010747
0.05	0.000116	0.10868365
0.05	0.000118	0.10285585
0.05	0.00012	0.0927789
0.06	-0.00012	0.18746958
0.06	-0.000118	0.09441335
0.06	-0.000116	0.09767298
0.06	-0.000114	0.09608972
0.06	-0.000112	0.09453908
0.06	-0.00011	0.1110748
0.06	-0.000108	0.10563582
0.06	-0.000106	0.10260448
0.06	-0.000104	0.10010848
0.06	-0.000102	0.1039502
0.06	-0.0001	0.1010864
0.06	-9.8e-05	0.09828303
0.06	-9.6e-05	0.10068125
0.06	-9.4e-05	0.0960455
0.06	-9.2e-05	0.09240165
0.06	-9e-05	0.11053235
0.06	-8.8e-05	0.1000199
0.06	-8.6e-05	0.10364055
0.06	-8.4e-05	0.11020865
0.06	-8.2e-05	0.10312825
0.06	-8e-05	0.1060969
0.06	-7.8e-05	0.09324688
0.06	-7.6e-05	0.10331452
0.06	-7.4e-05	0.10629945
0.06	-7.2e-05	0.11230653
0.06	-7e-05	0.09535632
0.06	-6.8e-05	0.10935655
0.06	-6.6e-05	0.10527738
0.06	-6.4e-05	0.09509792
0.06	-6.2e-05	0.09628762
0.06	-6e-05	0.09139342
0.06	-5.8e-05	0.0981317
0.06	-5.6e-05	0.11121463
0.06	-5.4e-05	0.10325633
0.06	-5.2e-05	0.1189702
0.06	-5e-05	0.11167793
0.06	-4.8e-05	0.0977103
0.06	-4.6e-05	0.09143548
0.06	-4.4e-05	0.0941596
0.06	-4.2e-05	0.08709075
0.06	-4e-05	0.1033332
0.06	-3.8e-05	0.09745878
0.06	-3.6e-05	0.09542382
0.06	-3.4e-05	0.10589437
0.06	-3.2e-05	0.09673702
0.06	-3e-05	0.09614795
0.06	-2.8e-05	0.09238762
0.06	-2.6e-05	0.09579638
0.06	-2.4e-05	0.10245078
0.06	-2.2e-05	0.08930038
0.06	-2e-05	0.11361738
0.06	-1.8e-05	0.10006893
0.06	-1.6e-05	0.10100712
0.06	-1.4e-05	0.09428302
0.06	-1.2e-05	0.1038128
0.06	-1e-05	0.10207822
0.06	-8e-06	0.09693963
0.06	-6e-06	0.09413397
0.06	-4e-06	0.0955822
0.06	-2e-06	0.1065346
0.06	-0.0	0.09487198
0.06	2e-06	0.1074357
0.06	4e-06	0.11190608
0.06	6e-06	0.08832945
0.06	8e-06	0.1115312
0.06	1e-05	0.10458815
0.06	1.2e-05	0.10395258
0.06	1.4e-05	0.10124702
0.06	1.6e-05	0.11174308
0.06	1.8e-05	0.10606895
0.06	2e-05	0.11071853
0.06	2.2e-05	0.0932609
0.06	2.4e-05	0.0894586
0.06	2.6e-05	0.09801302
0.06	2.8e-05	0.10280465
0.06	3e-05	0.1139829
0.06	3.2e-05	0.11274665
0.06	3.4e-05	0.1003809
0.06	3.6e-05	0.09651345
0.06	3.8e-05	0.0970094
0.06	4e-05	0.09575905
0.06	4.2e-05	0.10341235
0.06	4.4e-05	0.10265095
0.06	4.6e-05	0.10637868
0.06	4.8e-05	0.09943555
0.06	5e-05	0.1077989
0.06	5.2e-05	0.10008282
0.06	5.4e-05	0.09930055
0.06	5.6e-05	0.114246
0.06	5.8e-05	0.0928698
0.06	6e-05	0.10011075
0.06	6.2e-05	0.10531928
0.06	6.4e-05	0.09828303
0.06	6.6e-05	0.10438325
0.06	6.8e-05	0.09404778
0.06	7e-05	0.10740778
0.06	7.2e-05	0.10657182
0.06	7.4e-05	0.09394302
0.06	7.6e-05	0.09662528
0.06	7.8e-05	0.1078641
0.06	8e-05	0.09634592
0.06	8.2e-05	0.10601778
0.06	8.4e-05	0.10290483
0.06	8.6e-05	0.09663458
0.06	8.8e-05	0.10863475
0.06	9e-05	0.10420632
0.06	9.2e-05	0.1074916
0.06	9.4e-05	0.10155675
0.06	9.6e-05	0.10866267
0.06	9.8e-05	0.10394785
0.06	0.0001	0.10831115
0.06	0.000102	0.09964275
0.06	0.000104	0.10093962
0.06	0.000106	0.09835282
0.06	0.000108	0.10951247
0.06	0.00011	0.09367995
0.06	0.000112	0.1044461
0.06	0.000114	0.10202698
0.06	0.000116	0.11175705
0.06	0.000118	0.10775
0.06	0.00012	0.09710023
0.07	-0.00012	0.1746614
0.07	-0.000118	0.10659748
0.07	-0.000116	0.10022015
0.07	-0.000114	0.0991189
0.07	-0.000112	0.10011075
0.07	-0.00011	0.08446675
0.07	-0.000108	0.07723955
0.07	-0.000106	0.10022717
0.07	-0.000104	0.09899082
0.07	-0.000102	0.09463462
0.07	-0.0001	0.10096528
0.07	-9.8e-05	0.10337968
0.07	-9.6e-05	0.10774302
0.07	-9.4e-05	0.10074168
0.07	-9.2e-05	0.09670213
0.07	-9e-05	0.10392692
0.07	-8.8e-05	0.09676965
0.07	-8.6e-05	0.11120292
0.07	-8.4e-05	0.0994845
0.07	-8.2e-05	0.09406645
0.07	-8e-05	0.08921425
0.07	-7.8e-05	0.09905835
0.07	-7.6e-05	0.0902317
0.07	-7.4e-05	0.10220625
0.07	-7.2e-05	0.1117617
0.07	-7e-05	0.1028372
0.07	-6.8e-05	0.09839945
0.07	-6.6e-05	0.09491628
0.07	-6.4e-05	0.10915868
0.07	-6.2e-05	0.09692328
0.07	-6e-05	0.10305148
0.07	-5.8e-05	0.09484875
0.07	-5.6e-05	0.09656475
0.07	-5.4e-05	0.10612712
0.07	-5.2e-05	0.10680705
0.07	-5e-05	0.09901175
0.07	-4.8e-05	0.09541455
0.07	-4.6e-05	0.09861832
0.07	-4.4e-05	0.1045719
0.07	-4.2e-05	0.1100876
0.07	-4e-05	0.10826688
0.07	-3.8e-05	0.10289085
0.07	-3.6e-05	0.10220168
0.07	-3.4e-05	0.10552872
0.07	-3.2e-05	0.09838318
0.07	-3e-05	0.11463485
0.07	-2.8e-05	0.1063344
0.07	-2.6e-05	0.0930397
0.07	-2.4e-05	0.09875568
0.07	-2.2e-05	0.09123062
0.07	-2e-05	0.09420142
0.07	-1.8e-05	0.10545198
0.07	-1.6e-05	0.09842042
0.07	-1.4e-05	0.10355667
0.07	-1.2e-05	0.09342138
0.07	-1e-05	0.10751712
0.07	-8e-06	0.0953097
0.07	-6e-06	0.1097408
0.07	-4e-06	0.09480682
0.07	-2e-06	0.09699085
0.07	-0.0	0.09675805
0.07	2e-06	0.1044624
0.07	4e-06	0.09925628
0.07	6e-06	0.10456488
0.07	8e-06	0.1017709
0.07	1e-05	0.0882106
0.07	1.2e-05	0.11279315
0.07	1.4e-05	0.1087908
0.07	1.6e-05	0.09518405
0.07	1.8e-05	0.1073099
0.07	2e-05	0.10552185
0.07	2.2e-05	0.09938668
0.07	2.4e-05	0.10043678
0.07	2.6e-05	0.09816425
0.07	2.8e-05	0.08649005
0.07	3e-05	0.10011773
0.07	3.2e-05	0.10388262
0.07	3.4e-05	0.09665785
0.07	3.6e-05	0.09258095
0.07	3.8e-05	0.10330285
0.07	4e-05	0.1014333
0.07	4.2e-05	0.095347
0.07	4.4e-05	0.09323292
0.07	4.6e-05	0.10726803
0.07	4.8e-05	0.10814115
0.07	5e-05	0.1078991
0.07	5.2e-05	0.08718388
0.07	5.4e-05	0.09844368
0.07	5.6e-05	0.1078198
0.07	5.8e-05	0.0870628
0.07	6e-05	0.0994402
0.07	6.2e-05	0.09870678
0.07	6.4e-05	0.09545177
0.07	6.6e-05	0.09292555
0.07	6.8e-05	0.0930233
0.07	7e-05	0.09146807
0.07	7.2e-05	0.10001305
0.07	7.4e-05	0.10913765
0.07	7.6e-05	0.10249492
0.07	7.8e-05	0.09762875
0.07	8e-05	0.10813188
0.07	8.2e-05	0.09846932
0.07	8.4e-05	0.0906764
0.07	8.6e-05	0.0978639
0.07	8.8e-05	0.1043716
0.07	9e-05	0.09239235
0.07	9.2e-05	0.10724235
0.07	9.4e-05	0.103119
0.07	9.6e-05	0.10317488
0.07	9.8e-05	0.10273248
0.07	0.0001	0.09412695
0.07	0.000102	0.09704205
0.07	0.000104	0.10418078
0.07	0.000106	0.09639248
0.07	0.000108	0.10796428
0.07	0.00011	0.09650418
0.07	0.000112	0.09285805
0.07	0.000114	0.0992098
0.07	0.000116	0.0971305
0.07	0.000118	0.10494675
0.07	0.00012	0.09624345
0.08	-0.00012	0.01019105
0.08	-0.000118	0.10522612
0.08	-0.000116	0.0907928
0.08	-0.000114	0.09927263
0.08	-0.000112	0.09652278
0.08	-0.00011	0.09605485
0.08	-0.000108	0.095517
0.08	-0.000106	0.10507472
0.08	-0.000104	0.11561277
0.08	-0.000102	0.08988248
0.08	-0.0001	0.099077
0.08	-9.8e-05	0.1135452
0.08	-9.6e-05	0.10177325
0.08	-9.4e-05	0.09810615
0.08	-9.2e-05	0.1012936
0.08	-9e-05	0.1016079
0.08	-8.8e-05	0.10732155
0.08	-8.6e-05	0.10692585
0.08	-8.4e-05	0.09405945
0.08	-8.2e-05	0.09767065
0.08	-8e-05	0.09628535
0.08	-7.8e-05	0.08946798
0.08	-7.6e-05	0.09968467
0.08	-7.4e-05	0.10744035
0.08	-7.2e-05	0.09740058
0.08	-7e-05	0.09863927
0.08	-6.8e-05	0.10037388
0.08	-6.6e-05	0.10490948
0.08	-6.4e-05	0.10595728
0.08	-6.2e-05	0.09561248
0.08	-6e-05	0.09918878
0.08	-5.8e-05	0.09115605
0.08	-5.6e-05	0.0956055
0.08	-5.4e-05	0.10830655
0.08	-5.2e-05	0.107275
0.08	-5e-05	0.1090888
0.08	-4.8e-05	0.10125162
0.08	-4.6e-05	0.10099322
0.08	-4.4e-05	0.08933068
0.08	-4.2e-05	0.09486502
0.08	-4e-05	0.09429923
0.08	-3.8e-05	0.10025742
0.08	-3.6e-05	0.09836225
0.08	-3.4e-05	0.09702815
0.08	-3.2e-05	0.09793382
0.08	-3e-05	0.10273248
0.08	-2.8e-05	0.10065555
0.08	-2.6e-05	0.09613865
0.08	-2.4e-05	0.10722382
0.08	-2.2e-05	0.09428527
0.08	-2e-05	0.0995404
0.08	-1.8e-05	0.10355435
0.08	-1.6e-05	0.10550788
0.08	-1.4e-05	0.10875352
0.08	-1.2e-05	0.08908153
0.08	-1e-05	0.10133315
0.08	-8e-06	0.10709808
0.08	-6e-06	0.0957568
0.08	-4e-06	0.10479538
0.08	-2e-06	0.09961958
0.08	-0.0	0.11870478
0.08	2e-06	0.10076968
0.08	4e-06	0.10443215
0.08	6e-06	0.0918545
0.08	8e-06	0.092865
0.08	1e-05	0.08950295
0.08	1.2e-05	0.10227145
0.08	1.4e-05	0.1098572
0.08	1.6e-05	0.09288598
0.08	1.8e-05	0.10534018
0.08	2e-05	0.08302547
0.08	2.2e-05	0.11236005
0.08	2.4e-05	0.10021555
0.08	2.6e-05	0.104048
0.08	2.8e-05	0.0998826
0.08	3e-05	0.1058291
0.08	3.2e-05	0.10452072
0.08	3.4e-05	0.08035958
0.08	3.6e-05	0.1070189
0.08	3.8e-05	0.10269295
0.08	4e-05	0.10214343
0.08	4.2e-05	0.1088513
0.08	4.4e-05	0.10103048
0.08	4.6e-05	0.1048676
0.08	4.8e-05	0.10984082
0.08	5e-05	0.09793378
0.08	5.2e-05	0.1023971
0.08	5.4e-05	0.10740308
0.08	5.6e-05	0.09808755
0.08	5.8e-05	0.09666253
0.08	6e-05	0.1064764
0.08	6.2e-05	0.0945344
0.08	6.4e-05	0.08554005
0.08	6.6e-05	0.09889542
0.08	6.8e-05	0.09590348
0.08	7e-05	0.10725872
0.08	7.2e-05	0.1041085
0.08	7.4e-05	0.08848535
0.08	7.6e-05	0.0934913
0.08	7.8e-05	0.10432278
0.08	8e-05	0.1022179
0.08	8.2e-05	0.10175225
0.08	8.4e-05	0.0949186
0.08	8.6e-05	0.09630162
0.08	8.8e-05	0.09188485
0.08	9e-05	0.08998255
0.08	9.2e-05	0.09843208
0.08	9.4e-05	0.10742173
0.08	9.6e-05	0.10028075
0.08	9.8e-05	0.10325862
0.08	0.0001	0.11505395
0.08	0.000102	0.10285123
0.08	0.000104	0.10693982
0.08	0.000106	0.10077203
0.08	0.000108	0.08134915
0.08	0.00011	0.10262768
0.08	0.000112	0.09518642
0.08	0.000114	0.09992455
0.08	0.000116	0.09185915
0.08	0.000118	0.0914238
0.08	0.00012	0.1097524
0.09	-0.00012	0.0173925
0.09	-0.000118	0.10072545
0.09	-0.000116	0.09893963
0.09	-0.000114	0.1052075
0.09	-0.000112	0.10208058
0.09	-0.00011	0.09822245
0.09	-0.000108	0.1057268
0.09	-0.000106	0.10111662
0.09	-0.000104	0.10513997
0.09	-0.000102	0.09109785
0.09	-0.0001	0.10753115
0.09	-9.8e-05	0.1044391
0.09	-9.6e-05	0.09345643
0.09	-9.4e-05	0.1013798
0.09	-9.2e-05	0.09701175
0.09	-9e-05	0.09882782
0.09	-8.8e-05	0.10420402
0.09	-8.6e-05	0.09975918
0.09	-8.4e-05	0.10018058
0.09	-8.2e-05	0.10051593
0.09	-8e-05	0.08873468
0.09	-7.8e-05	0.10005488
0.09	-7.6e-05	0.09137725
0.09	-7.4e-05	0.097212
0.09	-7.2e-05	0.10261145
0.09	-7e-05	0.10486755
0.09	-6.8e-05	0.10201528
0.09	-6.6e-05	0.10491177
0.09	-6.4e-05	0.09641568
0.09	-6.2e-05	0.11049508
0.09	-6e-05	0.1010351
0.09	-5.8e-05	0.10603865
0.09	-5.6e-05	0.1033914
0.09	-5.4e-05	0.09687672
0.09	-5.2e-05	0.10662783
0.09	-5e-05	0.09056702
0.09	-4.8e-05	0.10998987
0.09	-4.6e-05	0.1096732
0.09	-4.4e-05	0.09877205
0.09	-4.2e-05	0.1003692
0.09	-4e-05	0.10274638
0.09	-3.8e-05	0.1016218
0.09	-3.6e-05	0.1072494
0.09	-3.4e-05	0.0935216
0.09	-3.2e-05	0.08811288
0.09	-3e-05	0.10433202
0.09	-2.8e-05	0.10084422
0.09	-2.6e-05	0.08936088
0.09	-2.4e-05	0.09400595
0.09	-2.2e-05	0.11278855
0.09	-2e-05	0.11426698
0.09	-1.8e-05	0.08340968
0.09	-1.6e-05	0.09853908
0.09	-1.4e-05	0.10884203
0.09	-1.2e-05	0.10730528
0.09	-1e-05	0.10192215
0.09	-8e-06	0.10349152
0.09	-6e-06	0.096155
0.09	-4e-06	0.0995985
0.09	-2e-06	0.09012928
0.09	-0.0	0.1147629
0.09	2e-06	0.1056964
0.09	4e-06	0.11108188
0.09	6e-06	0.10581285
0.09	8e-06	0.09765668
0.09	1e-05	0.10775702
0.09	1.2e-05	0.09868823
0.09	1.4e-05	0.0936962
0.09	1.6e-05	0.10523313
0.09	1.8e-05	0.09709325
0.09	2e-05	0.09196862
0.09	2.2e-05	0.09679992
0.09	2.4e-05	0.10507248
0.09	2.6e-05	0.08965653
0.09	2.8e-05	0.10162885
0.09	3e-05	0.1015497
0.09	3.2e-05	0.10815285
0.09	3.4e-05	0.11105628
0.09	3.6e-05	0.10532852
0.09	3.8e-05	0.09746118
0.09	4e-05	0.103559
0.09	4.2e-05	0.1062831
0.09	4.4e-05	0.1047675
0.09	4.6e-05	0.10394325
0.09	4.8e-05	0.1067861
0.09	5e-05	0.0981852
0.09	5.2e-05	0.10182203
0.09	5.4e-05	0.08986848
0.09	5.6e-05	0.10263927
0.09	5.8e-05	0.1023181
0.09	6e-05	0.102644
0.09	6.2e-05	0.0971305
0.09	6.4e-05	0.1100108
0.09	6.6e-05	0.11119582
0.09	6.8e-05	0.10221095
0.09	7e-05	0.1093286
0.09	7.2e-05	0.10756145
0.09	7.4e-05	0.10217135
0.09	7.6e-05	0.09774052
0.09	7.8e-05	0.09952172
0.09	8e-05	0.11031583
0.09	8.2e-05	0.1000898
0.09	8.4e-05	0.10691188
0.09	8.6e-05	0.10422257
0.09	8.8e-05	0.10627385
0.09	9e-05	0.09554495
0.09	9.2e-05	0.09572652
0.09	9.4e-05	0.10545195
0.09	9.6e-05	0.10632502
0.09	9.8e-05	0.10412945
0.09	0.0001	0.10951955
0.09	0.000102	0.09062285
0.09	0.000104	0.10429705
0.09	0.000106	0.11047178
0.09	0.000108	0.0969023
0.09	0.00011	0.1027604
0.09	0.000112	0.10470228
0.09	0.000114	0.10129592
0.09	0.000116	0.11027628
0.09	0.000118	0.10084655
0.09	0.00012	0.1000246
