Initial Temperature (K)	0.0250136
Excitation Current (A)	1.54e-05
Axis 1,2	x,y
Angle	0
Field (T)	Resistance (Ohms)
0.0	-9.706366558441556e-05
-0.001	-2.830262987012986e-05
-0.002	0.001247615909090909
-0.003	0.0015525360389610388
-0.004	0.0013029512987012984
-0.005	0.0011145691558441557
-0.006	0.0013093620129870128
-0.007	0.0010697863636363635
-0.008	0.0011705996753246751
-0.009	0.0011841769480519478
-0.01	0.001295331818181818
-0.011	0.0012805756493506494
-0.012	0.001218617857142857
-0.013	0.0012807275974025972
-0.014	0.0012311071428571427
-0.015	0.0011506438311688308
-0.016	0.001104681818181818
-0.017	0.0011204051948051949
-0.018	0.0012135090909090906
-0.019	0.0012302909090909089
-0.02	0.0012133863636363633
-0.021	0.0011955766233766232
-0.022	0.0012000519480519479
-0.023	0.0011706305194805193
-0.024	0.0012474045454545454
-0.025	0.0012941535714285713
-0.026	0.0012389688311688308
-0.027	0.0012647311688311687
-0.028	0.0012057373376623372
-0.029	0.001236367857142857
-0.03	0.0013204607142857142
-0.031	0.00117437987012987
-0.032	0.0012653672077922076
-0.033	0.0011493123376623375
-0.034	0.0012376983766233765
-0.035	0.0012772811688311688
-0.036	0.0011991149350649348
-0.037	0.0012393012987012982
-0.038	0.0012336162337662335
-0.039	0.0012477977272727272
-0.04	0.0012547233766233765
-0.041	0.0012911892857142857
-0.042	0.00117876461038961
-0.043	0.0011928850649350648
-0.044	0.0014295886363636361
-0.045	0.0012749519480519478
-0.046	0.0012411762987012986
-0.047	0.0012513051948051948
-0.048	0.0013288064935064934
-0.049	0.0012348262987012986
-0.05	0.0013326756493506492
-0.051	0.0012956655844155842
-0.052	0.0012755561688311686
-0.053	0.0012669386363636358
-0.054	0.0012868954545454541
-0.055	0.0013929707792207791
-0.056	0.0013437431818181817
-0.057	0.0013446496753246751
-0.058	0.0012164103896103893
-0.059	0.0012843555194805192
-0.06	0.0012381227272727272
-0.061	0.0012747392857142853
-0.062	0.0012321350649350648
-0.063	0.0012555993506493507
-0.064	0.0013639422077922076
-0.065	0.001232224675324675
-0.066	0.0013178282467532468
-0.067	0.001277763961038961
-0.068	0.001363548701298701
-0.069	0.0013243912337662339
-0.07	0.0012473746753246754
-0.071	0.001310512012987013
-0.072	0.0014177964285714286
-0.073	0.0012026230519480519
-0.074	0.0013505165584415581
-0.075	0.001468354545454545
-0.076	0.001434788961038961
-0.077	0.001319341883116883
-0.078	0.0013426243506493504
-0.079	0.0013261139610389612
-0.08	0.001283296753246753
-0.081	0.0013096951298701295
-0.082	0.0012863503246753243
-0.083	0.0013535402597402595
-0.084	0.0013388431818181818
-0.085	0.0012729853896103892
-0.086	0.0013372727272727273
-0.087	0.0013412029220779217
-0.088	0.00122512012987013
-0.089	0.001376823701298701
-0.09	0.0013395707792207793
-0.091	0.001289133116883117
-0.092	0.0013965386363636362
-0.093	0.001276917857142857
-0.094	0.0011401207792207794
-0.095	0.0013399334415584413
-0.096	0.0013826899350649353
-0.097	0.0011037448051948047
-0.098	0.0012356724025974024
-0.099	0.0012397857142857143
-0.1	0.0012496123376623375
-0.101	0.001272592857142857
-0.102	0.0012991116883116882
-0.103	0.001097061038961039
-0.104	0.0013617353896103893
-0.105	0.0012857769480519481
-0.106	0.0012611019480519479
-0.107	0.0013657860389610392
-0.108	0.0013500327922077923
-0.109	0.0014528425324675323
-0.11	0.0013506071428571425
-0.111	0.001405458766233766
-0.112	0.0012361256493506495
-0.113	0.0013013798701298701
-0.114	0.001204617857142857
-0.115	0.001369112662337662
-0.116	0.0013464954545454547
-0.117	0.0013493373376623377
-0.118	0.0012616772727272727
-0.119	0.0014252045454545453
-0.12	0.0013972038961038962
-0.121	0.0014004389610389612
-0.122	0.0013839597402597402
-0.123	0.0013607068181818178
-0.124	0.0013583775974025972
-0.125	0.001374524675324675
-0.126	0.0013477350649350643
-0.127	0.0011860522727272723
-0.128	0.001400227272727273
-0.129	0.0011849633116883115
-0.13	0.0014555019480519476
-0.131	0.0013543870129870126
-0.132	0.0012637324675324674
-0.133	0.001337362987012987
-0.134	0.0012795782467532465
-0.135	0.0014236016233766234
-0.136	0.0014204564935064933
-0.137	0.0012903733766233766
-0.138	0.0013751301948051948
-0.139	0.0014089061688311686
-0.14	0.0013669051948051946
-0.141	0.0012738925324675327
-0.142	0.0014382068181818181
-0.143	0.001294544805194805
-0.144	0.001232074025974026
-0.145	0.001259560064935065
-0.146	0.0013974454545454546
-0.147	0.001273772727272727
-0.148	0.0012791555194805193
-0.149	0.0012282045454545456
-0.15	0.001206522727272727
-0.151	0.0012742262987012988
-0.152	0.0014257487012987013
-0.153	0.0013044951298701295
-0.154	0.001200021753246753
-0.155	0.0012359136363636362
-0.156	0.0013210941558441558
-0.157	0.0013959636363636363
-0.158	0.0013242103896103897
-0.159	0.0015108678571428568
-0.16	0.0013255386363636363
-0.161	0.0013797259740259736
-0.162	0.001243352922077922
-0.163	0.0011610139610389609
-0.164	0.0011254545454545454
-0.165	0.0012769168831168831
-0.166	0.001344166883116883
-0.167	0.0011560873376623374
-0.168	0.0012443503246753248
-0.169	0.0011582331168831165
-0.17	0.0013408409090909087
-0.171	0.0012107863636363634
-0.172	0.0011584740259740255
-0.173	0.00127295487012987
-0.174	0.0011496457792207792
-0.175	0.0012469818181818182
-0.176	0.0014055503246753248
-0.177	0.0013996220779220778
-0.178	0.0012626749999999998
-0.179	0.0012826931818181813
-0.18	0.0012199487012987012
-0.181	0.0013116600649350648
-0.182	0.0013404769480519479
-0.183	0.0015287681818181816
-0.184	0.0011403321428571428
-0.185	0.0013614928571428569
-0.186	0.001426322727272727
-0.187	0.0013242996753246752
-0.188	0.0013191292207792207
-0.189	0.001356685064935065
-0.19	0.0014096311688311686
-0.191	0.0011855074675324673
-0.192	0.0012365503246753247
-0.193	0.001190103896103896
-0.194	0.0013643353896103897
-0.195	0.0011114840909090908
-0.196	0.0012327392857142856
-0.197	0.0013840496753246751
-0.198	0.0013502139610389607
-0.199	0.0014935717532467531
-0.2	0.0014247506493506492
-0.199	0.0013518772727272726
-0.198	0.0013335220779220778
-0.197	0.0013540230519480518
-0.196	0.0012522422077922077
-0.195	0.0012685412337662336
-0.194	0.0013961146103896101
-0.193	0.0011317743506493508
-0.192	0.0012883474025974027
-0.191	0.0012373954545454543
-0.19	0.0013454970779220776
-0.189	0.0012886178571428568
-0.188	0.001210393831168831
-0.187	0.0014067590909090904
-0.186	0.0012596214285714286
-0.185	0.001294787987012987
-0.184	0.0012223376623376621
-0.183	0.00115142987012987
-0.182	0.001185810064935065
-0.181	0.0014411084415584413
-0.18	0.0013859850649350647
-0.179	0.0013029214285714286
-0.178	0.0014187941558441559
-0.177	0.0013644857142857143
-0.176	0.001288014935064935
-0.175	0.001270747727272727
-0.174	0.0011775266233766232
-0.173	0.001283054220779221
-0.172	0.0013761279220779218
-0.171	0.001394813961038961
-0.17	0.001304251948051948
-0.169	0.001369112012987013
-0.168	0.0012448655844155844
-0.167	0.001311812012987013
-0.166	0.0013634581168831166
-0.165	0.0012978113636363633
-0.164	0.0012238499999999999
-0.163	0.0013632464285714282
-0.162	0.0013835363636363635
-0.161	0.0011999009740259739
-0.16	0.0013058555194805194
-0.159	0.0011927642857142858
-0.158	0.0013049172077922078
-0.157	0.0011360383116883117
-0.156	0.0012395425324675325
-0.155	0.0011955766233766234
-0.154	0.0011996285714285715
-0.153	0.0012567480519480518
-0.152	0.0011508256493506495
-0.151	0.0012182555194805193
-0.15	0.001118288961038961
-0.149	0.00115466525974026
-0.148	0.0012242720779220776
-0.147	0.001283841883116883
-0.146	0.0011616801948051948
-0.145	0.0013440756493506491
-0.144	0.0015092344155844153
-0.143	0.0014335795454545452
-0.142	0.0013267487012987014
-0.141	0.001265546753246753
-0.14	0.0012590165584415586
-0.139	0.00115333474025974
-0.138	0.0012064321428571427
-0.137	0.0014200938311688311
-0.136	0.0011204961038961036
-0.135	0.0011745321428571426
-0.134	0.0013449525974025972
-0.133	0.001264156818181818
-0.132	0.0012638548701298699
-0.131	0.0013138373376623375
-0.13	0.0012716564935064936
-0.129	0.0011745925324675324
-0.128	0.001358528571428571
-0.127	0.0011883795454545453
-0.126	0.0013573204545454542
-0.125	0.0011368853896103895
-0.124	0.0011484048701298703
-0.123	0.001385743831168831
-0.122	0.0013115694805194806
-0.121	0.0012340392857142857
-0.12	0.0011840863636363636
-0.119	0.001230591883116883
-0.118	0.0013723487012987014
-0.117	0.0014004389610389608
-0.116	0.001075047727272727
-0.115	0.0012111483766233764
-0.114	0.0013433795454545453
-0.113	0.0013315873376623375
-0.112	0.0012215204545454545
-0.111	0.0012675431818181817
-0.11	0.001098361038961039
-0.109	0.0013539935064935066
-0.108	0.0012021990259740258
-0.107	0.0013504250000000001
-0.106	0.0012000214285714287
-0.105	0.001315712012987013
-0.104	0.0011058305194805195
-0.103	0.0012507295454545456
-0.102	0.0012460743506493503
-0.101	0.001213024025974026
-0.1	0.0012106957792207792
-0.099	0.0012744370129870132
-0.098	0.0012764935064935063
-0.097	0.001297388636363636
-0.096	0.0010823350649350647
-0.095	0.0011566915584415582
-0.094	0.0011311996753246754
-0.093	0.0014709233766233764
-0.092	0.0011898016233766232
-0.091	0.0012111499999999998
-0.09	0.0011013561688311688
-0.089	0.001234281818181818
-0.088	0.0012821785714285713
-0.087	0.001287318831168831
-0.086	0.0012002941558441555
-0.085	0.001340415909090909
-0.084	0.001032987012987013
-0.083	0.0011708415584415583
-0.082	0.0012647006493506493
-0.081	0.001209969155844156
-0.08	0.0013527840909090907
-0.079	0.0011766464285714285
-0.078	0.0012156847402597399
-0.077	0.001227055519480519
-0.076	0.0011876542207792207
-0.075	0.0010531564935064935
-0.074	0.0010296012987012987
-0.073	0.0012192831168831167
-0.072	0.0011887733766233763
-0.071	0.0012165935064935062
-0.07	0.0012418103896103894
-0.069	0.0012236987012987012
-0.068	0.001264488961038961
-0.067	0.001226631818181818
-0.066	0.0012723516233766232
-0.065	0.0013472198051948051
-0.064	0.0010876574675324673
-0.063	0.0011968159090909093
-0.062	0.0012360665584415583
-0.061	0.001382023701298701
-0.06	0.0011225818181818182
-0.059	0.0012250574675324675
-0.058	0.001119044805194805
-0.057	0.001217620779220779
-0.056	0.001284506818181818
-0.055	0.0012954532467532468
-0.054	0.0011656714285714284
-0.053	0.0011679399350649348
-0.052	0.0012049801948051948
-0.051	0.001090469805194805
-0.05	0.0011736850649350648
-0.049	0.001184751623376623
-0.048	0.001180125
-0.047	0.0011391522727272727
-0.046	0.0012111185064935062
-0.045	0.0010316873376623376
-0.044	0.0011649762987012984
-0.043	0.001158111688311688
-0.042	0.00105992987012987
-0.041	0.001095610714285714
-0.04	0.001127873701298701
-0.039	0.0011799136363636364
-0.038	0.0011402409090909092
-0.037	0.0010989964285714284
-0.036	0.0011823626623376623
-0.035	0.0012861987012987013
-0.034	0.0012022590909090908
-0.033	0.0010949451298701298
-0.032	0.0011800334415584415
-0.031	0.0009610512987012988
-0.03	0.001302528896103896
-0.029	0.0012099701298701297
-0.028	0.0012309555194805193
-0.027	0.0010980896103896102
-0.026	0.0011757415584415583
-0.025	0.001125242207792208
-0.024	0.001090167857142857
-0.023	0.000989233766233766
-0.022	0.0010988762987012987
-0.021	0.0013855613636363634
-0.02	0.00135163474025974
-0.019	0.0013128094155844155
-0.018	0.0011692090909090908
-0.017	0.0011280256493506494
-0.016	0.0011439003246753244
-0.015	0.0010806724025974024
-0.014	4.895515584415583e-05
-0.013	0.0009226491233766234
-0.012	-6.513249675324674e-05
-0.011	-7.740919805194804e-05
-0.01	-0.00012953931818181815
-0.009	-4.578017857142856e-05
-0.008	-2.1922600649350652e-05
-0.007	-0.00016881814935064933
-0.006	4.94992857142857e-05
-0.005	-0.0001015388116883117
-0.004	0.0013452538961038962
-0.003	0.0014042483766233762
-0.002	0.0016151883116883117
-0.001	0.001157507792207792
0.0	0.0013172847402597402
0.001	0.001210544805194805
0.002	0.001168846753246753
0.003	0.0014598256493506495
0.004	0.0012257542207792205
0.005	0.0012613441558441557
0.006	0.001186746753246753
0.007	0.0011903152597402596
0.008	0.0011408756493506494
0.009	0.0013184642857142852
0.01	0.0011838753246753244
0.011	0.0011509766233766233
0.012	0.0012474032467532465
0.013	0.0012565058441558442
0.014	0.0010066499999999998
0.015	0.0012886499999999997
0.016	0.0011863237012987014
0.017	0.0013472805194805193
0.018	0.0013028613636363634
0.019	0.0011398175324675325
0.02	0.0011986918831168828
0.021	0.001255630844155844
0.022	0.0012948785714285715
0.023	0.0012892840909090907
0.024	0.0012300490259740257
0.025	0.0012431405844155843
0.026	0.0013538123376623376
0.027	0.0012604376623376622
0.028	0.0011991444805194804
0.029	0.001176617857142857
0.03	0.0011971185064935065
0.031	0.001267512987012987
0.032	0.0011115142857142856
0.033	0.001103592857142857
0.034	0.0011433561688311688
0.035	0.001268207142857143
0.036	0.0013016512987012987
0.037	0.0013275353896103894
0.038	0.0013833548701298701
0.039	0.0013164379870129871
0.04	0.0012823285714285712
0.041	0.0012625233766233766
0.042	0.0012088814935064932
0.043	0.001255205844155844
0.044	0.001325055844155844
0.045	0.001283417857142857
0.046	0.0012844772727272726
0.047	0.0013001701298701299
0.048	0.001154331818181818
0.049	0.001291128896103896
0.05	0.0012358837662337662
0.051	0.001303465909090909
0.052	0.0013589525974025973
0.053	0.0012611633116883117
0.054	0.0011624363636363636
0.055	0.001292035714285714
0.056	0.0013643035714285712
0.057	0.0011060733766233765
0.058	0.0012661831168831166
0.059	0.0012304107142857143
0.06	0.001305492857142857
0.061	0.0011945493506493505
0.062	0.0013228181818181817
0.063	0.0012780363636363636
0.064	0.0012132055194805193
0.065	0.0013777603896103895
0.066	0.0011774344155844154
0.067	0.001238091883116883
0.068	0.0013112678571428568
0.069	0.001324420779220779
0.07	0.0014221499999999998
0.071	0.0012793672077922075
0.072	0.0013240892857142854
0.073	0.0012081258441558442
0.074	0.0011682418831168828
0.075	0.001327504545454545
0.076	0.0013376344155844155
0.077	0.001252999025974026
0.078	0.0012314701298701298
0.079	0.0013645464285714285
0.08	0.0012457730519480521
0.081	0.0012984172077922075
0.082	0.0012648827922077917
0.083	0.0012789123376623374
0.084	0.001189861038961039
0.085	0.0013810873376623374
0.086	0.001386015909090909
0.087	0.0012342214285714283
0.088	0.0013488538961038958
0.089	0.0014338220779220778
0.09	0.0012443204545454544
0.091	0.0013731337662337662
0.092	0.0012868045454545451
0.093	0.001306369480519481
0.094	0.0012932162337662336
0.095	0.0012878334415584414
0.096	0.001173382792207792
0.097	0.0013733756493506495
0.098	0.00127413474025974
0.099	0.0013164084415584415
0.1	0.0013051896103896102
0.101	0.0012360954545454542
0.102	0.001329258116883117
0.103	0.0012079451298701296
0.104	0.0012005662337662335
0.105	0.001146258766233766
0.106	0.0013551435064935063
0.107	0.0015187902597402598
0.108	0.0013021045454545454
0.109	0.001064675974025974
0.11	0.0012613438311688306
0.111	0.0012032866883116885
0.112	0.0013105727272727271
0.113	0.001390580844155844
0.114	0.0014255659090909086
0.115	0.0012779441558441558
0.116	0.0012708993506493505
0.117	0.0013207006493506494
0.118	0.0013275964285714285
0.119	0.0013920636363636363
0.12	0.0012627353896103894
0.121	0.0014004074675324674
0.122	0.0012071574675324673
0.123	0.0013660889610389608
0.124	0.0012361256493506492
0.125	0.0014637581168831168
0.126	0.0012355214285714284
0.127	0.0012549941558441557
0.128	0.0012292318181818182
0.129	0.0013648792207792205
0.13	0.0010992081168831169
0.131	0.0012232435064935064
0.132	0.0011813951298701296
0.133	0.0013735571428571429
0.134	0.0013366373376623372
0.135	0.0011963935064935064
0.136	0.0012639749999999999
0.137	0.0012517584415584415
0.138	0.0013119935064935064
0.139	0.0013145025974025974
0.14	0.001444163961038961
0.141	0.0012817860389610389
0.142	0.0013680548701298697
0.143	0.0012077629870129866
0.144	0.0012236980519480518
0.145	0.0012891344155844153
0.146	0.0014139256493506491
0.147	0.0014127454545454542
0.148	0.0013052201298701296
0.149	0.001366814935064935
0.15	0.0013145331168831168
0.151	0.0012770376623376623
0.152	0.001328201948051948
0.153	0.001322061688311688
0.154	0.0013165285714285713
0.155	0.0013081525974025974
0.156	0.0011772525974025974
0.157	0.00134080974025974
0.158	0.001265365909090909
0.159	0.001434971103896104
0.16	0.0013424126623376622
0.161	0.0013267487012987014
0.162	0.0013628237012987014
0.163	0.0013258727272727271
0.164	0.0014460379870129866
0.165	0.0012464068181818181
0.166	0.001483018831168831
0.167	0.001393484090909091
0.168	0.001325297727272727
0.169	0.0013333714285714282
0.17	0.001270446753246753
0.171	0.0012558415584415586
0.172	0.0013907925324675324
0.173	0.0013011983766233765
0.174	0.0013772457792207793
0.175	0.0015024324675324678
0.176	0.001372923051948052
0.177	0.0013588922077922077
0.178	0.0013006840909090905
0.179	0.0012799120129870127
0.18	0.0013555051948051947
0.181	0.001370896428571428
0.182	0.0012158061688311687
0.183	0.001179247727272727
0.184	0.0013732545454545452
0.185	0.0011817275974025973
0.186	0.001476548701298701
0.187	0.0013055831168831164
0.188	0.0012320733766233763
0.189	0.0013739503246753243
0.19	0.0013091516233766233
0.191	0.0013691123376623376
0.192	0.0013119931818181816
0.193	0.001401376623376623
0.194	0.0014064262987012984
0.195	0.0012031672077922077
0.196	0.0012539061688311686
0.197	0.0013432896103896103
0.198	0.001353206818181818
0.199	0.0013070035714285713
0.2	0.0013245113636363634
0.199	0.0014082714285714283
0.198	0.0013413837662337664
0.197	0.0012739542207792207
0.196	0.0013301363636363634
0.195	0.0013216396103896103
0.194	0.0012978120129870133
0.193	0.001325902922077922
0.192	0.0013450431818181816
0.191	0.0013208821428571426
0.19	0.0011792178571428569
0.189	0.0014155581168831168
0.188	0.0013471915584415584
0.187	0.0012676334415584415
0.186	0.0013349435064935063
0.185	0.0012670600649350647
0.184	0.001167334090909091
0.183	0.0013455581168831169
0.182	0.0013530860389610385
0.181	0.0012421733766233764
0.18	0.001211633116883117
0.179	0.0012262084415584412
0.178	0.0013679928571428569
0.177	0.0012984159090909091
0.176	0.0012542999999999999
0.175	0.0012351883116883118
0.174	0.0012457724025974027
0.173	0.0013737386363636365
0.172	0.001319945779220779
0.171	0.00117695
0.17	0.0012210672077922076
0.169	0.0012930042207792208
0.168	0.0013435314935064933
0.167	0.0011406642857142858
0.166	0.0010593850649350648
0.165	0.0012523032467532463
0.164	0.0012576853896103897
0.163	0.0012257840909090907
0.162	0.001311508766233766
0.161	0.0012649123376623375
0.16	0.0012555383116883115
0.159	0.001305764935064935
0.158	0.0013405370129870129
0.157	0.0012932457792207792
0.156	0.001281452922077922
0.155	0.0010839383116883114
0.154	0.0013448016233766234
0.153	0.0012341613636363635
0.152	0.0012656987012987012
0.151	0.0013078217532467532
0.15	0.0012116334415584414
0.149	0.0012747396103896102
0.148	0.0012336467532467529
0.147	0.0013418688311688312
0.146	0.0012077022727272726
0.145	0.0012892243506493503
0.144	0.0012457116883116883
0.143	0.0012146561688311686
0.142	0.0011842675324675324
0.141	0.0012871983766233766
0.14	0.0012352194805194802
0.139	0.0012625844155844152
0.138	0.0011611055194805193
0.137	0.0013282305194805195
0.136	0.001110819805194805
0.135	0.0012913409090909089
0.134	0.0012460441558441557
0.133	0.0012690243506493502
0.132	0.0013425633116883112
0.131	0.0012675431818181817
0.13	0.0012251798701298701
0.129	0.0012204321428571426
0.128	0.0011860522727272723
0.127	0.0012946366883116883
0.126	0.0011320165584415582
0.125	0.0012560529220779222
0.124	0.0013430162337662336
0.123	0.0012874100649350648
0.122	0.0012416902597402598
0.121	0.0013492470779220777
0.12	0.001162435714285714
0.119	0.0011981181818181818
0.118	0.0012583814935064933
0.117	0.0011948818181818182
0.116	0.0013607672077922078
0.115	0.001184569805194805
0.114	0.001355142857142857
0.113	0.0014242373376623376
0.112	0.0012246662337662335
0.111	0.0014244782467532466
0.11	0.0012989909090909092
0.109	0.0013706243506493505
0.108	0.0012055253246753244
0.107	0.0013450733766233764
0.106	0.001219707142857143
0.105	0.0013199149350649347
0.104	0.0011624061688311688
0.103	0.0013236655844155842
0.102	0.0011627077922077922
0.101	0.0014356961038961035
0.1	0.001457377922077922
0.099	0.001204496753246753
0.098	0.0011704194805194803
0.097	0.0013011087662337661
0.096	0.0012408431818181818
0.095	0.0011586863636363636
0.094	0.0011428120129870127
0.093	0.0013481272727272726
0.092	0.0013410821428571425
0.091	0.0012334353896103897
0.09	0.0012051022727272726
0.089	0.001148495779220779
0.088	0.0013222730519480517
0.087	0.0012629172077922074
0.086	0.0012029243506493507
0.085	0.0012811805194805192
0.084	0.001146046103896104
0.083	0.0011621035714285714
0.082	0.0011750759740259738
0.081	0.001328532792207792
0.08	0.0012106957792207792
0.079	0.001308243831168831
0.078	0.0011592912337662338
0.077	0.001265638961038961
0.076	0.001224877922077922
0.075	0.001089592857142857
0.074	0.0012037711038961037
0.073	0.0011980863636363633
0.072	0.0012067363636363633
0.071	0.0012090626623376618
0.07	0.0012686928571428572
0.069	0.0012815740259740258
0.068	0.00123210487012987
0.067	0.0012291113636363634
0.066	0.0012860785714285713
0.065	0.001235218831168831
0.064	0.0012789727272727275
0.063	0.0012862006493506491
0.062	0.001327716883116883
0.061	0.0012979025974025973
0.06	0.0010607448051948051
0.059	0.0013649097402597399
0.058	0.001114024025974026
0.057	0.0010774980519480518
0.056	0.0011129977272727272
0.055	0.0012510032467532466
0.054	0.001249007792207792
0.053	0.0012132665584415584
0.052	0.0011419045454545455
0.051	0.0010404860389610388
0.05	0.00127105
0.049	0.0013134750000000001
0.048	0.001103078896103896
0.047	0.0011502509740259738
0.046	0.001125092857142857
0.045	0.0010694542207792205
0.044	0.0010934025974025973
0.043	0.0011970879870129869
0.042	0.0012612542207792207
0.041	0.0011208892857142857
0.04	0.0011239422077922077
0.039	0.0012417198051948052
0.038	0.0011715383116883116
0.037	0.001114992857142857
0.036	0.0012317727272727268
0.035	0.001301560714285714
0.034	0.0012799107142857141
0.033	0.0012520610389610387
0.032	0.001054667857142857
0.031	0.0012896470779220775
0.03	0.0011798233766233766
0.029	0.001168030844155844
0.028	0.001236942207792208
0.027	0.0011212204545454545
0.026	0.001292428896103896
0.025	0.0011349503246753246
0.024	0.0011510370129870129
0.023	0.0011579305194805193
0.022	0.0013752805194805194
0.021	0.0011884103896103895
0.02	0.0012482220779220779
0.019	0.0012546012987012987
0.018	0.0012194048701298702
0.017	0.0010611081168831167
0.016	0.0012582308441558441
0.015	-0.00010749595454545455
0.014	0.005227315259740259
0.013	-6.380324675324673e-06
0.012	-3.755545389610388e-05
0.011	0.006763798701298701
0.01	0.0019613866558441553
0.009	7.504982467532464e-05
0.008	6.471100649350647e-06
0.007	0.006247821428571427
0.006	0.0012987487012987011
0.005	0.0011177139610389609
0.004	0.0011702376623376623
0.003	0.0013939084415584416
0.002	0.007042025974025973
0.001	0.0017869392857142858
-0.0	0.0013265974025974026
-0.001	0.0012721379870129868
-0.002	0.0012000831168831167
-0.003	0.001334822727272727
-0.004	0.0012884379870129869
-0.005	0.0012409038961038962
-0.006	0.0011368243506493505
-0.007	0.0013534798701298704
-0.008	0.0013327061688311686
-0.009	0.0012182243506493504
-0.01	0.001187744805194805
-0.011	0.0011862941558441558
-0.012	0.0012269954545454543
-0.013	0.001273469805194805
-0.014	0.001281300974025974
-0.015	0.001214596753246753
-0.016	0.0013422006493506494
-0.017	0.0011654600649350648
-0.018	0.00128737987012987
-0.019	0.0013211240259740258
-0.02	0.0012870175324675324
-0.021	0.0013503964285714284
-0.022	0.0013727110389610388
-0.023	0.0012865022727272725
-0.024	0.0011306564935064935
-0.025	0.0013324340909090905
-0.026	0.0013152886363636362
-0.027	0.0013578340909090906
-0.028	0.0013169519480519482
-0.029	0.0011657012987012986
-0.03	0.0013116301948051948
-0.031	0.0012394224025974025
-0.032	0.0013619159090909089
-0.033	0.0012858675324675323
-0.034	0.0012499448051948052
-0.035	0.0012929737012987012
-0.036	0.001297570454545454
-0.037	0.0011520941558441555
-0.038	0.0012950311688311685
-0.039	0.001218860064935065
-0.04	0.001243382792207792
-0.041	0.001339992857142857
-0.042	0.0012132061688311685
-0.043	0.0013734068181818178
-0.044	0.0013548405844155845
-0.045	0.0012580181818181819
-0.046	0.0012713233766233768
-0.047	0.0013458292207792209
-0.048	0.0012456506493506488
-0.049	0.001265487337662338
-0.05	0.001200960064935065
-0.051	0.001263460714285714
-0.052	0.0012506701298701298
-0.053	0.0012490987012987009
-0.054	0.0013191892857142857
-0.055	0.0011374594155844154
-0.056	0.0013570172077922078
-0.057	0.0012140224025974026
-0.058	0.0013183431818181819
-0.059	0.0013567750000000002
-0.06	0.0011970879870129873
-0.061	0.001216894805194805
-0.062	0.0011517922077922075
-0.063	0.0012833574675324673
-0.064	0.0013339461038961037
-0.065	0.001264065909090909
-0.066	0.0012832061688311685
-0.067	0.0012921870129870127
-0.068	0.0013406889610389611
-0.069	0.0013127483766233767
-0.07	0.001233646103896104
-0.071	0.0013107237012987012
-0.072	0.001318705844155844
-0.073	0.0013343087662337659
-0.074	0.0012960574675324671
-0.075	0.0012354620129870128
-0.076	0.0012338886363636363
-0.077	0.0013705350649350651
-0.078	0.0013612805194805195
-0.079	0.0013290470779220775
-0.08	0.0012593191558441558
-0.081	0.001167727922077922
-0.082	0.0013572594155844154
-0.083	0.0012528769480519481
-0.084	0.0013265970779220775
-0.085	0.0011430837662337661
-0.086	0.0012632204545454545
-0.087	0.0011816064935064935
-0.088	0.0013069431818181815
-0.089	0.0011601383116883115
-0.09	0.0013754918831168827
-0.091	0.0013457996753246755
-0.092	0.0013473714285714285
-0.093	0.0011308977272727271
-0.094	0.0011770110389610388
-0.095	0.001221340584415584
-0.096	0.0013591035714285713
-0.097	0.0012528470779220777
-0.098	0.0014193993506493505
-0.099	0.0013199464285714286
-0.1	0.0011975720779220781
-0.101	0.0013500022727272725
-0.102	0.0011490405844155841
-0.103	0.0011832402597402596
-0.104	0.0013581064935064932
-0.105	0.0012348561688311688
-0.106	0.0011458655844155843
-0.107	0.0010990873376623374
-0.108	0.00146786948051948
-0.109	0.001349941883116883
-0.11	0.0013399025974025972
-0.111	0.0014036749999999998
-0.112	0.0012576256493506493
-0.113	0.0012796983766233767
-0.114	0.0013743438311688311
-0.115	0.0011562977272727274
-0.116	0.0013005633116883115
-0.117	0.0013435909090909086
-0.118	0.001336243506493506
-0.119	0.001283932792207792
-0.12	0.0013591941558441555
-0.121	0.0013885863636363632
-0.122	0.0013374535714285713
-0.123	0.0011943376623376619
-0.124	0.0014534162337662333
-0.125	0.0011601993506493505
-0.126	0.0015101415584415584
-0.127	0.001310693506493506
-0.128	0.001404400974025974
-0.129	0.001380059090909091
-0.13	0.0012790931818181818
-0.131	0.0013854107142857138
-0.132	0.0012986892857142856
-0.133	0.001467506818181818
-0.134	0.001304977922077922
-0.135	0.0013287740259740261
-0.136	0.001371501948051948
-0.137	0.0013418376623376622
-0.138	0.0013503646103896103
-0.139	0.0010597181818181815
-0.14	0.001347915909090909
-0.141	0.0014139542207792205
-0.142	0.0012172269480519478
-0.143	0.001175255844155844
-0.144	0.0012682383116883118
-0.145	0.0014114749999999997
-0.146	0.0012901912337662336
-0.147	0.0014366337662337662
-0.148	0.001394663636363636
-0.149	0.0012216418831168829
-0.15	0.0013852295454545452
-0.151	0.0012588344155844155
-0.152	0.0014089668831168828
-0.153	0.00131223474025974
-0.154	0.0011920402597402596
-0.155	0.001219101623376623
-0.156	0.0011970587662337659
-0.157	0.0011912525974025973
-0.158	0.0014161321428571426
-0.159	0.001291219805194805
-0.16	0.0013646081168831165
-0.161	0.0014260805194805193
-0.162	0.001338209090909091
-0.163	0.001513256168831169
-0.164	0.0013839899350649347
-0.165	0.0013538724025974021
-0.166	0.001384745779220779
-0.167	0.0012916438311688311
-0.168	0.0012302288961038958
-0.169	0.001462033766233766
-0.17	0.0012422045454545455
-0.171	0.0011839655844155846
-0.172	0.0013640623376623376
-0.173	0.0012823594155844152
-0.174	0.0012877727272727275
-0.175	0.0012835097402597402
-0.176	0.0012916425324675323
-0.177	0.0012708999999999997
-0.178	0.001267362662337662
-0.179	0.0011566006493506495
-0.18	0.0013761594155844157
-0.181	0.001444888636363636
-0.182	0.001351181818181818
-0.183	0.0013116902597402596
-0.184	0.0012954834415584413
-0.185	0.0012831762987012985
-0.186	0.0011426003246753245
-0.187	0.0013055522727272722
-0.188	0.0013056431818181818
-0.189	0.0012340701298701297
-0.19	0.0013249649350649349
-0.191	0.0013965681818181815
-0.192	0.0012478587662337662
-0.193	0.001191918181818182
-0.194	0.0012863217532467534
-0.195	0.0012488561688311687
-0.196	0.0012438360389610387
-0.197	0.001327988961038961
-0.198	0.0013140499999999998
-0.199	0.0013020152597402596
-0.2	0.0012838110389610388
-0.199	0.001243745779220779
-0.198	0.0013130814935064933
-0.197	0.0012723811688311686
-0.196	0.0014853775974025974
-0.195	0.0012712633116883118
-0.194	0.0013782451298701296
-0.193	0.0013371821428571427
-0.192	0.0013247834415584415
-0.191	0.0012367922077922077
-0.19	0.0013255999999999995
-0.189	0.0012557201298701297
-0.188	0.001358831168831169
-0.187	0.0013530262987012987
-0.186	0.0012224292207792206
-0.185	0.0012544801948051949
-0.184	0.0013629750000000002
-0.183	0.001429286038961039
-0.182	0.0011036840909090908
-0.181	0.0012076415584415584
-0.18	0.0013640038961038963
-0.179	0.0012863522727272726
-0.178	0.001297902922077922
-0.177	0.0014584964285714282
-0.176	0.001289405844155844
-0.175	0.001229594805194805
-0.174	0.0014575889610389608
-0.173	0.0013156519480519483
-0.172	0.0012774311688311688
-0.171	0.0011851749999999997
-0.17	0.0011513990259740257
-0.169	0.001364062987012987
-0.168	0.0011951827922077921
-0.167	0.0012646107142857141
-0.166	0.0012491292207792207
-0.165	0.0012536025974025972
-0.164	0.001358862662337662
-0.163	0.0012529983766233765
-0.162	0.0013149259740259738
-0.161	0.0014729798701298695
-0.16	0.0011787944805194805
-0.159	0.0012323165584415582
-0.158	0.0012906142857142854
-0.157	0.0013614331168831167
-0.156	0.001281301948051948
-0.155	0.0013141704545454544
-0.154	0.0013496999999999997
-0.153	0.0012613451298701297
-0.152	0.001200807467532467
-0.151	0.00141697987012987
-0.15	0.0013154405844155843
-0.149	0.0012354902597402598
-0.148	0.0013073967532467531
-0.147	0.0013950269480519479
-0.146	0.0011861418831168832
-0.145	0.0014157396103896104
-0.144	0.0012252100649350647
-0.143	0.001219917857142857
-0.142	0.001187775649350649
-0.141	0.0012444428571428572
-0.14	0.0012623431818181816
-0.139	0.0014088146103896104
-0.138	0.0013142613636363634
-0.137	0.0013109045454545451
-0.136	0.0012559915584415585
-0.135	0.0013000185064935062
-0.134	0.0011739863636363633
-0.133	0.0010108525974025972
-0.132	0.0012368509740259739
-0.131	0.00124295974025974
-0.13	0.001092313961038961
-0.129	0.0013029217532467532
-0.128	0.0012736818181818183
-0.127	0.0011465616883116884
-0.126	0.0013222444805194805
-0.125	0.001131683766233766
-0.124	0.0012826931818181813
-0.123	0.0012292922077922078
-0.122	0.001266756818181818
-0.121	0.0012145064935064934
-0.12	0.0011301116883116883
-0.119	0.00108275974025974
-0.118	0.0013441668831168827
-0.117	0.0012489470779220777
-0.116	0.0010871126623376623
-0.115	0.0013821454545454542
-0.114	0.0012481616883116883
-0.113	0.0011647035714285714
-0.112	0.0011864451298701298
-0.111	0.0012354311688311686
-0.11	0.0011946996753246753
-0.109	0.0013874068181818184
-0.108	0.0013087272727272726
-0.107	0.0013110256493506492
-0.106	0.0012664545454545454
-0.105	0.0011786743506493507
-0.104	0.0013164081168831165
-0.103	0.0013305896103896102
-0.102	0.001124002922077922
-0.101	0.0011148717532467529
-0.1	0.001197572727272727
-0.099	0.00122575487012987
-0.098	0.0012727743506493504
-0.097	0.001403675649350649
-0.096	0.001264852922077922
-0.095	0.001270960064935065
-0.094	0.0012917344155844155
-0.093	0.0012152022727272725
-0.092	0.001245468831168831
-0.091	0.0011588974025974023
-0.09	0.001277762987012987
-0.089	0.0013242402597402596
-0.088	0.001167303896103896
-0.087	0.0012261172077922078
-0.086	0.0011747126623376622
-0.085	0.001208398051948052
-0.084	0.001123610714285714
-0.083	0.0011616801948051948
-0.082	0.00127540487012987
-0.081	0.0012639762987012985
-0.08	0.0011543623376623375
-0.079	0.0012195249999999997
-0.078	0.001311780844155844
-0.077	0.0011532136363636362
-0.076	0.0012673314935064933
-0.075	0.0011444740259740256
-0.074	0.001325148051948052
-0.073	0.0013615840909090907
-0.072	0.0011786444805194805
-0.071	0.0012387873376623379
-0.07	0.0012516383116883117
-0.069	0.001123640909090909
-0.068	0.001291824675324675
-0.067	0.0012399652597402595
-0.066	0.0010970012987012987
-0.065	0.0012334967532467533
-0.064	0.0012183762987012985
-0.063	0.0012136292207792208
-0.062	0.001279699025974026
-0.061	0.0010570259740259739
-0.06	0.001184841883116883
-0.059	0.0012193743506493503
-0.058	0.0012113311688311686
-0.057	0.0011495243506493506
-0.056	0.0012248165584415583
-0.055	0.0010934642857142855
-0.054	0.0012633405844155842
-0.053	0.0012593785714285716
-0.052	0.0011735337662337661
-0.051	0.001231862662337662
-0.05	0.0011676681818181818
-0.049	0.0011640688311688311
-0.048	0.0012240915584415583
-0.047	0.0010932811688311686
-0.046	0.0010947029220779222
-0.045	0.0010328967532467533
-0.044	0.0011928259740259742
-0.043	0.0012927925324675324
-0.042	0.0011869282467532468
-0.041	0.0012672100649350649
-0.04	0.001205040909090909
-0.039	0.0012961483766233766
-0.038	0.0012108464285714286
-0.037	0.0010959724025974026
-0.036	0.0011367642857142853
-0.035	0.0011499172077922076
-0.034	0.0010936444805194805
-0.033	0.0012189814935064933
-0.032	0.0012596811688311688
-0.031	0.0010842100649350647
-0.03	0.001142992857142857
-0.029	0.0011917357142857143
-0.028	0.0011343152597402598
-0.027	0.001078797077922078
-0.026	0.0011365821428571425
-0.025	0.0009617772727272727
-0.024	0.0012108477272727272
-0.023	0.0009477762987012986
-0.022	0.0012048301948051946
-0.021	0.0010175665584415585
-0.02	0.001138789935064935
-0.019	0.0011274204545454545
-0.018	0.0011032298701298701
-0.017	-4.5780022727272726e-05
-0.016	-0.0002669404415584415
-0.015	-2.597431493506493e-05
-0.014	-1.4544457792207786e-05
-0.013	0.0049735
-0.012	-6.567674675324675e-05
-0.011	-9.706346753246754e-05
-0.01	-7.18754935064935e-05
-0.009	-1.5420259740259764e-06
-0.008	0.0014358162337662337
-0.007	4.529638961038961e-05
-0.006	1.8505779220779223e-05
-0.005	0.0016705847402597401
-0.004	0.0007635369480519481
-0.003	0.005161613311688311
-0.002	0.001269811688311688
-0.001	0.0013874363636363636
0.0	0.0012324672077922078
