Initial Temperature (K)	0.02904
Excitation Current (A)	2e-07
Axis 1,2	x,y
Angle	0
Field (T)	Resistance (Ohms)
0.0	0.007767279499999999
-0.0005	0.0089966275
-0.001	0.02135535555
-0.0015	0.022947902500000002
-0.002	0.017313367000000003
-0.0025	0.0059697935
-0.003	0.01728545
-0.0035	0.0228547625
-0.004	0.012349399750000004
-0.0045	0.014081675
-0.005	0.022482237500000002
-0.0055	0.029606915
-0.006	0.019734855
-0.0065	0.020368182500000005
-0.007	0.0196510275
-0.0075	0.00649135925
-0.008	0.015460037500000003
-0.0085	0.020619602500000004
-0.009	0.037029650000000004
-0.0095	0.03892948250000001
-0.01	0.04538360250000001
-0.0105	0.03604241500000001
-0.011	0.032829285
-0.0115	0.031236711500000004
-0.012	0.18773705
-0.0125	0.8182929999999999
-0.013	0.021550912499999998
-0.0135	0.0710137425
-0.014	0.08422925
-0.0145	0.3254996000000001
-0.015	0.7042135
-0.0155	0.0455698725
-0.016	0.19371625
-0.0165	0.04652912499999999
-0.017	1.00976425
-0.0175	0.395861
-0.018	0.3051682499999999
-0.0185	0.29035042499999997
-0.019	0.5359515
-0.0195	0.32153192500000005
-0.02	0.16714545
-0.0205	0.808757
-0.021	0.9854287500000001
-0.0215	0.85361875
-0.022	1.041746
-0.0225	1.0251775
-0.023	0.9404832500000001
-0.0235	1.0490385
-0.024	1.0445864999999999
-0.0245	1.06671475
-0.025	1.0612385
-0.0255	1.0594410000000003
-0.026	1.063781
-0.0265	1.06244
-0.027	1.0747797500000003
-0.0275	1.0740255000000003
-0.028	1.0791849999999998
-0.0285	1.0138155
-0.029	1.002472
-0.0295	1.061546
-0.03	1.0625705
-0.0305	1.09289425
-0.031	1.084745
-0.0315	1.0811315
-0.032	1.0897554999999999
-0.0325	1.07683825
-0.033	1.0894387500000002
-0.0335	1.082147
-0.034	1.08048875
-0.0345	1.0846425000000002
-0.035	1.0893362500000001
-0.0355	1.0874367499999997
-0.036	1.0944867500000002
-0.0365	1.0909665
-0.037	1.089849
-0.0375	1.090659
-0.038	1.0870734999999998
-0.0385	1.10081975
-0.039	1.087409
-0.0395	1.0949060000000002
-0.04	1.0966197500000001
-0.0405	1.092382
-0.041	1.0849035
-0.0415	1.1042377500000002
-0.042	1.094375
-0.0425	1.0929500000000003
-0.043	1.0948962500000001
-0.0435	1.088023
-0.044	1.08884275
-0.0445	1.0908077500000002
-0.045	1.0956420000000002
-0.0455	1.10027
-0.046	1.0975882500000003
-0.0465	1.093276
-0.047	1.09242825
-0.0475	1.1034272500000002
-0.048	1.0896534999999998
-0.0485	1.09528775
-0.049	1.0991805000000001
-0.0495	1.0974107500000003
-0.05	1.0943380000000003
-0.0505	1.0946077499999998
-0.051	1.10055925
-0.0515	1.0999260000000002
-0.052	1.09861225
-0.0525	1.1047035
-0.053	1.1051507500000002
-0.0535	1.1040607500000001
-0.054	1.0981472500000002
-0.0545	1.0993205000000001
-0.055	1.0991712500000002
-0.0555	1.09702925
-0.056	1.09349025
-0.0565	1.0955484999999998
-0.057	1.1060074999999998
-0.0575	1.1044795000000003
-0.058	1.0911622500000002
-0.0585	1.1008105000000001
-0.059	1.1066310000000001
-0.0595	1.1158885
-0.06	1.10362275
-0.0605	1.109239
-0.061	1.1031760000000002
-0.0615	1.0981657500000002
-0.062	1.10107125
-0.0625	1.1024307500000001
-0.063	1.10811175
-0.0635	1.1035395000000001
-0.064	1.1043587499999998
-0.0645	1.0980910000000002
-0.065	1.1014345
-0.0655	1.0975697500000001
-0.066	1.1043497500000001
-0.0665	1.0973927500000002
-0.067	1.101332
-0.0675	1.1054855000000001
-0.068	1.1109900000000001
-0.0685	1.11067325
-0.069	1.1081955000000001
-0.0695	1.107432
-0.07	1.10594225
-0.0705	1.107963
-0.071	1.1058395
-0.0715	1.1085215000000002
-0.072	1.10955575
-0.0725	1.1008660000000001
-0.073	1.1058397500000001
-0.0735	1.10620275
-0.074	1.100112
-0.0745	1.1066405000000001
-0.075	1.108298
-0.0755	1.09756975
-0.076	1.1019747500000001
-0.0765	1.1001212500000002
-0.077	1.11289875
-0.0775	1.1027567500000002
-0.078	1.10614675
-0.0785	1.10760875
-0.079	1.1085402500000001
-0.0795	1.102757
-0.08	1.1080377500000003
-0.0805	1.09911575
-0.081	1.10591425
-0.0815	1.1116325000000002
-0.082	1.1025427500000005
-0.0825	1.0967872499999998
-0.083	1.1023935000000002
-0.0835	1.11308575
-0.084	1.1016857500000001
-0.0845	1.1156185
-0.085	1.1066405000000001
-0.0855	1.1004285000000003
-0.086	1.114352
-0.0865	1.100326
-0.087	1.11052425
-0.0875	1.10836375
-0.088	1.10897825
-0.0885	1.10449825
-0.089	1.1042750000000003
-0.0895	1.1005865
-0.09	1.0983515
-0.0905	1.10120125
-0.091	1.10329725
-0.0915	1.117779
-0.092	1.10570925
-0.0925	1.11020775
-0.093	1.1051225
-0.0935	1.106482
-0.094	1.1113342499999999
-0.0945	1.09851
-0.095	1.1127497499999999
-0.0955	1.11331825
-0.096	1.1124055000000002
-0.0965	1.109537
-0.097	1.1219797500000002
-0.0975	1.11325275
-0.098	1.1099277500000002
-0.0985	1.1019002500000001
-0.099	1.1106642500000001
-0.0995	1.1098355
-0.1	1.1113252500000002
-0.0995	1.107423
-0.099	1.10764625
-0.0985	1.1094627499999998
-0.098	1.1066967500000002
-0.0975	1.1094715000000002
-0.097	1.1189805
-0.0965	1.10549525
-0.096	1.10602575
-0.0955	1.09459825
-0.095	1.1024684999999999
-0.0945	1.107721
-0.094	1.10572825
-0.0935	1.1047312500000002
-0.093	1.1062587499999998
-0.0925	1.0952690000000003
-0.092	1.1106270000000003
-0.0915	1.0946077500000002
-0.091	1.1000565000000002
-0.0905	1.10486175
-0.09	1.093611
-0.0895	1.092857
-0.089	1.1008665
-0.0885	1.0934715000000002
-0.088	1.0840745
-0.0875	1.0879580000000002
-0.087	1.0895320000000002
-0.0865	1.097588
-0.086	1.09274525
-0.0855	1.097588
-0.085	1.0963307500000001
-0.0845	1.0985665000000002
-0.084	1.0921957500000001
-0.0835	1.08589975
-0.083	1.090147
-0.0825	1.08682175
-0.082	1.0923265
-0.0815	1.09341625
-0.081	1.086096
-0.0805	1.09957225
-0.08	1.0829107499999997
-0.0795	1.09149775
-0.079	1.08450325
-0.0785	1.0841682499999998
-0.078	1.0755530000000002
-0.0775	1.0785425000000002
-0.077	1.076605
-0.0765	1.0870457500000001
-0.076	1.0731410000000001
-0.0755	1.08213725
-0.075	1.0895227500000002
-0.0745	1.0800515
-0.074	1.0801722500000002
-0.0735	1.0701050000000003
-0.073	1.08439125
-0.0725	1.0905660000000004
-0.072	1.0744632499999998
-0.0715	1.08201625
-0.071	1.07682875
-0.0705	1.0748637500000002
-0.07	1.0806755000000001
-0.0695	1.0719952499999998
-0.069	1.072703
-0.0685	1.0689497500000003
-0.068	1.0676925000000002
-0.0675	1.06705925
-0.067	1.0827707500000001
-0.0665	1.0793712500000001
-0.066	1.0702905
-0.0655	1.068568
-0.065	1.067199
-0.0645	1.0679065
-0.064	1.0780027500000002
-0.0635	1.0716695
-0.063	1.0798095
-0.0625	1.0618904999999998
-0.062	1.07728525
-0.0615	1.0696577500000002
-0.061	1.0582397500000003
-0.0605	1.0688755
-0.06	1.0575224999999997
-0.0595	1.0740720000000001
-0.059	1.07368075
-0.0585	1.06545725
-0.058	1.070729
-0.0575	1.07302925
-0.057	1.0615554999999999
-0.0565	1.0664165000000003
-0.056	1.05526875
-0.0555	1.0697135
-0.055	1.0493455000000003
-0.0545	1.05682425
-0.054	1.06199325
-0.0535	1.0678325
-0.053	1.045993
-0.0525	1.0625517500000001
-0.052	1.058035
-0.0515	1.054915
-0.051	1.0600555
-0.0505	1.0663705
-0.05	1.0577740000000002
-0.0495	1.0164607500000002
-0.049	1.021564
-0.0485	1.0572709999999998
-0.048	1.0381505
-0.0475	1.0334197500000002
-0.047	1.01389975
-0.0465	1.0498205
-0.046	1.0434315
-0.0455	1.04665425
-0.045	0.9538475000000001
-0.0445	0.95076525
-0.044	0.9189512500000002
-0.0435	1.0109750000000002
-0.043	1.042239
-0.0425	1.0433015000000003
-0.042	1.03216275
-0.0415	0.631952
-0.041	0.81943025
-0.0405	0.8596257499999999
-0.04	0.31848624999999997
-0.0395	0.46824374999999996
-0.039	0.19754415000000003
-0.0385	0.15877265
-0.038	0.9731355
-0.0375	0.9368417500000001
-0.037	0.9970610000000001
-0.0365	0.04525320000000001
-0.036	0.081323525
-0.0355	0.8786062500000001
-0.035	0.75414325
-0.0345	0.7756552500000001
-0.034	0.38950922500000007
-0.0335	0.054966925
-0.033	0.9996407500000001
-0.0325	0.37302399999999997
-0.032	0.6925897500000001
-0.0315	0.24611302500000004
-0.031	0.34482324999999997
-0.0305	0.9574145000000001
-0.03	0.43194099999999996
-0.0295	1.0115055000000002
-0.029	0.033099392500000005
-0.0285	0.01999560875
-0.028	0.15553162999999998
-0.0275	0.98429275
-0.027	0.536892
-0.0265	0.6562782500000001
-0.026	0.2840551125
-0.0255	0.045644425
-0.025	0.37933952499999996
-0.0245	0.94040875
-0.024	0.17363679999999998
-0.0235	0.01896184275
-0.023	0.023888557500000004
-0.0225	0.027772199999999993
-0.022	0.0137743415
-0.0215	0.0105426375
-0.021	0.025406617500000003
-0.0205	0.3026445885
-0.02	0.0113715255
-0.0195	0.0184309625
-0.019	0.0178721825
-0.0185	0.015841865
-0.018	0.0221004275
-0.0175	0.015432102500000003
-0.017	0.7439997500000001
-0.0165	0.019967670000000007
-0.016	0.017704552499999998
-0.0155	0.01752756125
-0.015	0.02605852
-0.0145	0.013858155
-0.014	0.0188407525
-0.0135	0.013737091750000003
-0.013	0.01351355725
-0.0125	0.0086520415
-0.012	0.01731335
-0.0115	0.0232645575
-0.011	0.021997986000000004
-0.0105	0.0116602216
-0.01	0.017508964250000005
-0.0095	0.017201612499999998
-0.009	0.0137836555
-0.0085	0.01155777
-0.008	0.01390470825
-0.0075	0.0098441425
-0.007	0.018645184000000002
-0.0065	0.014789487000000004
-0.006	0.0164845075
-0.0055	0.014398329999999999
-0.005	0.023264562500000002
-0.0045	0.015832534500000002
-0.004	0.016205113500000003
-0.0035	0.020628912500000002
-0.003	0.010142145
-0.0025	0.008642732500000002
-0.002	0.0190456325
-0.0015	0.01900839825
-0.001	0.026794277500000005
-0.0005	0.024242447500000007
0.0	0.016279606000000002
0.0005	0.008633406750000001
0.001	0.023525342500000004
0.0015	0.024186567500000002
0.002	0.016959477000000004
0.0025	0.014156182500000001
0.003	0.020712717500000002
0.0035	0.01783495475
0.004	0.0134949425
0.0045	0.015925720749999997
0.005	0.027977142500000003
0.0055	0.011995513250000001
0.006	0.01393266925
0.0065	0.011939601750000002
0.007	0.009425041750000002
0.0075	0.01796531575
0.008	0.03246610525
0.0085	0.033294955
0.009	0.008596180750000001
0.0095	0.013131695000000004
0.01	0.015664952250000003
0.0105	0.040428905
0.011	0.024475310000000007
0.0115	0.24724917500000004
0.012	0.29103075
0.0125	0.22596799999999997
0.013	0.1083693875
0.0135	0.046389475000000006
0.014	0.2395005
0.0145	0.052638674999999996
0.015	0.6913610000000002
0.0155	0.440611375
0.016	0.5993465
0.0165	0.58784525
0.017	0.5801615
0.0175	0.37901300000000004
0.018	0.11158240000000001
0.0185	0.7970500000000001
0.019	1.059292
0.0195	1.04882375
0.02	0.9031182499999999
0.0205	0.6544807500000002
0.021	0.6174885
0.0215	1.0653732500000002
0.022	0.8628575
0.0225	1.0678605
0.023	1.07245175
0.0235	1.0368845000000002
0.024	1.064191
0.0245	0.9772332500000002
0.025	1.079194
0.0255	1.07676375
0.026	1.04491225
0.0265	1.0601859999999999
0.027	0.98295175
0.0275	1.07022575
0.028	1.0919159999999999
0.0285	1.06735725
0.029	1.0575035000000002
0.0295	1.09045375
0.03	1.089495
0.0305	1.06495475
0.031	1.08740875
0.0315	1.0853225
0.032	1.088666
0.0325	1.08119675
0.033	1.087623
0.0335	1.08767875
0.034	1.0937510000000001
0.0345	1.0923262500000002
0.035	1.08575075
0.0355	1.0934345
0.036	1.0976162500000002
0.0365	1.09015575
0.037	1.09441225
0.0375	1.0887220000000002
0.038	1.08864775
0.0385	1.0933035
0.039	1.0963495
0.0395	1.09873375
0.04	1.0971225
0.0405	1.0893735
0.041	1.0970015000000004
0.0415	1.096014
0.042	1.0907705
0.0425	1.0898305000000001
0.043	1.0940395
0.0435	1.094403
0.044	1.0970012500000004
0.0445	1.0963962500000002
0.045	1.0986405
0.0455	1.1030735
0.046	1.1087362500000002
0.0465	1.1059515000000002
0.047	1.1048897500000001
0.0475	1.1050017500000002
0.048	1.1024030000000002
0.0485	1.0947847500000003
0.049	1.1071435
0.0495	1.103521
0.05	1.1048707500000001
0.0505	1.09635925
0.051	1.0994880000000002
0.0515	1.100382
0.052	1.101276
0.0525	1.1017235
0.053	1.1060162500000001
0.0535	1.1074970000000004
0.054	1.1032507500000002
0.0545	1.10153725
0.055	1.1037815
0.0555	1.10004675
0.056	1.10583
0.0565	1.0985750000000003
0.057	1.1082329999999998
0.0575	1.1057930000000002
0.058	1.1029060000000002
0.0585	1.091972
0.059	1.10745075
0.0595	1.1124049999999999
0.06	1.1023285
0.0605	1.09695475
0.061	1.111521
0.0615	1.1080097500000001
0.062	1.0998885000000003
0.0625	1.1011185000000003
0.063	1.107665
0.0635	1.10533675
0.064	1.1093140000000001
0.0645	1.1119305
0.065	1.113011
0.0655	1.1070315000000002
0.066	1.10679875
0.0665	1.1078232499999998
0.067	1.09832375
0.0675	1.10718025
0.068	1.11353225
0.0685	1.0995625000000002
0.069	1.10746925
0.0695	1.11201425
0.07	1.1043030000000003
0.0705	1.1052250000000001
0.071	1.10551375
0.0715	1.10553225
0.072	1.10804675
0.0725	1.108215
0.073	1.1111665000000002
0.0735	1.11104575
0.074	1.10225425
0.0745	1.114445
0.075	1.1056165000000002
0.0755	1.10193775
0.076	1.1056347499999999
0.0765	1.0998510000000001
0.077	1.1038095
0.0775	1.1065937500000003
0.078	1.1013785
0.0785	1.10456375
0.079	1.1085217500000002
0.0795	1.1076837500000003
0.08	1.106678
0.0805	1.11737875
0.081	1.1085405
0.0815	1.1045734999999999
0.082	1.10526225
0.0825	1.10431275
0.083	1.11445475
0.0835	1.111493
0.084	1.1117530000000002
0.0845	1.11287075
0.085	1.108317
0.0855	1.1125635
0.086	1.09575325
0.0865	1.1018350000000001
0.087	1.10423725
0.0875	1.1080465000000002
0.088	1.10215175
0.0885	1.11537625
0.089	1.111511
0.0895	1.11615875
0.09	1.1136997499999999
0.0905	1.11230275
0.091	1.11473375
0.0915	1.10773925
0.092	1.11567425
0.0925	1.1132157500000002
0.093	1.11677325
0.0935	1.11620525
0.094	1.11888775
0.0945	1.1025522500000002
0.095	1.113672
0.0955	1.107395
0.096	1.1090155000000002
0.0965	1.1117997499999999
0.097	1.1053180000000002
0.0975	1.12161575
0.098	1.1174715
0.0985	1.11507825
0.099	1.117537
0.0995	1.108913
0.1	1.1096115
0.0995	1.1198839999999999
0.099	1.1094905
0.0985	1.1070502500000001
0.098	1.111679
0.0975	1.1012665000000001
0.097	1.1137562499999998
0.0965	1.11140925
0.096	1.1046102500000001
0.0955	1.1014252500000001
0.095	1.10998375
0.0945	1.0987895
0.094	1.09937625
0.0935	1.099078
0.093	1.1025242499999999
0.0925	1.1003915
0.092	1.1034924999999998
0.0915	1.1013415
0.091	1.0993760000000001
0.0905	1.09859425
0.09	1.0885357500000001
0.0895	1.0994317500000002
0.089	1.0983705000000001
0.0885	1.10013025
0.088	1.0968054999999999
0.0875	1.08812575
0.087	1.089495
0.0865	1.0908082499999998
0.086	1.09683375
0.0855	1.09468225
0.085	1.08999775
0.0845	1.090594
0.084	1.09111525
0.0835	1.09143175
0.083	1.0940307500000002
0.0825	1.0861980000000002
0.082	1.0863192499999998
0.0815	1.0951202500000001
0.081	1.0841115
0.0805	1.0889267500000002
0.08	1.0788032500000002
0.0795	1.0810012500000001
0.079	1.0792597499999999
0.0785	1.08658875
0.078	1.0802372500000001
0.0775	1.0928847500000003
0.077	1.0868777500000002
0.0765	1.0977275
0.076	1.0852012500000001
0.0755	1.0763725
0.075	1.089076
0.0745	1.0843632499999998
0.074	1.0861607500000003
0.0735	1.0791667500000002
0.073	1.092531
0.0725	1.0739885
0.072	1.0804982500000002
0.0715	1.08566725
0.071	1.0709150000000003
0.0705	1.07543175
0.07	1.0840002499999999
0.0695	1.0722655
0.069	1.0752175000000002
0.0685	1.0683165
0.068	1.07945525
0.0675	1.083264
0.067	1.08309725
0.0665	1.06976
0.066	1.073979
0.0655	1.07646575
0.065	1.0742030000000002
0.0645	1.0671337500000002
0.064	1.06645425
0.0635	1.06570875
0.063	1.05794175
0.0625	1.0662585000000002
0.062	1.0731870000000001
0.0615	1.0680369999999997
0.061	1.0594875000000001
0.0605	1.0671527500000002
0.06	1.0735880000000002
0.0595	1.0632224999999997
0.059	1.0714927500000002
0.0585	1.0717905
0.058	1.0544492500000002
0.0575	1.0598415
0.057	1.07111975
0.0565	1.06828875
0.056	1.0649822500000001
0.0555	1.0728989999999998
0.055	1.0570194999999998
0.0545	1.0683725
0.054	1.0556785
0.0535	1.0592085
0.053	1.0606705000000003
0.0525	1.03143625
0.052	1.0314267499999998
0.0515	1.0514225000000001
0.051	1.021983
0.0505	1.0376485000000002
0.05	1.0448845000000002
0.0495	1.06459125
0.049	1.0578020000000001
0.0485	1.02518725
0.048	1.02816725
0.0475	0.982551
0.047	1.00742725
0.0465	1.04383175
0.046	1.0346495
0.0455	1.0141507500000002
0.045	1.0095037500000001
0.0445	1.00796675
0.044	1.024619
0.0435	1.0465425000000002
0.043	0.7266859999999999
0.0425	1.0334755
0.042	1.0475205
0.0415	1.0509752499999998
0.041	0.8937219999999999
0.0405	0.9147227500000001
0.04	0.8986765
0.0395	0.2054045
0.039	0.33552925
0.0385	0.9945092500000001
0.038	0.7268165000000002
0.0375	0.08666932499999998
0.037	0.38559799999999994
0.0365	0.36706375
0.036	0.9351837500000002
0.0355	0.17060970000000006
0.035	0.17955055
0.0345	0.19080112500000002
0.034	0.09406412500000001
0.0335	0.9678550000000001
0.033	0.78592075
0.0325	0.07071569999999999
0.032	0.6884737500000001
0.0315	0.098124775
0.031	0.18561357500000003
0.0305	1.02380875
0.03	0.8333905
0.0295	0.6829700000000001
0.029	0.41891200000000006
0.0285	0.026058560000000005
0.028	0.71998975
0.0275	0.5235180000000001
0.027	0.025956110000000004
0.0265	0.60566975
0.026	0.24944705
0.0255	0.029951490000000004
0.025	0.03441263910000001
0.0245	0.059074125000000005
0.024	0.10483035000000002
0.0235	0.170032425
0.023	0.15573657500000002
0.0225	0.065397825
0.022	0.26472047499999996
0.0215	0.009769637350000002
0.021	0.0163634325
0.0205	0.02074065
0.02	0.0289363675
0.0195	0.015162024750000003
0.019	0.013681230750000002
0.0185	0.009695121700000002
0.018	0.0322239125
0.0175	0.016056085
0.017	0.01675461
0.0165	0.0225381425
0.016	0.030892155000000004
0.0155	0.0074878900000000005
0.015	0.010859275000000002
0.0145	0.019036334999999998
0.014	0.020535772500000004
0.0135	0.022119030000000005
0.013	0.0158139375
0.0125	0.016214424
0.012	0.012526361500000003
0.0115	0.0162982275
0.011	0.015935037500000002
0.0105	0.0142213825
0.01	0.0197720925
0.0095	0.009639235
0.009	0.021942069999999994
0.0085	0.022063137500000007
0.008	0.009834822500000001
0.0075	0.01248910525
0.007	0.0221097
0.0065	0.010682331250000001
0.006	0.017853552499999998
0.0055	0.0126474242
0.005	0.0190549675
0.0045	0.013802272500000004
0.004	0.025863007500000004
0.0035	0.017788344999999997
0.003	0.0171736725
0.0025	0.023348416700000003
0.002	0.022556745
0.0015	0.004647321000000001
0.001	0.0206848025
0.0005	0.02588161
-0.0	0.020088750000000002
-0.0005	0.010682338500000001
-0.001	0.019008385000000003
-0.0015	0.0176020975
-0.002	0.026319340000000004
-0.0025	0.017546215500000004
-0.003	0.024624295000000004
-0.0035	0.013001361
-0.004	0.0104774315
-0.0045	0.01649384
-0.005	0.017136415000000002
-0.0055	0.0201911715
-0.006	0.012163140250000003
-0.0065	0.016912905
-0.007	0.016410005000000002
-0.0075	0.017285435000000002
-0.008	0.0292157675
-0.0085	0.013224842500000002
-0.009	0.032354297500000004
-0.0095	0.017453095000000002
-0.01	0.0272413225
-0.0105	0.0284520725
-0.011	0.0443405175
-0.0115	0.031767605000000004
-0.012	0.03417040849999999
-0.0125	0.46608305
-0.013	0.028796647500000005
-0.0135	0.025248310000000003
-0.014	0.75005325
-0.0145	0.01983729825
-0.015	0.12389450000000002
-0.0155	0.6616985
-0.016	0.6239702500000001
-0.0165	0.0222121825
-0.017	0.0680335
-0.0175	0.9806325000000001
-0.018	0.14253035
-0.0185	0.3159155
-0.019	0.49749725000000006
-0.0195	0.76491875
-0.02	0.938835
-0.0205	0.7303952499999999
-0.021	0.5148565
-0.0215	1.07778775
-0.022	0.9130002500000001
-0.0225	1.02539175
-0.023	1.04372025
-0.0235	1.03978125
-0.024	0.91585925
-0.0245	0.909759
-0.025	0.8975957500000001
-0.0255	0.8811672500000001
-0.026	1.0679347499999998
-0.0265	1.07919475
-0.027	1.0827894999999998
-0.0275	1.07491
-0.028	1.0815505
-0.0285	1.035944
-0.029	1.0115155
-0.0295	1.0255500000000002
-0.03	1.09591175
-0.0305	1.054645
-0.031	1.08159775
-0.0315	1.0662772500000002
-0.032	1.091069
-0.0325	1.0857045
-0.033	1.0620395
-0.0335	1.0802470000000002
-0.034	1.09072425
-0.0345	1.09617275
-0.035	1.072144
-0.0355	1.08129025
-0.036	1.0755155000000003
-0.0365	1.0937137499999998
-0.037	1.09063125
-0.0375	1.0955667500000001
-0.038	1.08724125
-0.0385	1.0955484999999998
-0.039	1.0983615
-0.0395	1.10364175
-0.04	1.0856675
-0.0405	1.094161
-0.041	1.1028777499999998
-0.0415	1.0884984999999998
-0.042	1.1009872500000002
-0.0425	1.1133370000000002
-0.043	1.1009315000000002
-0.0435	1.0991805
-0.044	1.0977745
-0.0445	1.1002792499999998
-0.045	1.0998045000000003
-0.0455	1.09865925
-0.046	1.09602375
-0.0465	1.1051132499999998
-0.047	1.0991617500000002
-0.0475	1.098752
-0.048	1.09244725
-0.0485	1.09682425
-0.049	1.10279375
-0.0495	1.10411625
-0.05	1.10741375
-0.0505	1.0997117500000002
-0.051	1.10396775
-0.0515	1.0973462500000002
-0.052	1.0971035000000002
-0.0525	1.1019000000000003
-0.053	1.1066030000000004
-0.0535	1.0999535
-0.054	1.0974765
-0.0545	1.0987335
-0.055	1.10037275
-0.0555	1.10252425
-0.056	1.1081029999999998
-0.0565	1.10873575
-0.057	1.1013785
-0.0575	1.1031485
-0.058	1.10760925
-0.0585	1.1129457500000002
-0.059	1.105877
-0.0595	1.106249
-0.06	1.10897825
-0.0605	1.10512275
-0.061	1.0916647500000003
-0.0615	1.1103189999999998
-0.062	1.1091365
-0.0625	1.1055230000000003
-0.063	1.1105334999999998
-0.0635	1.11852425
-0.064	1.1075715
-0.0645	1.1084100000000001
-0.065	1.1066500000000001
-0.0655	1.1032507500000002
-0.066	1.1088384999999998
-0.0665	1.10658425
-0.067	1.1099280000000002
-0.0675	1.1140262500000002
-0.068	1.1057655
-0.0685	1.1064450000000001
-0.069	1.1138585
-0.0695	1.1075907500000002
-0.07	1.1164939999999999
-0.0705	1.1144265
-0.071	1.0997394999999999
-0.0715	1.10765575
-0.072	1.11899
-0.0725	1.1105895000000001
-0.073	1.1080372500000002
-0.0735	1.10570925
-0.074	1.1150972500000003
-0.0745	1.1061280000000002
-0.075	1.1116135
-0.0755	1.111763
-0.076	1.1053365000000002
-0.0765	1.0993387500000003
-0.077	1.102114
-0.0775	1.1072465
-0.078	1.1020587499999999
-0.0785	1.1084282500000002
-0.079	1.10840075
-0.0795	1.1151805000000001
-0.08	1.1111205
-0.0805	1.11588875
-0.081	1.114529
-0.0815	1.111409
-0.082	1.104228
-0.0825	1.1071897499999996
-0.083	1.1128802500000001
-0.0835	1.1104405
-0.084	1.115814
-0.0845	1.1169505000000002
-0.085	1.113644
-0.0855	1.1092857500000002
-0.086	1.10960225
-0.0865	1.09752325
-0.087	1.11399775
-0.0875	1.111353
-0.088	1.11641925
-0.0885	1.1073205
-0.089	1.113085
-0.0895	1.1168385
-0.09	1.115749
-0.0905	1.107525
-0.091	1.1102260000000002
-0.0915	1.1089410000000002
-0.092	1.1113345000000001
-0.0925	1.12305975
-0.093	1.1140165
-0.0935	1.1145105000000004
-0.094	1.1169224999999998
-0.0945	1.11111075
-0.095	1.118562
-0.0955	1.1160100000000002
-0.096	1.1091924999999998
-0.0965	1.1075995
-0.097	1.11343925
-0.0975	1.1178535000000003
-0.098	1.1097977500000002
-0.0985	1.1195862500000002
-0.099	1.1170155
-0.0995	1.12030325
-0.1	1.12090825
-0.0995	1.10828875
-0.099	1.1166335
-0.0985	1.1110455000000001
-0.098	1.1143797500000001
-0.0975	1.10953675
-0.097	1.1079817500000002
-0.0965	1.1106265
-0.096	1.11032825
-0.0955	1.1062307500000002
-0.095	1.0986030000000002
-0.0945	1.09949775
-0.094	1.1129732500000002
-0.0935	1.1008852500000004
-0.093	1.1042282499999998
-0.0925	1.10126675
-0.092	1.10067075
-0.0915	1.09224225
-0.091	1.103558
-0.0905	1.0981750000000003
-0.09	1.10347425
-0.0895	1.10069875
-0.089	1.1011179999999998
-0.0885	1.09769975
-0.088	1.1063705
-0.0875	1.0881537500000003
-0.087	1.0917207500000001
-0.0865	1.0942355000000001
-0.086	1.09344375
