Initial Temperature (K)	0.0193812
Excitation Current (A)	2e-07
Field (T)	Resistance (Ohms)
0.0	-0.03567918500000001
-0.0002	-0.020880335000000003
-0.0004	-0.04731145
-0.0006000000000000001	-0.0152272195
-0.0008	-0.006360971000000001
-0.001	-0.010728914999999999
-0.0012000000000000001	-0.028358920000000003
-0.0014	0.0914098325
-0.0016	0.04979805000000001
-0.0018000000000000002	-0.022435660000000003
-0.002	-0.017806995000000003
-0.0022	0.028917735000000003
-0.0024000000000000002	0.0005308652500000003
-0.0026000000000000003	-0.031776872500000004
-0.0028	-0.0070594622500000015
-0.003	-0.006677607499999998
-0.0032	-0.0163541125
-0.0034000000000000002	-0.013969916750000002
-0.0036000000000000003	-0.010328428249999999
-0.0038	-0.022621970000000005
-0.004	-0.03010979500000001
-0.004200000000000001	-0.027520707500000005
-0.0044	-0.015488014
-0.0046	-0.027381060000000002
-0.0048000000000000004	-0.028312365000000003
-0.005	-0.030407835000000005
-0.005200000000000001	-0.04350231499999999
-0.0054	-0.015711495000000002
-0.0056	-0.037895697500000006
-0.0058000000000000005	-0.033993472500000003
-0.006	0.3283482500000001
-0.006200000000000001	-0.022985183499999996
-0.0064	-0.009583352500000001
-0.0066	0.6736844999999999
-0.0068000000000000005	0.6030527500000001
-0.007	-0.033546415
-0.007200000000000001	0.006239899249999999
-0.0074	-0.015413452499999997
-0.0076	0.2643668
-0.0078000000000000005	0.12402495
-0.008	-0.009890707750000003
-0.0082	-0.0011082700000000002
-0.008400000000000001	0.0226033325
-0.0086	-0.008065292500000001
-0.0088	-0.0177324725
-0.009000000000000001	0.24858085
-0.0092	0.50108275
-0.0094	0.0008195599000000009
-0.009600000000000001	-0.0008754467499999999
-0.0098	0.6471979999999999
-0.01	0.2999245000000001
-0.0102	0.031460225
-0.010400000000000001	0.036610519999999994
-0.0106	0.6620424999999999
-0.0108	0.35452825000000004
-0.011000000000000001	0.38901600000000003
-0.0112	0.369504
-0.0114	0.038668698
-0.011600000000000001	0.0904598
-0.0118	0.67665525
-0.012	0.7091212500000001
-0.0122	0.4596387500000001
-0.012400000000000001	0.4947862500000001
-0.0126	0.4635317500000001
-0.0128	0.46742425000000004
-0.013000000000000001	0.5878165000000002
-0.0132	0.5939820000000001
-0.0134	0.4680762500000001
-0.013600000000000001	0.485771
-0.013800000000000002	0.73004875
-0.014	0.5823215000000002
-0.0142	0.5606585
-0.014400000000000001	0.7484337500000001
-0.0146	0.7416250000000001
-0.0148	0.47269549999999994
-0.015000000000000001	0.47499600000000003
-0.0152	0.78237175
-0.0154	0.5645522500000001
-0.015600000000000001	0.6498612500000001
-0.0158	0.93384275
-0.016	0.9482599999999999
-0.0162	0.49941525
-0.0164	0.476682
-0.0166	0.798056
-0.016800000000000002	0.56725275
-0.017	0.5247095
-0.0172	0.99038375
-0.017400000000000002	0.8246072500000001
-0.0176	0.87820575
-0.0178	0.81821925
-0.018000000000000002	0.8344244999999999
-0.0182	0.72071625
-0.0184	0.7616299999999999
-0.018600000000000002	0.7307192499999999
-0.0188	0.7702177500000001
-0.019	0.9636267500000001
-0.019200000000000002	0.8913280000000001
-0.0194	0.8591505
-0.0196	0.7964444999999999
-0.0198	0.8954265000000001
-0.02	0.896758
-0.020200000000000003	0.7486662500000003
-0.0204	0.9669329999999999
-0.0206	0.9487907500000001
-0.020800000000000003	0.7956534999999999
-0.021	0.8730185000000001
-0.0212	0.82405875
-0.021400000000000002	0.8715750000000001
-0.0216	0.8902572499999999
-0.0218	0.9314305
-0.022000000000000002	0.8714722500000001
-0.0222	0.8710442500000001
-0.0224	0.978593
-0.022600000000000002	0.9894620000000001
-0.0228	0.8692282500000001
-0.023	0.8580610000000002
-0.023200000000000002	0.868846
-0.0234	0.8662755000000001
-0.0236	0.8859917500000003
-0.0238	0.8426665
-0.024	0.8424802500000002
-0.024200000000000003	0.9702670000000001
-0.0244	0.9517709999999999
-0.0246	0.9636455
-0.024800000000000003	0.9827095
-0.025	1.0057407500000002
-0.0252	0.9930467500000002
-0.025400000000000002	0.991967
-0.0256	0.97961725
-0.0258	0.9590540000000002
-0.026000000000000002	0.91645525
-0.0262	0.9529535000000001
-0.0264	0.9366460000000001
-0.026600000000000002	0.9377642500000001
-0.0268	0.9100842500000002
-0.027	0.97226025
-0.027200000000000002	0.977494
-0.0274	0.9681715
-0.027600000000000003	1.0230074999999998
-0.027800000000000002	0.9478967500000001
-0.028	0.9575267500000001
-0.028200000000000003	1.0001252500000002
-0.0284	0.9879435000000001
-0.0286	0.9557570000000001
-0.028800000000000003	0.9331260000000001
-0.029	0.9646975000000001
-0.0292	0.96546075
-0.029400000000000003	0.9837245000000001
-0.0296	1.01125425
-0.0298	1.01849075
-0.030000000000000002	1.0256060000000002
-0.0302	0.9998460000000001
-0.0304	1.0132665
-0.030600000000000002	1.0046515
-0.0308	1.00643
-0.031	1.0154825
-0.031200000000000002	1.0159392500000002
-0.031400000000000004	0.9864252500000003
-0.0316	0.995515
-0.0318	1.0058715
-0.032	0.9834450000000001
-0.0322	0.9928425000000002
-0.0324	1.0089172500000003
-0.032600000000000004	1.0059275
-0.0328	1.0047627500000003
-0.033	0.985913
-0.0332	0.997024
-0.0334	1.0242462500000002
-0.033600000000000005	1.010407
-0.033800000000000004	1.04244475
-0.034	1.00115
-0.0342	1.019795
-0.0344	1.01006225
-0.0346	1.01648825
-0.034800000000000005	1.0273570000000003
-0.035	0.99548725
-0.0352	1.0019325
-0.0354	0.994211
-0.0356	1.01918
-0.0358	1.01270725
-0.036000000000000004	1.00869325
-0.0362	1.0470362500000001
-0.0364	1.0228679999999999
-0.0366	0.9904397499999998
-0.0368	1.0141507500000002
-0.037000000000000005	1.0118692500000002
-0.037200000000000004	1.003217
-0.0374	1.0107237500000001
-0.0376	1.00439075
-0.0378	1.00913125
-0.038	1.0205305
-0.038200000000000005	1.0409540000000002
-0.038400000000000004	1.034612
-0.0386	1.02644425
-0.0388	1.0356365
-0.039	1.0141695
-0.0392	1.036419
-0.039400000000000004	1.03558075
-0.0396	1.02949925
-0.0398	1.0275152500000002
-0.04	0.9899642500000002
-0.0402	0.9897967500000001
-0.040400000000000005	1.00851675
-0.040600000000000004	0.995981
-0.0408	1.0224957500000003
-0.041	1.0278599999999998
-0.0412	1.03599975
-0.0414	1.03203225
-0.041600000000000005	1.0530055000000003
-0.041800000000000004	1.0296292500000002
-0.042	1.007129
-0.0422	1.0349937500000002
-0.0424	1.0047355
-0.0426	1.0259880000000001
-0.042800000000000005	1.025727
-0.043000000000000003	1.0353847500000002
-0.0432	1.00096375
-0.0434	1.039697
-0.0436	1.0239112500000003
-0.0438	1.0375830000000001
-0.044000000000000004	1.023865
-0.0442	1.046412
-0.0444	1.04512675
-0.0446	1.0238087500000002
-0.0448	1.02599725
-0.045000000000000005	1.03980825
-0.045200000000000004	1.0449872500000001
-0.0454	1.0332149999999998
-0.0456	1.04683075
-0.0458	1.04213725
-0.046	1.02561525
-0.046200000000000005	1.0511525
-0.046400000000000004	1.04759475
-0.0466	1.0438785
-0.0468	1.0388965
-0.047	1.0288657500000002
-0.0472	1.04074975
-0.047400000000000005	1.02214125
-0.0476	1.0208655
-0.0478	1.02454425
-0.048	1.02840975
-0.0482	1.055865
-0.048400000000000006	1.02935025
-0.048600000000000004	1.0489730000000002
-0.0488	1.03777875
-0.049	1.0306725
-0.0492	1.045453
-0.0494	1.038151
-0.049600000000000005	1.0507982500000004
-0.049800000000000004	1.0547565
-0.05	1.0325815000000003
-0.0502	1.0265837500000001
-0.0504	1.0253077500000003
-0.0506	1.051208
-0.050800000000000005	1.0350777500000001
-0.051000000000000004	1.04365525
-0.0512	1.0244047500000002
-0.0514	1.0410475000000001
-0.0516	1.05999975
-0.051800000000000006	1.071688
-0.052000000000000005	1.0480415
-0.0522	1.04373
-0.0524	1.0503235
-0.0526	1.0304027500000001
-0.0528	1.0524932500000004
-0.053000000000000005	1.0605772500000001
-0.053200000000000004	1.0267797500000002
-0.0534	1.0483680000000002
-0.0536	1.05121775
-0.0538	1.0529497500000002
-0.054	1.033122
-0.054200000000000005	1.0503985
-0.054400000000000004	1.053425
-0.0546	1.0509007500000003
-0.0548	1.0419045000000002
-0.055	1.0603725
-0.055200000000000006	1.053024
-0.055400000000000005	1.0610615
-0.055600000000000004	1.04461425
-0.0558	1.0581375
-0.056	1.03981775
-0.0562	1.055371
-0.056400000000000006	1.0197855000000002
-0.056600000000000004	1.050435
-0.0568	1.037639
-0.057	1.0392687500000002
-0.0572	1.03684725
-0.0574	1.0332985
-0.057600000000000005	1.0409917499999999
-0.057800000000000004	1.0456485
-0.058	1.05441175
-0.0582	1.0568982500000002
-0.0584	1.0492802500000002
-0.058600000000000006	1.052391
-0.058800000000000005	1.03407175
-0.059000000000000004	1.0545145
-0.0592	1.0279807500000002
-0.0594	1.05702875
-0.0596	1.0423515
-0.059800000000000006	1.0367635000000002
-0.060000000000000005	1.0615742499999998
-0.060200000000000004	1.05579025
-0.0604	1.0485355
-0.0606	1.0411595000000002
-0.0608	1.0424257500000003
-0.061000000000000006	1.0548309999999999
-0.061200000000000004	1.0600742500000002
-0.0614	1.0624215
-0.0616	1.061965
-0.0618	1.0619465
-0.062	1.0464867500000004
-0.062200000000000005	1.039958
-0.062400000000000004	1.05513825
-0.0626	1.0565075
-0.06280000000000001	1.0504167500000001
-0.063	1.07356025
-0.0632	1.0326282500000001
-0.0634	1.0495042500000002
-0.0636	1.053788
-0.06380000000000001	1.05000675
-0.064	1.0457975000000002
-0.06420000000000001	1.0485820000000001
-0.0644	1.03789975
-0.0646	1.0440745
-0.0648	1.03470525
-0.065	1.0527635000000002
-0.06520000000000001	1.0295832500000002
-0.0654	1.0669662500000001
-0.0656	1.06594225
-0.0658	1.03869125
-0.066	1.0688567500000001
-0.06620000000000001	1.0310355000000002
-0.0664	1.060978
-0.0666	1.07108275
-0.0668	1.0425562499999999
-0.067	1.0252055
-0.06720000000000001	1.04774425
-0.0674	1.05688925
-0.06760000000000001	1.04786475
-0.0678	1.0420070000000001
-0.068	1.0523442500000002
-0.0682	1.0523445
-0.0684	1.0577555000000003
-0.06860000000000001	1.0738207499999999
-0.0688	1.045518
-0.069	1.0753762500000001
-0.0692	1.07064525
-0.0694	1.0604752499999999
-0.06960000000000001	1.0603352499999998
-0.0698	1.03171575
-0.07	1.04591825
-0.0702	1.0644239999999998
-0.0704	1.0385795
-0.07060000000000001	1.058184
-0.0708	1.0467564999999999
-0.07100000000000001	1.0441487500000002
-0.0712	1.0586960000000003
-0.0714	1.05584625
-0.0716	1.0474179999999997
-0.0718	1.0522510000000003
-0.07200000000000001	1.0460765
-0.0722	1.06086625
-0.0724	1.04520125
-0.0726	1.0465145000000002
-0.0728	1.0551009999999998
-0.07300000000000001	1.0705514999999999
-0.0732	1.06056825
-0.0734	1.0578020000000001
-0.0736	1.061099
-0.0738	1.0520277500000002
-0.07400000000000001	1.0364745
-0.0742	1.0533312500000003
-0.07440000000000001	1.051702
-0.0746	1.0597765
-0.0748	1.05457925
-0.075	1.0608285000000002
-0.0752	1.0500437500000002
-0.07540000000000001	1.046468
-0.0756	1.0438882500000002
-0.0758	1.05328525
-0.076	1.0444000000000002
-0.0762	1.04614175
-0.07640000000000001	1.0441025
-0.0766	1.0502955
-0.07680000000000001	1.0614247499999998
-0.077	1.05684275
-0.0772	1.0419415
-0.07740000000000001	1.055595
-0.0776	1.048051
-0.07780000000000001	1.0450335
-0.078	1.04725
-0.0782	1.0608754999999999
-0.0784	1.053192
-0.0786	1.0462162499999998
-0.07880000000000001	1.0615367500000001
-0.079	1.065737
-0.0792	1.05809075
-0.0794	1.04036725
-0.0796	1.05079825
-0.07980000000000001	1.0527915
-0.08	1.0560787500000002
-0.0798	1.0369495
-0.07959999999999999	1.0482185
-0.07939999999999998	1.0618625
-0.07919999999999998	1.05227
-0.07899999999999997	1.0387845
-0.07879999999999997	1.0554735000000002
-0.07859999999999996	1.04989525
-0.07839999999999996	1.0646845
-0.07819999999999995	1.0467937499999997
-0.07799999999999994	1.054058
-0.07779999999999994	1.0328425
-0.07759999999999993	1.0418675
-0.07739999999999993	1.049066
-0.07719999999999992	1.0383277499999999
-0.07699999999999992	1.0222625
-0.07679999999999991	1.0709150000000003
-0.0765999999999999	1.0478744999999998
-0.0763999999999999	1.0614527500000002
-0.07619999999999989	1.054514
-0.07599999999999989	1.0523725
-0.07579999999999988	1.0350405
-0.07559999999999988	1.0438882500000002
-0.07539999999999987	1.0404050000000002
-0.07519999999999986	1.0370340000000002
-0.07499999999999986	1.035785
-0.07479999999999985	1.04051675
-0.07459999999999985	1.0453877500000002
-0.07439999999999984	1.0337925000000003
-0.07419999999999984	1.0515715
-0.07399999999999983	1.0262392500000002
-0.07379999999999982	1.0278880000000001
-0.07359999999999982	1.03693075
-0.07339999999999981	1.03434225
-0.0731999999999998	1.0416065
-0.0729999999999998	1.05478425
-0.0727999999999998	1.036214
-0.07259999999999979	1.03985575
-0.07239999999999978	1.0214150000000002
-0.07219999999999978	1.02569
-0.07199999999999977	1.043311
-0.07179999999999977	1.0461044999999998
-0.07159999999999976	1.0408705
-0.07139999999999976	1.0341932500000004
-0.07119999999999975	1.02994625
-0.07099999999999974	1.0319859999999998
-0.07079999999999974	1.0209587500000001
-0.07059999999999973	1.0404235000000002
-0.07039999999999973	1.0269750000000002
-0.07019999999999972	1.0262772500000001
-0.06999999999999972	1.0291825
-0.06979999999999971	1.02324075
-0.0695999999999997	1.0158555
-0.0693999999999997	1.044642
-0.06919999999999969	1.0374247499999998
-0.06899999999999969	1.0364092500000002
-0.06879999999999968	1.0250285
-0.06859999999999968	1.03603675
-0.06839999999999967	1.038598
-0.06819999999999966	1.0037385
-0.06799999999999966	1.0471195
-0.06779999999999965	1.02695675
-0.06759999999999965	1.0304675
-0.06739999999999964	1.0294435
-0.06719999999999964	1.040591
-0.06699999999999963	1.0285770000000003
-0.06679999999999962	1.0145325
-0.06659999999999962	1.0281672499999999
-0.06639999999999961	1.042733
-0.0661999999999996	1.0029750000000002
-0.0659999999999996	1.0241722500000001
-0.0657999999999996	1.0257555000000003
-0.06559999999999959	1.038291
-0.06539999999999958	1.02866125
-0.06519999999999958	1.0261742499999997
-0.06499999999999957	1.0208565
-0.06479999999999957	1.0148305
-0.06459999999999956	1.0288285000000001
-0.06439999999999955	1.0390542500000002
-0.06419999999999955	1.0174295
-0.06399999999999954	1.0372940000000002
-0.06379999999999954	1.02835375
-0.06359999999999953	1.0370802499999998
-0.06339999999999953	1.02994625
-0.06319999999999952	1.0271242500000002
-0.06299999999999951	1.01288425
-0.06279999999999951	1.03453775
-0.0625999999999995	1.0235947500000002
-0.0623999999999995	1.0339507500000003
-0.06219999999999949	1.0062815
-0.061999999999999486	1.02013
-0.06179999999999948	1.0013825
-0.061599999999999475	1.0245535000000003
-0.06139999999999947	1.0278040000000002
-0.06119999999999946	1.026547
-0.06099999999999946	0.9999855
-0.06079999999999945	1.0130985
-0.060599999999999446	1.0235945000000002
-0.06039999999999944	1.0274225000000001
-0.060199999999999435	0.9949654999999998
-0.05999999999999943	1.00947575
-0.05979999999999942	0.9868260000000001
-0.05959999999999942	1.031697
-0.05939999999999941	1.0251962499999998
-0.059199999999999406	1.01217625
-0.0589999999999994	0.99453725
-0.058799999999999394	1.0264910000000003
-0.05859999999999939	1.0215365
-0.05839999999999938	0.9903560000000001
-0.05819999999999938	1.0318645
-0.05799999999999937	1.01616225
-0.057799999999999366	1.01135725
-0.05759999999999936	1.00659775
-0.057399999999999354	1.0017922499999998
-0.05719999999999935	0.9991010000000001
-0.05699999999999934	0.9992587499999999
-0.05679999999999934	0.9908585000000001
-0.05659999999999933	1.01006225
-0.056399999999999326	1.006142
-0.05619999999999932	1.0017365
-0.055999999999999314	1.017308
-0.05579999999999931	1.01955275
-0.0555999999999993	0.98876325
-0.0553999999999993	0.9712917500000002
-0.05519999999999929	1.00566675
-0.054999999999999286	0.9923115
-0.05479999999999928	0.9995202500000001
-0.054599999999999274	1.0100435
-0.05439999999999927	1.0208
-0.05419999999999926	1.0248522500000001
-0.05399999999999926	1.0029662499999998
-0.05379999999999925	0.9925445
-0.053599999999999245	1.01370325
-0.05339999999999924	1.0218717500000003
-0.053199999999999234	1.0097365
-0.05299999999999923	1.0225607500000002
-0.05279999999999922	1.00952225
-0.05259999999999922	0.99882125
-0.05239999999999921	1.0011400000000001
-0.052199999999999205	0.997741
-0.0519999999999992	0.9996780000000001
-0.051799999999999194	1.0004420000000003
-0.05159999999999919	1.02129425
-0.05139999999999918	1.0168237500000001
-0.05119999999999918	0.99730275
-0.05099999999999917	1.0101185000000001
-0.050799999999999165	1.013443
-0.05059999999999916	1.0069705000000002
-0.050399999999999154	1.0083765
-0.05019999999999915	1.011683
-0.04999999999999914	0.98406
-0.04979999999999914	0.988018
-0.04959999999999913	0.99212525
-0.049399999999999125	0.9953752500000002
-0.04919999999999912	1.0068867500000003
-0.048999999999999114	0.9900852499999999
-0.04879999999999911	0.9955712500000001
-0.0485999999999991	1.002798
-0.048399999999999097	0.99517025
-0.04819999999999909	0.9755945
-0.047999999999999085	0.9797570000000002
-0.04779999999999908	0.9723252499999999
-0.047599999999999074	0.9827750000000001
-0.04739999999999907	0.9640175
-0.04719999999999906	0.9750444999999999
-0.046999999999999056	0.9811352500000001
-0.04679999999999905	0.9960832500000001
-0.046599999999999045	0.9718035
-0.04639999999999904	1.010416
-0.046199999999999034	0.99951025
-0.04599999999999903	0.9911935000000001
-0.04579999999999902	0.9562505
-0.045599999999999016	0.9299595000000003
-0.04539999999999901	0.9664952500000001
-0.045199999999999005	0.9148997500000003
-0.044999999999999	0.9113232500000001
-0.04479999999999899	0.9338150000000001
-0.04459999999999899	0.93083475
-0.04439999999999898	1.01196225
-0.044199999999998976	1.00782725
-0.04399999999999897	0.9841807500000002
-0.043799999999998965	1.000889
-0.04359999999999896	0.982281
-0.04339999999999895	0.97674925
-0.04319999999999895	0.9501502500000001
-0.04299999999999894	0.9206182500000001
-0.042799999999998936	0.854718
-0.04259999999999893	0.9209442500000001
-0.042399999999998925	0.9148530000000002
-0.04219999999999892	0.9644835000000004
-0.04199999999999891	0.9737315000000002
-0.04179999999999891	0.9249864999999999
-0.0415999999999989	0.82739275
-0.041399999999998896	0.8157047499999999
-0.04119999999999889	0.6954400000000001
-0.040999999999998885	0.7045762499999999
-0.04079999999999888	0.7536302500000001
-0.04059999999999887	0.7147655
-0.04039999999999887	0.7248515000000001
-0.04019999999999886	0.7882582499999999
-0.039999999999998856	0.8646452499999999
-0.03979999999999885	0.94148
-0.039599999999998844	0.8818375
-0.03939999999999884	0.8302985000000003
-0.03919999999999883	0.9068067500000001
-0.03899999999999883	0.8717425
-0.03879999999999882	0.7155564999999998
-0.038599999999998816	0.60327675
-0.03839999999999881	0.5968317499999999
-0.038199999999998804	0.59282675
-0.0379999999999988	0.6420755000000001
-0.03779999999999879	0.6194065000000001
-0.03759999999999879	0.7638845000000001
-0.03739999999999878	0.592138
-0.037199999999998776	0.5566080000000001
-0.03699999999999877	0.58066425
-0.036799999999998764	0.58171625
-0.03659999999999876	0.64133025
-0.03639999999999875	0.7433194999999999
-0.03619999999999875	0.66998725
-0.03599999999999874	0.6492465000000002
-0.035799999999998736	0.3847225000000001
-0.03559999999999873	0.41037199999999996
-0.035399999999998724	0.7317805
-0.03519999999999872	0.9206087500000001
-0.03499999999999871	0.9350165000000001
-0.03479999999999871	0.86055725
-0.0345999999999987	0.8671325
-0.034399999999998696	0.74372
-0.03419999999999869	0.7313050000000001
-0.033999999999998684	0.6671277499999999
-0.03379999999999868	0.6071787500000001
-0.03359999999999867	0.6610372500000001
-0.03339999999999867	0.80706175
-0.03319999999999866	0.8383267500000002
-0.032999999999998655	0.6718870000000001
-0.03279999999999865	0.9020755
-0.032599999999998644	0.6139680000000001
-0.03239999999999864	0.6262615000000001
-0.03219999999999863	0.7811605
-0.03199999999999863	0.9598645
-0.03179999999999862	0.7749865
-0.031599999999998615	0.557632
-0.03139999999999861	0.46889575
-0.031199999999998604	0.46431375
-0.030999999999998598	0.6047757500000001
-0.030799999999998592	0.53826125
-0.030599999999998587	0.7875782500000001
-0.03039999999999858	0.8244405
-0.030199999999998575	0.8244402500000001
-0.02999999999999857	0.8165245000000002
-0.029799999999998564	0.8888975000000001
-0.029599999999998558	0.8104707499999999
-0.029399999999998552	0.83773
-0.029199999999998547	0.8256047500000002
-0.02899999999999854	0.8502105000000002
-0.028799999999998535	0.7389615
-0.02859999999999853	0.6872444999999999
-0.028399999999998524	0.632492
-0.028199999999998518	0.8723945000000001
-0.027999999999998512	0.9060987500000002
-0.027799999999998506	0.9410982500000001
-0.0275999999999985	0.9371400000000001
-0.027399999999998495	0.85473625
-0.02719999999999849	0.8779545000000002
-0.026999999999998484	0.83969525
-0.026799999999998478	0.8244592500000002
-0.026599999999998472	0.77726775
-0.026399999999998466	0.68816625
-0.02619999999999846	0.6534744999999998
-0.025999999999998455	0.30206675
-0.02579999999999845	0.3021315
-0.025599999999998443	0.30566174999999995
-0.025399999999998438	0.8207797500000001
-0.025199999999998432	0.45838025000000004
-0.024999999999998426	0.350598
-0.02479999999999842	0.8244687500000001
-0.024599999999998415	0.6261307500000001
-0.02439999999999841	0.72098675
-0.024199999999998403	0.7433392499999999
-0.023999999999998398	0.07735614500000002
-0.023799999999998392	0.081761305
-0.023599999999998386	0.16725707500000003
-0.02339999999999838	0.6188947499999999
-0.023199999999998375	0.41061375
-0.02299999999999837	0.5551925
-0.022799999999998363	0.44102100000000005
-0.022599999999998358	0.47736149999999994
-0.022399999999998352	0.285833525
-0.022199999999998346	0.65068075
-0.02199999999999834	0.4471775
-0.021799999999998335	0.44077849999999996
-0.02159999999999833	0.129435875
-0.021399999999998323	0.11073487500000002
-0.021199999999998317	0.520929
-0.02099999999999831	0.733681
-0.020799999999998306	0.4762255
-0.0205999999999983	0.7882662500000001
-0.020399999999998294	0.663859
-0.02019999999999829	0.5976887500000001
-0.019999999999998283	0.5992627500000001
-0.019799999999998277	0.8240397500000002
-0.01959999999999827	0.276111
-0.019399999999998266	0.1808267
-0.01919999999999826	0.24058990000000002
-0.018999999999998254	0.15715235000000002
-0.01879999999999825	0.1202251
-0.018599999999998243	0.133878325
-0.018399999999998237	0.0006146725
-0.01819999999999823	0.023935143750000002
-0.017999999999998226	0.21422427499999996
-0.01779999999999822	0.010421582500000004
-0.017599999999998214	-0.0055320435
-0.01739999999999821	-0.02824716
-0.017199999999998203	0.0011269024999999997
-0.016999999999998197	-0.0177976835
-0.01679999999999819	-0.031013220749999997
-0.016599999999998186	-0.04194699000000001
-0.01639999999999818	-0.028638307500000005
-0.016199999999998174	0.3311430000000001
-0.01599999999999817	0.3820120000000001
-0.015799999999998163	0.36666375
-0.015599999999998157	0.011818555000000001
-0.015399999999998151	-0.029737255000000004
-0.015199999999998146	-0.0348782575
-0.01499999999999814	-0.0184402575
-0.014799999999998134	-0.0162609709
-0.014599999999998128	-0.028964319250000002
-0.014399999999998123	-0.032214611750000004
-0.014199999999998117	-0.026580125000000003
-0.013999999999998111	-0.011939612499999998
-0.013799999999998105	-0.01885007425
-0.0135999999999981	-0.0141375625
-0.013399999999998094	-0.027641818250000005
-0.013199999999998088	-0.03160922075
-0.012999999999998083	-0.0241493325
-0.012799999999998077	-0.026496243000000003
-0.012599999999998071	-0.030044637500000002
-0.012399999999998065	-0.017751098749999996
-0.01219999999999806	-0.018775584999999997
-0.011999999999998054	-0.0217278625
-0.011799999999998048	-0.020256369999999996
-0.011599999999998042	-0.02113178925
-0.011399999999998037	-0.018598615750000002
-0.011199999999998031	-0.035958504999999995
-0.010999999999998025	-0.027483463500000006
-0.01079999999999802	-0.031935215
-0.010599999999998014	-0.0200980575
-0.010399999999998008	-0.0181795075
-0.010199999999998002	-0.0229758525
-0.009999999999997997	-0.028275102500000003
-0.009799999999997991	-0.020777923250000007
-0.009599999999997985	-0.03945105499999999
-0.00939999999999798	-0.0317210625
-0.009199999999997974	-0.0350831225
-0.008999999999997968	-0.03280139675
-0.008799999999997962	-0.0255090875
-0.008599999999997957	-0.031851381000000005
-0.00839999999999795	-0.0426641375
-0.008199999999997945	-0.026868837500000006
-0.00799999999999794	-0.020461265000000006
-0.007799999999997934	-0.035045829
-0.007599999999997928	-0.02028432875
-0.007399999999997922	-0.027930515
-0.007199999999997916	-0.050403420000000004
-0.006999999999997911	-0.04394930750000001
-0.006799999999997905	-0.0281075075
-0.006599999999997899	-0.02534142
-0.0063999999999978935	0.0736679775
-0.006199999999997888	-0.030361280000000004
-0.005999999999997882	-0.018729020000000002
-0.005799999999997876	-0.02902954575
-0.005599999999997871	-0.019930387250000004
-0.005399999999997865	-0.02493166
-0.005199999999997859	-0.01480807225
-0.004999999999997853	-0.005858049999999999
-0.004799999999997848	-0.0125635975
-0.004599999999997842	-0.023208727499999995
-0.004399999999997836	-0.04834525
-0.0041999999999978305	-0.029383376500000002
-0.003999999999997825	-0.017741799500000002
-0.003799999999997819	-0.03780258
-0.0035999999999978133	-0.029858323000000006
-0.0033999999999978076	-0.027520730000000004
-0.003199999999997802	-0.01811429475
-0.002999999999997796	-0.025602173250000006
-0.0027999999999977904	-0.036331075
-0.0025999999999977846	0.026980576999999995
-0.002399999999997779	-0.0339655
-0.002199999999997773	-0.025155167500000002
-0.0019999999999977675	-0.03974906000000001
-0.0017999999999977617	-0.0304171609
-0.001599999999997756	-0.023730247750000003
-0.0013999999999977503	-0.02439147
-0.0011999999999977445	-0.025276229749999993
-0.0009999999999977388	-0.0154227775
-0.0007999999999977331	-0.028070177500000005
-0.0005999999999977274	-0.01509682775
-0.0003999999999977216	-0.014351755
-0.0001999999999977159	-0.014361075
2.2898349882893854e-15	0.0031944525000000006
0.00020000000000229556	0.02180244175
0.0004000000000023013	-0.03648939749999999
0.000600000000002307	-0.013103775
0.0008000000000023127	-0.0034924699999999997
0.0010000000000023185	-0.005448271600000001
0.0012000000000023242	0.00476841
0.00140000000000233	-0.009872072499999997
0.0016000000000023357	0.006910442500000002
0.0018000000000023414	0.01467774275
0.002000000000002347	0.016270287499999998
0.002200000000002353	0.109021325
0.0024000000000023586	-0.035399810000000004
0.0026000000000023643	0.04457338600000002
0.00280000000000237	-0.0284427117
0.0030000000000023758	-0.020228435
0.0032000000000023815	0.02394444
0.0034000000000023872	0.0031851607500000007
0.003600000000002393	-0.01622371425
0.0038000000000023987	-0.01356948
0.004000000000002404	-0.01819809675
0.00420000000000241	-0.007981470000000001
0.004400000000002416	-0.00997451
0.004600000000002422	-0.027846677499999997
0.004800000000002427	0.10816442500000001
0.005000000000002433	0.13559200000000002
0.005200000000002439	-0.0190922075
0.0054000000000024445	-0.024214515
0.00560000000000245	-0.014994404999999999
0.005800000000002456	0.00063328775
0.006000000000002462	-0.0238326875
0.006200000000002467	0.0027380865000000017
0.006400000000002473	0.165673775
0.006600000000002479	0.010291155500000003
0.006800000000002485	-0.010505367499999998
0.00700000000000249	0.0032782600000000007
0.007200000000002496	0.1189865
0.007400000000002502	0.23979855
0.0076000000000025075	0.2890750000000001
0.007800000000002513	0.033881732250000005
0.008000000000002519	0.3787157499999999
0.008200000000002525	0.06883442499999999
0.00840000000000253	0.36106649999999996
0.008600000000002536	0.02605855375
0.008800000000002542	0.143629375
0.009000000000002548	0.05391459500000001
0.009200000000002553	0.08679042499999999
0.009400000000002559	0.24573105
0.009600000000002565	0.46179925000000005
0.00980000000000257	0.47504250000000003
0.010000000000002576	0.47778999999999994
0.010200000000002582	0.49260750000000003
0.010400000000002588	0.3920145
0.010600000000002593	0.4241270000000001
0.0108000000000026	0.4210257500000001
0.011000000000002605	0.42273925000000007
0.01120000000000261	0.6660195
0.011400000000002616	0.66932575
0.011600000000002622	0.652832
0.011800000000002628	0.29370362499999997
0.012000000000002634	0.35852385000000003
0.01220000000000264	0.6427550000000001
0.012400000000002645	0.59584425
0.01260000000000265	0.372243
0.012800000000002656	0.23108095000000003
0.013000000000002662	0.22634999999999997
0.013200000000002668	0.19438685
0.013400000000002674	0.20419374999999998
0.01360000000000268	0.41850175
0.013800000000002685	0.596413
0.01400000000000269	0.706858
0.014200000000002697	0.7098010000000001
0.014400000000002702	0.25268797499999995
0.014600000000002708	0.274909175
0.014800000000002714	0.3844985000000001
0.01500000000000272	0.40669275000000005
0.015200000000002725	0.51774375
0.015400000000002731	0.7134610000000001
0.015600000000002737	0.69665075
0.015800000000002742	0.6952072499999999
0.016000000000002748	0.81728825
0.016200000000002754	0.69032725
0.01640000000000276	0.6282172500000001
0.016600000000002765	0.7773140000000001
0.01680000000000277	0.97173875
0.017000000000002777	0.78699225
0.017200000000002783	0.67154225
0.017400000000002788	0.7790847500000001
0.017600000000002794	0.601973
0.0178000000000028	0.53492675
0.018000000000002805	0.5899215
0.01820000000000281	0.8082259999999999
0.018400000000002817	0.8024237500000001
0.018600000000002823	0.7829307500000001
0.01880000000000283	0.98056725
0.019000000000002834	0.9288507500000001
0.01920000000000284	0.77212725
0.019400000000002846	0.88216375
0.01960000000000285	0.8911512500000001
0.019800000000002857	0.7891345000000001
0.020000000000002863	0.7061875000000001
0.02020000000000287	0.7496535
0.020400000000002874	0.910234
0.02060000000000288	0.8791370000000001
0.020800000000002886	0.84538575
0.02100000000000289	0.95622275
0.021200000000002897	0.9672495000000001
0.021400000000002903	0.8629504999999998
0.02160000000000291	0.8289112500000002
0.021800000000002914	0.8429362499999999
0.02200000000000292	0.8115882500000001
0.022200000000002926	0.8520637500000002
0.02240000000000293	0.9709560000000002
0.022600000000002937	0.9036310000000001
0.022800000000002943	0.9640552500000001
0.02300000000000295	0.8465407500000001
0.023200000000002954	0.88546075
0.02340000000000296	0.8820525
0.023600000000002966	0.8863827499999999
0.02380000000000297	0.9795525
0.024000000000002977	1.02095925
0.024200000000002983	1.0036735
0.02440000000000299	0.90421725
0.024600000000002994	0.8884595000000001
0.024800000000003	0.9706302499999999
0.025000000000003006	0.9489585000000003
0.02520000000000301	0.87017775
0.025400000000003017	0.8478727500000001
0.025600000000003023	0.8954630000000001
0.02580000000000303	0.9608050000000001
0.026000000000003035	1.02703125
0.02620000000000304	0.9321667500000003
0.026400000000003046	0.9529350000000002
0.026600000000003052	1.00879625
0.026800000000003057	0.9688329999999999
0.027000000000003063	0.978733
0.02720000000000307	0.98232775
0.027400000000003075	0.95856025
0.02760000000000308	0.9684325
0.027800000000003086	0.9808467500000002
0.028000000000003092	1.0311385
0.028200000000003098	1.0106865
0.028400000000003103	1.0131545
0.02860000000000311	1.0190029999999999
0.028800000000003115	1.0354225000000001
0.02900000000000312	1.0291080000000001
0.029200000000003126	1.02746
0.029400000000003132	1.0194967499999998
0.029600000000003138	0.9864350000000002
0.029800000000003143	1.0221695
0.03000000000000315	1.009531
0.030200000000003155	0.97362875
0.03040000000000316	0.9528045
0.030600000000003166	0.94519575
0.030800000000003172	0.95346575
0.031000000000003178	0.9952825000000002
0.031200000000003184	0.9883439999999999
0.03140000000000319	0.9917245
0.031600000000003195	1.0324605
0.0318000000000032	1.03060725
0.032000000000003206	1.0229985000000001
0.03220000000000321	1.0061790000000002
0.03240000000000322	1.01538025
0.032600000000003224	1.0248702500000002
0.03280000000000323	0.9851214999999999
0.033000000000003235	1.005825
0.03320000000000324	1.0102577499999998
0.03340000000000325	0.9957570000000001
0.03360000000000325	1.01132875
0.03380000000000326	0.99503975
0.034000000000003264	0.9922460000000001
0.03420000000000327	1.0020342500000001
0.034400000000003275	1.00479075
0.03460000000000328	1.01309825
0.03480000000000329	1.03192075
0.03500000000000329	1.02404175
0.0352000000000033	1.01991575
0.035400000000003304	1.02276575
0.03560000000000331	1.01744775
0.035800000000003315	0.9966045000000001
0.03600000000000332	0.9961485000000002
0.03620000000000333	1.02854
0.03640000000000333	1.03694975
0.03660000000000334	1.02246775
0.036800000000003344	1.0425
0.03700000000000335	1.0369777500000001
0.037200000000003355	1.00697975
0.03740000000000336	1.025234
0.03760000000000337	1.0255127499999999
0.03780000000000337	1.0386817500000003
0.03800000000000338	1.0353852500000003
0.038200000000003384	1.02975975
0.03840000000000339	1.0251030000000003
0.038600000000003395	1.021769
0.0388000000000034	1.038654
0.03900000000000341	1.014048
0.03920000000000341	1.0299459999999998
0.03940000000000342	1.035087
0.039600000000003424	1.02993675
0.03980000000000343	1.0296385000000001
0.040000000000003436	1.0495692499999998
0.04020000000000344	1.0235295
0.04040000000000345	1.020093
0.04060000000000345	1.0324325
0.04080000000000346	1.04956925
0.041000000000003464	1.0174755
0.04120000000000347	1.0122510000000002
0.041400000000003476	1.0296944999999997
0.04160000000000348	1.0184632500000002
0.04180000000000349	1.0109285
0.04200000000000349	1.04574175
0.0422000000000035	1.0293597500000002
0.042400000000003504	1.0376762499999999
0.04260000000000351	1.046896
0.042800000000003516	1.01948725
0.04300000000000352	1.0393615
0.04320000000000353	1.0310545000000002
0.04340000000000353	1.0474085000000002
0.04360000000000354	1.0486375
0.043800000000003544	1.0195342500000002
0.04400000000000355	1.03033725
0.044200000000003556	1.0178765
0.04440000000000356	1.0279625000000001
0.04460000000000357	1.0643215000000001
0.04480000000000357	1.0307562500000003
0.04500000000000358	1.0395295000000002
0.045200000000003585	1.0300952499999998
0.04540000000000359	1.052335
0.045600000000003596	1.03665175
0.0458000000000036	1.0549055
0.04600000000000361	1.0394827500000001
0.04620000000000361	1.0223462500000002
0.04640000000000362	1.0496435000000002
0.046600000000003625	1.044689
0.04680000000000363	1.03704325
0.047000000000003636	1.05028625
0.04720000000000364	1.03056075
0.04740000000000365	1.02190925
0.04760000000000365	1.0390730000000001
0.04780000000000366	1.0360835
0.048000000000003665	1.0511335000000002
0.04820000000000367	1.0498764999999999
0.048400000000003676	1.0485635000000002
0.04860000000000368	1.024461
0.04880000000000369	1.04771575
0.04900000000000369	1.0460485
0.0492000000000037	1.05309875
0.049400000000003705	1.03319675
0.04960000000000371	1.047828
0.049800000000003716	1.0426487500000001
0.05000000000000372	1.0484605000000002
0.05020000000000373	1.04555475
0.050400000000003733	1.0280839999999998
0.05060000000000374	1.06317575
0.050800000000003745	1.0367915
0.05100000000000375	1.0482652500000003
0.051200000000003756	1.0428170000000003
0.05140000000000376	1.04078675
0.05160000000000377	1.04395325
0.051800000000003774	1.0414855
0.05200000000000378	1.0371080000000001
0.052200000000003785	1.0510312500000003
0.05240000000000379	1.027097
0.052600000000003796	1.03532925
0.0528000000000038	1.0563399999999998
0.05300000000000381	1.0347049999999998
0.053200000000003814	1.0597762499999999
0.05340000000000382	1.0372942500000002
0.053600000000003825	1.0379647500000002
0.05380000000000383	1.0325630000000001
0.05400000000000384	1.0575875
0.05420000000000384	1.0352085
0.05440000000000385	1.0383652500000002
0.054600000000003854	1.0371920000000001
0.05480000000000386	1.0578575000000001
0.055000000000003865	1.04842325
0.05520000000000387	1.0498575
0.05540000000000388	1.0369305000000002
0.05560000000000388	1.0361485000000001
0.05580000000000389	1.0393345000000003
0.056000000000003894	1.04926175
0.0562000000000039	1.0444187500000002
0.056400000000003905	1.036037
0.05660000000000391	1.04870275
0.05680000000000392	1.06293375
0.05700000000000392	1.0440277500000001
0.05720000000000393	1.0331405
0.057400000000003934	1.036978
0.05760000000000394	1.0528100000000002
0.057800000000003945	1.0584909999999998
0.05800000000000395	1.05063075
0.05820000000000396	1.04863775
0.05840000000000396	1.06216075
0.05860000000000397	1.0595995
0.058800000000003974	1.05581875
0.05900000000000398	1.0517855
0.059200000000003986	1.0347240000000002
0.05940000000000399	1.0376017500000003
0.059600000000004	1.04017225
0.059800000000004	1.0736255000000001
0.06000000000000401	1.0643025
0.060200000000004014	1.0347517499999999
0.06040000000000402	1.042277
0.060600000000004026	1.0331402499999998
0.06080000000000403	1.0657275
0.06100000000000404	1.0316412499999998
0.06120000000000404	1.04287275
0.06140000000000405	1.045071
0.061600000000004054	1.0454155
0.06180000000000406	1.0343975
0.062000000000004066	1.0416805
0.06220000000000407	1.04878725
0.06240000000000408	1.0495600000000003
0.06260000000000408	1.04898225
0.06280000000000409	1.0550917499999999
0.0630000000000041	1.0466730000000002
0.0632000000000041	1.0494289999999997
0.0634000000000041	1.033131
0.06360000000000411	1.05410425
0.06380000000000412	1.033392
0.06400000000000412	1.04842325
0.06420000000000413	1.051385
0.06440000000000413	1.0348730000000004
0.06460000000000414	1.0430774999999999
0.06480000000000415	1.0393712499999999
0.06500000000000415	1.0252614999999998
0.06520000000000416	1.0624775
0.06540000000000416	1.0277297500000002
0.06560000000000417	1.0389615
0.06580000000000417	1.0597675
0.06600000000000418	1.0420997499999998
0.06620000000000419	1.0454154999999998
0.06640000000000419	1.04107525
0.0666000000000042	1.0500619999999998
0.0668000000000042	1.05320125
0.06700000000000421	1.0635860000000001
0.06720000000000421	1.0287169999999999
0.06740000000000422	1.0481255000000003
0.06760000000000423	1.04149425
0.06780000000000423	1.0424069999999999
0.06800000000000424	1.0493827500000001
0.06820000000000424	1.06527125
0.06840000000000425	1.0449492500000002
0.06860000000000425	1.0658857500000003
0.06880000000000426	1.047008
0.06900000000000427	1.0293315000000003
0.06920000000000427	1.0315197500000002
0.06940000000000428	1.0293127499999999
0.06960000000000428	1.03803
0.06980000000000429	1.049355
0.0700000000000043	1.0410847500000002
0.0702000000000043	1.0167777500000001
0.0704000000000043	1.0564515
0.07060000000000431	1.0533780000000001
0.07080000000000432	1.04799475
0.07100000000000432	1.05332225
0.07120000000000433	1.0578299999999998
0.07140000000000433	1.03713625
0.07160000000000434	1.04255625
0.07180000000000435	1.0601585
0.07200000000000435	1.0629525000000002
0.07220000000000436	1.0588730000000002
0.07240000000000436	1.0573645000000003
0.07260000000000437	1.0443067499999998
0.07280000000000438	1.04789325
0.07300000000000438	1.05781125
0.07320000000000439	1.0684377500000002
0.07340000000000439	1.0463377500000002
0.0736000000000044	1.04471675
0.0738000000000044	1.0377507499999998
0.07400000000000441	1.0660072500000002
0.07420000000000442	1.05006275
0.07440000000000442	1.05280075
0.07460000000000443	1.0445959999999999
0.07480000000000443	1.052959
0.07500000000000444	1.051171
0.07520000000000444	1.070198
0.07540000000000445	1.04834925
0.07560000000000446	1.0676270000000003
0.07580000000000446	1.0489635000000002
0.07600000000000447	1.0446054999999999
0.07620000000000447	1.04755775
0.07640000000000448	1.0616017500000001
0.07660000000000448	1.05996225
0.07680000000000449	1.0587330000000001
0.0770000000000045	1.03850475
0.0772000000000045	1.0608845
0.0774000000000045	1.05871425
0.07760000000000451	1.0480975000000001
0.07780000000000452	1.05160875
0.07800000000000452	1.0577837499999998
0.07820000000000453	1.0498855
0.07840000000000454	1.0438230000000002
0.07860000000000454	1.03988325
0.07880000000000455	1.0400040000000002
0.07900000000000455	1.0472502499999998
0.07920000000000456	1.0422395
0.07940000000000456	1.063576
0.07960000000000457	1.05090075
0.07980000000000458	1.058594
0.08	1.049364
0.0798	1.05539
0.07959999999999999	1.05474775
0.07939999999999998	1.05053775
0.07919999999999998	1.0340717499999998
0.07899999999999997	1.0291635000000001
0.07879999999999997	1.04724075
0.07859999999999996	1.03540375
0.07839999999999996	1.0532477500000001
0.07819999999999995	1.0354592500000002
0.07799999999999994	1.03918425
0.07779999999999994	1.0564607500000003
0.07759999999999993	1.0449682500000002
0.07739999999999993	1.041383
0.07719999999999992	1.041327
0.07699999999999992	1.0594222500000003
0.07679999999999991	1.07020725
0.0765999999999999	1.0527545
0.0763999999999999	1.0260902500000002
0.07619999999999989	1.0445675
0.07599999999999989	1.0570197500000003
0.07579999999999988	1.0407960000000003
0.07559999999999988	1.0301975
0.07539999999999987	1.0541607499999999
0.07519999999999986	1.0456387500000002
0.07499999999999986	1.0511245
0.07479999999999985	1.04261175
0.07459999999999985	1.0274595000000002
0.07439999999999984	1.0454527500000002
0.07419999999999984	1.0270405
0.07399999999999983	1.02493525
0.07379999999999982	1.02502875
0.07359999999999982	1.0419045000000002
0.07339999999999981	1.0492522499999999
0.0731999999999998	1.0319485
0.0729999999999998	1.02729175
0.0727999999999998	1.0343702500000003
0.07259999999999979	1.04066575
0.07239999999999978	1.0426775000000001
0.07219999999999978	1.038896
0.07199999999999977	1.0275337500000001
0.07179999999999977	1.0322465000000003
0.07159999999999976	1.0337272499999999
0.07139999999999976	1.0345840000000002
0.07119999999999975	1.0203350000000002
0.07099999999999974	1.02723575
0.07079999999999974	1.0349005
0.07059999999999973	1.0369774999999999
0.07039999999999973	1.0309617500000001
0.07019999999999972	1.034286
0.06999999999999972	1.0444187500000002
0.06979999999999971	1.0290800000000002
0.0695999999999997	1.0325072499999999
0.0693999999999997	1.02713375
0.06919999999999969	1.03459325
0.06899999999999969	1.0428825000000002
0.06879999999999968	1.04034925
0.06859999999999968	1.0279435000000001
0.06839999999999967	1.0364185000000001
0.06819999999999966	1.04065625
0.06799999999999966	1.03400675
0.06779999999999965	1.03601825
0.06759999999999965	1.0316602499999998
0.06739999999999964	1.0295735
0.06719999999999964	1.0201675000000001
0.06699999999999963	1.03033725
0.06679999999999962	1.01120775
0.06659999999999962	1.0182765
0.06639999999999961	1.0349100000000002
0.0661999999999996	1.03292625
0.0659999999999996	1.0118222499999998
0.0657999999999996	1.0217319999999999
0.06559999999999959	1.02401325
0.06539999999999958	0.99555225
0.06519999999999958	1.02447975
0.06499999999999957	1.009001
0.06479999999999957	1.0352357500000002
0.06459999999999956	1.0229150000000002
0.06439999999999955	1.03393225
0.06419999999999955	1.028605
0.06399999999999954	1.02172225
0.06379999999999954	1.00585275
0.06359999999999953	1.0314830000000001
0.06339999999999953	1.02448875
0.06319999999999952	1.0137230000000002
0.06299999999999951	1.0300022500000003
0.06279999999999951	1.0103697500000002
0.0625999999999995	1.04359025
0.0623999999999995	1.0198785000000001
0.06219999999999949	1.0207539999999997
0.061999999999999486	1.04405575
0.06179999999999948	1.0214895
0.061599999999999475	1.00578775
0.06139999999999947	1.0006565
0.06119999999999946	1.0222442500000002
0.06099999999999946	1.0429750000000002
0.06079999999999945	1.023045
0.060599999999999446	1.00286325
0.06039999999999944	1.00548
0.060199999999999435	1.0365677500000001
0.05999999999999943	1.0235204999999998
0.05979999999999942	1.01002525
0.05959999999999942	1.0074175
0.05939999999999941	1.0147372500000003
0.059199999999999406	1.0228215
0.0589999999999994	1.025066
0.058799999999999394	1.0100717499999998
0.05859999999999939	0.99636225
0.05839999999999938	1.018556
0.05819999999999938	1.009839
0.05799999999999937	1.0099975
0.057799999999999366	1.0212295
0.05759999999999936	1.0066255
0.057399999999999354	1.01175725
0.05719999999999935	0.9992407499999999
0.05699999999999934	1.017085
0.05679999999999934	1.0055270000000003
0.05659999999999933	1.008861
0.056399999999999326	1.022002
0.05619999999999932	1.03290775
0.055999999999999314	1.01543625
0.05579999999999931	1.001792
0.0555999999999993	1.02428375
0.0553999999999993	1.01781125
0.05519999999999929	1.00129875
0.054999999999999286	1.00019075
0.05479999999999928	1.00570375
0.054599999999999274	1.02724525
0.05439999999999927	1.0075015
0.05419999999999926	1.0240415
0.05399999999999926	0.9796925000000002
0.05379999999999925	1.0069425
0.053599999999999245	1.0202977500000001
0.05339999999999924	1.0002465
0.053199999999999234	1.01672125
0.05299999999999923	1.0195527500000001
0.05279999999999922	1.0166465000000002
0.05259999999999922	1.01156175
0.05239999999999921	1.0113012499999998
0.052199999999999205	1.02356625
0.0519999999999992	1.0110035000000002
0.051799999999999194	1.0220765
0.05159999999999919	0.9965952500000002
0.05139999999999918	1.0211265
0.05119999999999918	1.0172240000000001
0.05099999999999917	0.99341975
0.050799999999999165	1.01143175
0.05059999999999916	1.00846025
0.050399999999999154	0.9936245000000001
0.05019999999999915	0.9799620000000001
0.04999999999999914	0.9964185000000002
0.04979999999999914	0.984088
0.04959999999999913	0.99374525
0.049399999999999125	0.9851775
0.04919999999999912	1.0171312500000003
0.048999999999999114	1.00893575
0.04879999999999911	1.001168
0.0485999999999991	0.9848702500000001
0.048399999999999097	0.9958972500000002
0.04819999999999909	0.9991660000000002
0.047999999999999085	0.9953752499999999
0.04779999999999908	0.95833625
0.047599999999999074	0.96475375
0.04739999999999907	0.9845352500000001
0.04719999999999906	1.0071102500000002
0.046999999999999056	0.9931122499999999
0.04679999999999905	0.9963630000000003
0.046599999999999045	0.9798780000000002
0.04639999999999904	0.9861835000000001
0.046199999999999034	0.99493775
0.04599999999999903	1.00309625
0.04579999999999902	1.008833
0.045599999999999016	0.9551425
0.04539999999999901	0.94800825
0.045199999999999005	0.96338425
0.044999999999999	0.9763392500000002
0.04479999999999899	0.9440874999999999
0.04459999999999899	0.9755197500000001
0.04439999999999898	0.9840970000000001
0.044199999999998976	0.9981325
0.04399999999999897	0.9686652499999999
0.043799999999998965	0.9917337500000001
0.04359999999999896	0.9896012500000002
0.04339999999999895	0.979403
0.04319999999999895	0.9529535000000001
0.04299999999999894	0.8793142500000002
0.042799999999998936	0.8897172499999999
0.04259999999999893	0.8775167500000001
0.042399999999998925	0.87261775
0.04219999999999892	0.9173585
0.04199999999999891	0.9293725
0.04179999999999891	0.9934942500000001
0.0415999999999989	0.9084270000000001
0.041399999999998896	0.8297954999999999
0.04119999999999889	0.8313512499999999
0.040999999999998885	0.657889
0.04079999999999888	0.6361615
0.04059999999999887	0.6402315000000001
0.04039999999999887	0.6603667500000001
0.04019999999999886	0.6725762500000001
0.039999999999998856	0.6651255
0.03979999999999885	0.67689775
0.039599999999998844	0.6716635
0.03939999999999884	0.6782854999999999
0.03919999999999883	0.9421414999999999
0.03899999999999883	0.9133540000000002
0.03879999999999882	0.8873139999999999
0.038599999999998816	0.91250625
0.03839999999999881	0.7936785000000002
0.038199999999998804	0.6909700000000001
0.0379999999999988	0.64964675
0.03779999999999879	0.65054125
0.03759999999999879	0.8614512499999999
0.03739999999999878	0.92421325
0.037199999999998776	0.956288
0.03699999999999877	0.9118262500000001
0.036799999999998764	0.77078625
0.03659999999999876	0.7233242500000001
0.03639999999999875	0.6449719999999999
0.03619999999999875	0.6343175
0.03599999999999874	0.85835025
0.035799999999998736	0.8649997500000001
0.03559999999999873	0.9753245000000001
0.035399999999998724	0.96997825
0.03519999999999872	0.9805767499999999
0.03499999999999871	0.9734430000000001
0.03479999999999871	0.9660485
0.0345999999999987	0.8482732500000002
0.034399999999998696	0.6630957500000001
0.03419999999999869	0.78377825
0.033999999999998684	0.7767375
0.03379999999999868	0.7560610000000003
0.03359999999999867	0.78202775
0.03339999999999867	0.52254925
0.03319999999999866	0.48839775
0.032999999999998655	0.62782575
0.03279999999999865	0.8169435
0.032599999999998644	0.9471985
0.03239999999999864	0.97811825
0.03219999999999863	0.77497625
0.03199999999999863	0.69625025
0.03179999999999862	0.70233175
0.031599999999998615	0.5201185
0.03139999999999861	0.96169875
0.031199999999998604	0.9496197500000001
0.030999999999998598	0.958076
0.030799999999998592	0.6904107500000001
0.030599999999998587	0.49214225000000006
0.03039999999999858	0.53450725
0.030199999999998575	0.7301875
0.02999999999999857	0.7919745
0.029799999999998564	0.9330140000000001
0.029599999999998558	0.8634352500000003
0.029399999999998552	0.69882075
0.029199999999998547	0.50127775
0.02899999999999854	0.40418750000000003
0.028799999999998535	0.42304725000000004
0.02859999999999853	0.45264449999999995
0.028399999999998524	0.7648532500000002
0.028199999999998518	0.74332975
0.027999999999998512	0.8718727500000001
0.027799999999998506	0.8928182500000001
0.0275999999999985	0.7950944999999998
0.027399999999998495	0.59206325
0.02719999999999849	0.5715835
0.026999999999998484	0.59333
0.026799999999998478	0.57141575
0.026599999999998472	0.42166825
0.026399999999998466	0.658802
0.02619999999999846	0.8170177499999999
0.025999999999998455	0.8747132499999999
0.02579999999999845	0.30830625000000006
0.025599999999998443	0.3905150000000001
0.025399999999998438	0.6079327499999999
0.025199999999998432	0.76751625
0.024999999999998426	0.7020900000000002
0.02479999999999842	0.33331250000000007
0.024599999999998415	0.325611
0.02439999999999841	0.336563
0.024199999999998403	0.50815125
0.023999999999998398	0.6667740000000001
0.023799999999998392	0.52531525
0.023599999999998386	0.7848307500000001
0.02339999999999838	0.9311887499999999
0.023199999999998375	0.440379
0.02299999999999837	0.3135775
0.022799999999998363	0.6270157500000001
0.022599999999998358	0.14209262500000003
0.022399999999998352	0.133151925
0.022199999999998346	0.565791
0.02199999999999834	0.67496975
0.021799999999998335	0.42830875000000007
0.02159999999999833	0.41995525000000006
0.021399999999998323	0.20163257500000004
0.021199999999998317	0.241931225
0.02099999999999831	0.39208925000000006
0.020799999999998306	0.7293402499999999
0.0205999999999983	0.7219735
0.020399999999998294	0.33627425
0.02019999999999829	0.5383632500000001
0.019999999999998283	0.3064437750000001
0.019799999999998277	0.107251625
0.01959999999999827	0.003715997
0.019399999999998266	0.00289643835
0.01919999999999826	0.167434175
0.018999999999998254	-0.0006519117499999996
0.01879999999999825	0.16830021750000004
0.018599999999998243	0.03466406500000001
0.018399999999998237	0.06727912500000001
0.01819999999999823	-0.008307430000000003
0.017999999999998226	-0.025341417500000005
0.01779999999999822	0.01001176925
0.017599999999998214	0.00426548075
0.01739999999999821	0.0999036
0.017199999999998203	0.54456525
0.016999999999998197	-0.021411255000000004
0.01679999999999819	0.58221925
0.016599999999998186	0.11161967499999999
0.01639999999999818	0.08711635000000001
0.016199999999998174	0.09846
0.01599999999999817	0.1098408
0.015799999999998163	0.072475875
0.015599999999998157	0.0023748849999999998
0.015399999999998151	-0.0087730575
0.015199999999998146	0.04812171750000001
0.01499999999999814	-0.0259468175
0.014799999999998134	-0.0194833525
0.014599999999998128	-0.031944531
0.014399999999998123	-0.011883762499999999
0.014199999999998117	-0.03375128250000001
0.013999999999998111	-0.0035856175000000007
0.013799999999998105	-0.025127236699999996
0.0135999999999981	-0.028098167500000003
0.013399999999998094	-0.032344962500000005
0.013199999999998088	-0.036610508250000014
0.012999999999998083	-0.01759276975
0.012799999999998077	-0.008167754750000002
0.012599999999998071	-0.0234228925
0.012399999999998065	-0.01375571575
0.01219999999999806	-0.04660366250000001
0.011999999999998054	-0.02956966
0.011799999999998048	-0.044089
0.011599999999998042	-0.023562566499999996
0.011399999999998037	-0.026272741000000002
0.011199999999998031	-0.0147708525
0.010999999999998025	-0.038128565
0.01079999999999802	-0.022202874999999997
0.010599999999998014	-0.0091177175
0.010399999999998008	-0.0011734774999999991
0.010199999999998002	-0.01120388325
0.009999999999997997	-0.009080470749999998
0.009799999999997991	-0.0318234475
0.009599999999997985	-0.018123625000000004
0.00939999999999798	-0.033183155
0.009199999999997974	-0.0320749275
0.008999999999997968	-0.011930325000000002
0.008799999999997962	-0.033360205000000004
0.008599999999997957	-0.01871039075
0.00839999999999795	-0.03034266025
0.008199999999997945	-0.035288032500000004
0.00799999999999794	-0.012926831499999998
0.007799999999997934	-0.031404375
0.007599999999997928	-0.023720957500000008
0.007399999999997922	-0.0280050175
0.007199999999997916	-0.0131596825
0.006999999999997911	-0.01508750575
0.006799999999997905	-0.0031292600000000013
0.006599999999997899	-0.008745167500000001
0.0063999999999978935	-0.0189431955
0.006199999999997888	-0.040522050000000004
0.005999999999997882	-0.025509073300000004
0.005799999999997876	-0.0173786
0.005599999999997871	-0.0119768575
0.005399999999997865	-0.025192424999999997
0.005199999999997859	-0.0064075302500000006
0.004999999999997853	-0.0257605375
0.004799999999997848	-0.024251735000000007
0.004599999999997842	-0.035353195
0.004399999999997836	-0.027204049500000004
0.0041999999999978305	-0.021644075000000002
0.003999999999997825	-0.0231993525
0.003799999999997819	-0.028796617500000003
0.0035999999999978133	-0.014910549999999998
0.0033999999999978076	-0.028684942500000005
0.003199999999997802	-0.0259467925
0.002999999999997796	-0.029113302499999997
0.0027999999999977904	-0.01749964675
0.0025999999999977846	-0.00947160075
0.002399999999997779	-0.007329550000000001
0.002199999999997773	-0.0019278425000000005
0.0019999999999977675	-0.0009871750000000016
0.0017999999999977617	-0.015385530250000001
0.001599999999997756	-0.02465226975
0.0013999999999977503	-0.01398852825
0.0011999999999977445	-0.0011455049999999987
0.0009999999999977388	0.03440325
0.0007999999999977331	-0.01989319
0.0005999999999977274	-0.010551951750000002
0.0003999999999977216	-0.010468122500000001
0.0001999999999977159	-0.028200605
-2.2898349882893854e-15	-0.021755814999999998
-0.00020000000000229556	-0.028386863500000005
-0.0004000000000023013	-0.025890932500000005
-0.000600000000002307	0.098953625
-0.0008000000000023127	-0.010803405000000002
-0.0010000000000023185	-0.024680132500000004
-0.0012000000000023242	-0.02732513945
-0.00140000000000233	-0.0080559875
-0.0016000000000023357	-0.022035218
-0.0018000000000023414	0.05534879000000001
-0.002000000000002347	0.224012475
-0.002200000000002353	-0.0021234339999999987
-0.0024000000000023586	-0.01092446575
-0.0026000000000023643	-0.014687014250000003
-0.00280000000000237	-0.0173133525
-0.0030000000000023758	-0.013513575
-0.0032000000000023815	0.08259949999999999
-0.0034000000000023872	-0.025667389
-0.003600000000002393	0.0019464675000000003
-0.0038000000000023987	0.028675552499999996
-0.004000000000002404	0.030361275000000007
-0.00420000000000241	0.131242625
-0.004400000000002416	-0.011492568250000001
-0.004600000000002422	-0.0069104425000000025
-0.004800000000002427	0.197683675
-0.005000000000002433	0.20400757500000005
-0.005200000000002439	0.041844555000000005
-0.0054000000000024445	0.067064925
-0.00560000000000245	0.006528622500000001
-0.005800000000002456	-0.01796531075
-0.006000000000002462	-0.012777810999999998
-0.006200000000002467	-0.0033527687500000004
-0.006400000000002473	-0.0065844942500000005
-0.006600000000002479	0.004377239000000001
-0.006800000000002485	0.0081118615
-0.00700000000000249	0.1353312525
-0.007200000000002496	0.24862744999999997
-0.007400000000002502	0.22953512500000003
-0.0076000000000025075	0.35798325000000003
-0.007800000000002513	0.404913
-0.008000000000002519	0.30351025
-0.008200000000002525	0.09181962500000002
-0.00840000000000253	0.35423000000000004
-0.008600000000002536	0.38242125
-0.008800000000002542	0.45233725
-0.009000000000002548	0.47167125000000004
-0.009200000000002553	0.49522450000000007
-0.009400000000002559	0.42305675
-0.009600000000002565	0.44119825000000007
-0.00980000000000257	0.4352290000000001
-0.010000000000002576	0.4255515
-0.010200000000002582	0.7117007500000001
-0.010400000000002588	0.6249200000000001
-0.010600000000002593	0.6253117499999999
-0.0108000000000026	0.6615775
-0.011000000000002605	0.31995675000000007
-0.01120000000000261	0.29244624999999996
-0.011400000000002616	0.3547335
-0.011600000000002622	0.5390619999999999
-0.011800000000002628	0.3897515
-0.012000000000002634	0.6981222499999999
-0.01220000000000264	0.5220185
-0.012400000000002645	0.25865752499999994
-0.01260000000000265	0.25013632500000005
-0.012800000000002656	0.3048794000000001
-0.013000000000002662	0.8828717500000001
-0.013200000000002668	0.41911699999999996
-0.013400000000002674	0.53717125
-0.01360000000000268	0.545078
-0.013800000000002685	0.89290175
-0.01400000000000269	0.4028462500000001
-0.014200000000002697	0.63621675
-0.014400000000002702	0.62521825
-0.014600000000002708	0.232860075
-0.014800000000002714	0.28386825000000004
-0.01500000000000272	0.2758217
-0.015200000000002725	0.91324225
-0.015400000000002731	0.70733375
-0.015600000000002737	0.7133399999999999
-0.015800000000002742	0.7090655000000001
-0.016000000000002748	0.81634675
-0.016200000000002754	0.586298
-0.01640000000000276	0.9012930000000001
-0.016600000000002765	0.8344334999999998
-0.01680000000000277	0.7822880000000001
-0.017000000000002777	0.8922877500000002
-0.017200000000002783	0.7322645
-0.017400000000002788	0.6769350000000002
-0.017600000000002794	0.6267177500000001
-0.0178000000000028	0.7936980000000001
-0.018000000000002805	0.8207707500000001
-0.01820000000000281	0.8677195000000001
-0.018400000000002817	0.70208975
-0.018600000000002823	0.7080317500000001
-0.01880000000000283	0.6990627500000001
-0.019000000000002834	0.6819172499999999
-0.01920000000000284	0.8260794999999999
-0.019400000000002846	0.834294
-0.01960000000000285	0.7139085000000001
-0.019800000000002857	0.9540805
-0.020000000000002863	0.7730307500000001
-0.02020000000000287	0.7435987500000002
-0.020400000000002874	0.965992
-0.02060000000000288	0.9515847500000001
-0.020800000000002886	0.7869174999999999
-0.02100000000000289	0.90857575
-0.021200000000002897	0.793455
-0.021400000000002903	0.98677025
-0.02160000000000291	0.9328650000000002
-0.021800000000002914	0.86821225
-0.02200000000000292	0.81945775
-0.022200000000002926	0.8600545
-0.02240000000000293	0.871668
-0.022600000000002937	0.8811487499999998
-0.022800000000002943	0.8632115
-0.02300000000000295	0.9109045
-0.023200000000002954	0.9666069999999999
-0.02340000000000296	0.9436589999999999
-0.023600000000002966	0.9456607500000002
-0.02380000000000297	0.9538382500000001
-0.024000000000002977	0.9953382500000001
-0.024200000000002983	0.9541365000000002
-0.02440000000000299	0.94379925
-0.024600000000002994	0.858862
-0.024800000000003	0.8593932500000001
-0.025000000000003006	0.967091
-0.02520000000000301	0.9191185000000001
-0.025400000000003017	0.9799249999999999
-0.025600000000003023	0.9767580000000001
-0.02580000000000303	1.0247865000000003
-0.026000000000003035	0.9696707499999999
-0.02620000000000304	0.9566787500000001
-0.026400000000003046	0.951007
-0.026600000000003052	0.9666535000000002
-0.026800000000003057	0.9181965
-0.027000000000003063	0.9851590000000001
-0.02720000000000307	0.99934275
-0.027400000000003075	1.002984
-0.02760000000000308	0.9980575000000002
-0.027800000000003086	0.9854004999999999
-0.028000000000003092	0.9702762500000002
-0.028200000000003098	0.9761532500000001
-0.028400000000003103	0.9783040000000001
-0.02860000000000311	1.0115622499999999
-0.028800000000003115	0.9791795000000002
-0.02900000000000312	0.9643247500000001
-0.029200000000003126	1.0154175
-0.029400000000003132	1.01293125
-0.029600000000003138	1.02516825
-0.029800000000003143	0.981294
-0.03000000000000315	0.9608605
-0.030200000000003155	0.9793847499999999
-0.03040000000000316	0.98024125
-0.030600000000003166	0.97172975
-0.030800000000003172	0.9907750000000002
-0.031000000000003178	0.98805475
-0.031200000000003184	0.9966610000000001
-0.03140000000000319	1.000218
-0.031600000000003195	1.0127262499999998
-0.0318000000000032	0.9997432500000002
-0.032000000000003206	1.01294975
-0.03220000000000321	1.01908675
-0.03240000000000322	1.012111
-0.032600000000003224	1.013173
-0.03280000000000323	0.9974055
-0.033000000000003235	1.024153
-0.03320000000000324	1.0346775
-0.03340000000000325	1.008293
-0.03360000000000325	1.0100157500000002
-0.03380000000000326	1.007492
-0.034000000000003264	1.00204375
-0.03420000000000327	1.028642
-0.034400000000003275	1.03666075
-0.03460000000000328	1.0380209999999999
-0.03480000000000329	1.0262485000000001
-0.03500000000000329	1.03696825
-0.0352000000000033	1.03139875
-0.035400000000003304	1.0094572499999999
-0.03560000000000331	1.0194875
-0.035800000000003315	1.02827
-0.03600000000000332	1.0149702499999997
-0.03620000000000333	1.0167025
-0.03640000000000333	1.0307002500000002
-0.03660000000000334	1.0251312499999998
-0.036800000000003344	1.02786925
-0.03700000000000335	1.0352360000000003
-0.037200000000003355	1.037611
-0.03740000000000336	1.0120645000000001
-0.03760000000000337	0.9967912500000001
-0.03780000000000337	1.0307095000000002
-0.03800000000000338	1.02463725
-0.038200000000003384	1.032302
-0.03840000000000339	1.018016
-0.038600000000003395	1.0150730000000001
-0.0388000000000034	0.9959065000000001
-0.03900000000000341	1.013862
-0.03920000000000341	1.01485825
-0.03940000000000342	1.03021625
-0.039600000000003424	1.04950425
-0.03980000000000343	1.049299
-0.040000000000003436	1.0431705000000002
-0.04020000000000344	1.01388075
-0.04040000000000345	1.048554
-0.04060000000000345	1.0308865
-0.04080000000000346	1.03609275
-0.041000000000003464	1.0414387500000002
-0.04120000000000347	1.03646525
-0.041400000000003476	1.0143929999999999
-0.04160000000000348	1.0499322500000001
-0.04180000000000349	1.0349747500000002
-0.04200000000000349	1.0255042500000002
-0.0422000000000035	1.0127350000000002
-0.042400000000003504	1.0334849999999998
-0.04260000000000351	1.0312965
-0.042800000000003516	1.056135
-0.04300000000000352	1.0278600000000002
-0.04320000000000353	1.05750375
-0.04340000000000353	1.04446525
-0.04360000000000354	1.0386817500000003
-0.043800000000003544	1.0284655
-0.04400000000000355	1.0173082500000001
-0.044200000000003556	1.0288564999999998
-0.04440000000000356	1.02766425
-0.04460000000000357	1.05075175
-0.04480000000000357	1.0468307499999998
-0.04500000000000358	1.0489727500000001
-0.045200000000003585	1.0156592500000001
-0.04540000000000359	1.0442045
-0.045600000000003596	1.044745
-0.0458000000000036	1.0266585000000001
-0.04600000000000361	1.05061275
-0.04620000000000361	1.0488517500000003
-0.04640000000000362	1.0492895000000002
-0.046600000000003625	1.0431245000000002
-0.04680000000000363	1.0489360000000003
-0.047000000000003636	1.04883325
-0.04720000000000364	1.0429755
-0.04740000000000365	1.0337269999999998
-0.04760000000000365	1.04609575
-0.04780000000000366	1.03562725
-0.048000000000003665	1.023241
-0.04820000000000367	1.051134
-0.048400000000003676	1.0363627500000003
-0.04860000000000368	1.03255375
-0.04880000000000369	1.0417550000000002
-0.04900000000000369	1.02840025
-0.0492000000000037	1.0336992500000002
-0.049400000000003705	1.02760825
-0.04960000000000371	1.0517857499999999
-0.049800000000003716	1.03328025
-0.05000000000000372	1.0412335
-0.05020000000000373	1.04649575
-0.050400000000003733	1.039567
-0.05060000000000374	1.0436550000000002
-0.050800000000003745	1.02819525
-0.05100000000000375	1.05814675
-0.051200000000003756	1.0408517500000003
-0.05140000000000376	1.0489265
-0.05160000000000377	1.0418945000000002
-0.051800000000003774	1.0582770000000001
-0.05200000000000378	1.05477525
-0.052200000000003785	1.05843525
-0.05240000000000379	1.0457690000000002
-0.052600000000003796	1.044922
-0.0528000000000038	1.0440927500000001
-0.05300000000000381	1.0451730000000001
-0.053200000000003814	1.0266305000000002
-0.05340000000000382	1.0417925
-0.053600000000003825	1.05566025
-0.05380000000000383	1.0323582500000001
-0.05400000000000384	1.0494477500000001
-0.05420000000000384	1.0470175
-0.05440000000000385	1.0485075000000001
-0.054600000000003854	1.06095025
-0.05480000000000386	1.07345775
-0.055000000000003865	1.06311975
-0.05520000000000387	1.0561535
-0.05540000000000388	1.0552404999999998
-0.05560000000000388	1.0693875
-0.05580000000000389	1.0507422499999999
-0.056000000000003894	1.0373875000000001
-0.0562000000000039	1.06509425
-0.056400000000003905	1.0539465
-0.05660000000000391	1.0360095
-0.05680000000000392	1.0610147500000002
-0.05700000000000392	1.0557717500000001
-0.05720000000000393	1.053993
-0.057400000000003934	1.0506959999999999
-0.05760000000000394	1.046375
-0.057800000000003945	1.0512547499999998
-0.05800000000000395	1.052363
-0.05820000000000396	1.0589940000000002
-0.05840000000000396	1.0463
-0.05860000000000397	1.0520002499999999
-0.058800000000003974	1.046449
-0.05900000000000398	1.04892625
-0.059200000000003986	1.0412900000000003
-0.05940000000000399	1.04729625
-0.059600000000004	1.0590685
-0.059800000000004	1.05217675
-0.06000000000000401	1.0617512500000001
-0.060200000000004014	1.0345285000000002
-0.06040000000000402	1.04729675
-0.060600000000004026	1.0454804999999998
-0.06080000000000403	1.0288842500000002
-0.06100000000000404	1.0679812499999999
-0.06120000000000404	1.05083575
-0.06140000000000405	1.0385142500000002
-0.061600000000004054	1.06386525
-0.06180000000000406	1.0433195000000004
-0.062000000000004066	1.04818125
-0.06220000000000407	1.04681225
-0.06240000000000408	1.0718927500000002
-0.06260000000000408	1.0509565
-0.06280000000000409	1.04179275
-0.0630000000000041	1.0625332500000002
-0.0632000000000041	1.0600742499999998
-0.0634000000000041	1.0587890000000002
-0.06360000000000411	1.04240725
-0.06380000000000412	1.05063075
-0.06400000000000412	1.0525214999999999
-0.06420000000000413	1.0737555
-0.06440000000000413	1.0436645000000002
-0.06460000000000414	1.059255
-0.06480000000000415	1.0708779999999998
-0.06500000000000415	1.0475664999999998
-0.06520000000000416	1.03803925
-0.06540000000000416	1.0384115
-0.06560000000000417	1.0568335000000002
-0.06580000000000417	1.0533965
-0.06600000000000418	1.04857225
-0.06620000000000419	1.05240975
-0.06640000000000419	1.0591802499999998
-0.0666000000000042	1.05742025
-0.0668000000000042	1.04707325
-0.06700000000000421	1.04906575
-0.06720000000000421	1.0568522500000002
-0.06740000000000422	1.0630730000000002
-0.06760000000000423	1.05293125
-0.06780000000000423	1.0610245
-0.06800000000000424	1.04965325
-0.06820000000000424	1.057355
-0.06840000000000425	1.0572245
-0.06860000000000425	1.06124775
-0.06880000000000426	1.0449682500000002
-0.06900000000000427	1.0548595
-0.06920000000000427	1.05869625
-0.06940000000000428	1.0615737500000002
-0.06960000000000428	1.0679535000000002
-0.06980000000000429	1.0509475000000001
-0.0700000000000043	1.05846325
-0.0702000000000043	1.055008
-0.0704000000000043	1.04694275
-0.07060000000000431	1.0522325000000001
-0.07080000000000432	1.0476132500000002
-0.07100000000000432	1.05509225
-0.07120000000000433	1.0602420000000001
-0.07140000000000433	1.0684004999999999
-0.07160000000000434	1.05580875
-0.07180000000000435	1.0603349999999998
-0.07200000000000435	1.0542255
-0.07220000000000436	1.06880975
-0.07240000000000436	1.0586025
-0.07260000000000437	1.0724425000000004
-0.07280000000000438	1.05802575
-0.07300000000000438	1.058063
-0.07320000000000439	1.068121
-0.07340000000000439	1.06263525
-0.0736000000000044	1.0690060000000001
-0.0738000000000044	1.0445405
-0.07400000000000441	1.043469
-0.07420000000000442	1.0582675
-0.07440000000000442	1.05178525
-0.07460000000000443	1.0531644999999998
-0.07480000000000443	1.05447725
-0.07500000000000444	1.07730375
-0.07520000000000444	1.0684475000000002
-0.07540000000000445	1.06122925
-0.07560000000000446	1.0425845
-0.07580000000000446	1.0609965
-0.07600000000000447	1.0492617499999999
-0.07620000000000447	1.0506965
-0.07640000000000448	1.05132925
-0.07660000000000448	1.05780175
-0.07680000000000449	1.0572337500000004
-0.0770000000000045	1.062887
-0.0772000000000045	1.0565445000000002
-0.0774000000000045	1.06079175
-0.07760000000000451	1.05988825
-0.07780000000000452	1.07336425
-0.07800000000000452	1.0618530000000002
-0.07820000000000453	1.06438625
-0.07840000000000454	1.05737375
-0.07860000000000454	1.0454897500000002
-0.07880000000000455	1.0462347500000002
-0.07900000000000455	1.0577185
-0.07920000000000456	1.0651225000000002
-0.07940000000000456	1.0684747500000003
-0.07960000000000457	1.07425825
-0.07980000000000458	1.03557175
-0.08	1.0555670000000001
-0.0798	1.067162
-0.07959999999999999	1.0572715000000001
-0.07939999999999998	1.0517580000000002
-0.07919999999999998	1.05109675
-0.07899999999999997	1.0456295
-0.07879999999999997	1.0598044999999998
-0.07859999999999996	1.0440465
-0.07839999999999996	1.0592175
-0.07819999999999995	1.0526332500000002
-0.07799999999999994	1.0556135000000002
-0.07779999999999994	1.03581325
-0.07759999999999993	1.0491592500000002
-0.07739999999999993	1.0458899999999998
-0.07719999999999992	1.07080325
-0.07699999999999992	1.07148325
-0.07679999999999991	1.05607925
-0.0765999999999999	1.0502677500000002
-0.0763999999999999	1.0525492499999998
-0.07619999999999989	1.05488675
-0.07599999999999989	1.050966
-0.07579999999999988	1.0571689999999998
-0.07559999999999988	1.0484422500000001
-0.07539999999999987	1.0528007499999998
-0.07519999999999986	1.058612
-0.07499999999999986	1.061434
-0.07479999999999985	1.0565445000000002
-0.07459999999999985	1.0596275
-0.07439999999999984	1.02726375
-0.07419999999999984	1.0405632500000002
-0.07399999999999983	1.036689
-0.07379999999999982	1.05307075
-0.07359999999999982	1.04294775
-0.07339999999999981	1.049532
-0.0731999999999998	1.04451225
-0.0729999999999998	1.04453025
-0.0727999999999998	1.0525399999999998
-0.07259999999999979	1.0589380000000002
-0.07239999999999978	1.0420995000000002
-0.07219999999999978	1.0442697500000002
-0.07199999999999977	1.0436085
-0.07179999999999977	1.04884275
-0.07159999999999976	1.0470084999999998
-0.07139999999999976	1.0376482500000002
-0.07119999999999975	1.0547472500000001
-0.07099999999999974	1.0365209999999998
-0.07079999999999974	1.0530055
-0.07059999999999973	1.0414199999999998
-0.07039999999999973	1.03493775
-0.07019999999999972	1.0565354999999998
-0.06999999999999972	1.0484795
-0.06979999999999971	1.0364000000000002
-0.0695999999999997	1.032209
-0.0693999999999997	1.0324325
-0.06919999999999969	1.0370152500000003
-0.06899999999999969	1.0368750000000002
-0.06879999999999968	1.0345285000000002
-0.06859999999999968	1.0452939999999997
-0.06839999999999967	1.0388867499999999
-0.06819999999999966	1.0482095
-0.06799999999999966	1.03572075
-0.06779999999999965	1.036652
-0.06759999999999965	1.04682175
-0.06739999999999964	1.0211819999999998
-0.06719999999999964	1.03045875
-0.06699999999999963	1.0534155
-0.06679999999999962	1.0342392500000002
-0.06659999999999962	1.026994
-0.06639999999999961	1.0494482500000002
-0.0661999999999996	1.03035575
-0.0659999999999996	1.03668875
-0.0657999999999996	1.0300392499999997
-0.06559999999999959	1.02428375
-0.06539999999999958	1.017653
-0.06519999999999958	1.0432175
-0.06499999999999957	1.0153334999999999
-0.06479999999999957	1.01551075
-0.06459999999999956	1.0092707500000002
-0.06439999999999955	1.0239019999999999
-0.06419999999999955	1.0314550000000002
-0.06399999999999954	1.0238272499999999
-0.06379999999999954	1.0477345000000002
-0.06359999999999953	1.0260719999999999
-0.06339999999999953	1.026882
-0.06319999999999952	1.0395665
-0.06299999999999951	1.043692
-0.06279999999999951	1.03319675
-0.0625999999999995	1.0109842500000001
-0.0623999999999995	1.0182120000000001
-0.06219999999999949	1.03696825
-0.061999999999999486	1.0315665
-0.06179999999999948	1.0400235000000002
-0.061599999999999475	1.019441
-0.06139999999999947	1.01993425
-0.06119999999999946	1.02125675
-0.06099999999999946	0.99541275
-0.06079999999999945	1.0236407499999998
-0.060599999999999446	1.01898425
-0.06039999999999944	1.03054225
-0.060199999999999435	1.0216297499999998
-0.05999999999999943	1.018258
-0.05979999999999942	1.03475175
-0.05959999999999942	1.00951275
-0.05939999999999941	1.0444655
-0.059199999999999406	1.00516375
-0.0589999999999994	1.0038787500000002
-0.058799999999999394	1.0146535
-0.05859999999999939	1.01916125
-0.05839999999999938	1.00226725
-0.05819999999999938	1.018733
-0.05799999999999937	1.0313527500000002
-0.057799999999999366	1.0156132500000001
-0.05759999999999936	1.0192545
-0.057399999999999354	1.007827
-0.05719999999999935	1.007157
-0.05699999999999934	1.02154575
-0.05679999999999934	1.0133780000000001
-0.05659999999999933	1.02505675
-0.056399999999999326	1.03264675
-0.05619999999999932	1.002891
-0.055999999999999314	1.03949175
-0.05579999999999931	1.0154177500000001
-0.0555999999999993	1.02386425
-0.0553999999999993	1.0168145000000002
-0.05519999999999929	1.0225047500000002
-0.054999999999999286	1.033439
-0.05479999999999928	1.033951
-0.054599999999999274	0.9965765000000001
-0.05439999999999927	1.0095874999999999
-0.05419999999999926	1.0164140000000002
-0.05399999999999926	1.00248125
-0.05379999999999925	1.0162277499999999
-0.053599999999999245	1.0112824999999999
-0.05339999999999924	1.01535225
-0.053199999999999234	1.01812775
-0.05299999999999923	1.0191985000000001
-0.05279999999999922	0.9991842500000001
-0.05259999999999922	0.9916782500000001
-0.05239999999999921	1.0119342500000001
-0.052199999999999205	0.98435775
-0.0519999999999992	0.9852427500000001
-0.051799999999999194	0.9806887500000001
-0.05159999999999919	1.0287725000000003
-0.05139999999999918	1.0173175
-0.05119999999999918	1.0096065
-0.05099999999999917	0.999641
-0.050799999999999165	1.0340625
-0.05059999999999916	1.0084605
-0.050399999999999154	0.9981230000000001
-0.05019999999999915	0.98901425
-0.04999999999999914	0.9743835000000002
-0.04979999999999914	0.96757525
-0.04959999999999913	0.9814337499999999
-0.049399999999999125	0.9837802500000001
-0.04919999999999912	0.9962412500000001
-0.048999999999999114	1.0044465
-0.04879999999999911	0.9863132500000001
-0.0485999999999991	0.98335225
-0.048399999999999097	0.9755845
-0.04819999999999909	0.98817625
-0.047999999999999085	0.99923125
-0.04779999999999908	1.0197757500000002
-0.047599999999999074	1.0088050000000002
-0.04739999999999907	0.9885395000000001
-0.04719999999999906	0.99857
-0.046999999999999056	0.9861372500000002
-0.04679999999999905	0.94436725
-0.046599999999999045	0.9382109999999999
-0.04639999999999904	0.9951705000000001
-0.046199999999999034	0.983585
-0.04599999999999903	0.9795987499999999
-0.04579999999999902	1.0126140000000001
-0.045599999999999016	0.9837805000000001
-0.04539999999999901	0.9617639999999998
-0.045199999999999005	0.9750915
-0.044999999999999	0.98555025
-0.04479999999999899	0.97483025
-0.04459999999999899	0.96209
-0.04439999999999898	0.9526187500000001
-0.044199999999998976	0.9583090000000002
-0.04399999999999897	0.9581505
-0.043799999999998965	0.95768475
-0.04359999999999896	0.9692895
-0.04339999999999895	0.94818525
-0.04319999999999895	0.9084925000000001
-0.04299999999999894	0.889177
-0.042799999999998936	0.879808
-0.04259999999999893	0.922136
-0.042399999999998925	0.9837990000000001
-0.04219999999999892	0.9705462500000002
-0.04199999999999891	0.9403714999999999
-0.04179999999999891	0.9826165
-0.0415999999999989	0.9518825
-0.041399999999998896	0.9523020000000001
-0.04119999999999889	0.9609167500000001
-0.040999999999998885	0.9889495000000003
-0.04079999999999888	0.9308630000000002
-0.04059999999999887	0.96880475
-0.04039999999999887	0.761109
-0.04019999999999886	0.6830345000000001
-0.039999999999998856	0.6953097499999998
-0.03979999999999885	0.8161145000000002
-0.039599999999998844	0.8576887499999999
-0.03939999999999884	0.93716825
-0.03919999999999883	0.9019637500000002
-0.03899999999999883	0.7192352500000001
-0.03879999999999882	0.61525325
-0.038599999999998816	0.5716485
-0.03839999999999881	0.56936675
-0.038199999999998804	0.7237337500000001
-0.0379999999999988	0.8804875000000001
-0.03779999999999879	0.6965762500000001
-0.03759999999999879	0.7402472499999999
-0.03739999999999878	0.7939767500000001
-0.037199999999998776	0.7858835000000001
-0.03699999999999877	0.77264875
-0.036799999999998764	0.535262
-0.03659999999999876	0.8646177500000001
-0.03639999999999875	0.9347742500000001
-0.03619999999999875	0.8105640000000001
-0.03599999999999874	0.7872055
-0.035799999999998736	0.6891347499999999
-0.03559999999999873	0.6005107499999999
-0.035399999999998724	0.55386025
-0.03519999999999872	0.56160875
-0.03499999999999871	0.8746760000000002
-0.03479999999999871	0.9855782500000001
-0.0345999999999987	0.9950960000000001
-0.034399999999998696	0.9809492500000002
-0.03419999999999869	0.9411259999999999
-0.033999999999998684	0.9432587500000001
-0.03379999999999868	0.9232630000000001
-0.03359999999999867	0.84877575
-0.03339999999999867	0.8393507500000001
-0.03319999999999866	0.78694525
-0.032999999999998655	0.7621705000000002
-0.03279999999999865	0.67661775
-0.032599999999998644	0.65842025
-0.03239999999999864	0.50243275
-0.03219999999999863	0.8171669999999999
-0.03199999999999863	0.7812817500000001
-0.03179999999999862	0.8225312499999999
-0.031599999999998615	0.8460940000000001
-0.03139999999999861	0.8113644999999999
-0.031199999999998604	0.8189360000000002
-0.030999999999998598	0.7706367499999999
-0.030799999999998592	0.67114175
-0.030599999999998587	0.6610742500000001
-0.03039999999999858	0.66331875
-0.030199999999998575	0.6329670000000001
-0.02999999999999857	0.526908
-0.029799999999998564	0.6598355000000001
-0.029599999999998558	0.87621275
-0.029399999999998552	0.8154815000000001
-0.029199999999998547	0.8069597500000001
-0.02899999999999854	0.83613775
-0.028799999999998535	0.8036715000000001
-0.02859999999999853	0.8201939999999999
-0.028399999999998524	0.9239805000000001
-0.028199999999998518	0.8654747500000001
-0.027999999999998512	0.7049955
-0.027799999999998506	0.523658
-0.0275999999999985	0.42302799999999996
-0.027399999999998495	0.6684505000000001
-0.02719999999999849	0.7004415
-0.026999999999998484	0.749877
-0.026799999999998478	0.7525780000000001
-0.026599999999998472	0.675938
-0.026399999999998466	0.6713747500000001
-0.02619999999999846	0.7633619999999999
-0.025999999999998455	0.7100345
-0.02579999999999845	0.5336510000000001
-0.025599999999998443	0.4424745
-0.025399999999998438	0.81243475
-0.025199999999998432	0.6399145
-0.024999999999998426	0.6749040000000001
-0.02479999999999842	0.7212285
-0.024599999999998415	0.7790742500000001
-0.02439999999999841	0.48156225000000014
-0.024199999999998403	0.161222
-0.023999999999998398	0.19637990000000002
-0.023799999999998392	0.8580142500000001
-0.023599999999998386	0.8416890000000001
-0.02339999999999838	0.9010605000000002
-0.023199999999998375	0.5472105
-0.02299999999999837	0.6589040000000002
-0.022799999999998363	0.7055075000000002
-0.022599999999998358	0.5489525
-0.022399999999998352	0.6865085000000001
-0.022199999999998346	0.21135542499999999
-0.02199999999999834	0.084545975
-0.021799999999998335	0.13119630000000002
-0.02159999999999833	0.6571065
-0.021399999999998323	0.481692
-0.021199999999998317	0.303789675
-0.02099999999999831	0.08630610000000001
-0.020799999999998306	0.145017
-0.0205999999999983	0.09419455000000002
-0.020399999999998294	0.112085325
-0.02019999999999829	0.0450669175
-0.019999999999998283	-0.019325085000000006
-0.019799999999998277	0.10976627500000001
-0.01959999999999827	0.04077356
-0.019399999999998266	0.0047870225
-0.01919999999999826	0.0259747325
-0.018999999999998254	0.081863675
-0.01879999999999825	0.6270155000000002
-0.018599999999998243	0.59307875
-0.018399999999998237	0.09674627499999999
-0.01819999999999823	0.104569525
-0.017999999999998226	-0.027744261250000006
-0.01779999999999822	-0.0230038325
-0.017599999999998214	-0.0147615275
-0.01739999999999821	-0.007674145000000001
-0.017199999999998203	-0.016279614249999998
-0.016999999999998197	-0.033984175
-0.01679999999999819	-0.0220165725
-0.016599999999998186	-0.014258644999999999
-0.01639999999999818	-0.026160975
-0.016199999999998174	-0.033881709999999995
-0.01599999999999817	0.22031515
-0.015799999999998163	0.21435459999999998
-0.015599999999998157	0.21641260000000004
-0.015399999999998151	0.01137149975
-0.015199999999998146	0.006780060000000001
-0.01499999999999814	0.00538307275
-0.014799999999998134	-0.027520725000000003
-0.014599999999998128	-0.030063229999999996
-0.014399999999998123	0.009965204
-0.014199999999998117	0.015078179999999998
-0.013999999999998111	-0.032000389
-0.013799999999998105	-0.016987395000000002
-0.0135999999999981	-0.02735308675
-0.013399999999998094	-0.0369923475
-0.013199999999998088	-0.019092226
-0.012999999999998083	0.005699732750000002
-0.012799999999998077	-0.02096416
-0.012599999999998071	-0.0135042565
-0.012399999999998065	-0.0316371675
-0.01219999999999806	-0.01301065375
-0.011999999999998054	-0.03333218499999999
-0.011799999999998048	-0.0339655425
-0.011599999999998042	-0.029681405750000004
-0.011399999999998037	-0.024130732
-0.011199999999998031	-0.03617277
-0.010999999999998025	-0.032652362500000004
-0.01079999999999802	-0.013411105
-0.010599999999998014	-0.020535812499999997
-0.010399999999998008	-0.0275672825
-0.010199999999998002	-0.0256487625
-0.009999999999997997	-0.02466159
-0.009799999999997991	-0.040568647500000006
-0.009599999999997985	-0.01628891
-0.00939999999999798	-0.021830315000000003
-0.009199999999997974	-0.020042167500000003
-0.008999999999997968	-0.01409100425
-0.008799999999997962	-0.0370575275
-0.008599999999997957	-0.0199117625
-0.00839999999999795	-0.029038822500000002
-0.008199999999997945	-0.020042180249999996
-0.00799999999999794	-0.015115424999999998
-0.007799999999997934	-0.030603395000000005
-0.007599999999997928	-0.016223755
-0.007399999999997922	-0.029364765
-0.007199999999997916	-0.025667330000000002
-0.006999999999997911	-0.012908199800000002
-0.006799999999997905	-0.021774421250000002
-0.006599999999997899	-0.024875770000000005
-0.0063999999999978935	-0.01120390275
-0.006199999999997888	-0.00528994
-0.005999999999997882	0.0086147865
-0.005799999999997876	-0.016307534500000002
-0.005599999999997871	-0.009834822249999998
-0.005399999999997865	-0.0117533765
-0.005199999999997859	-0.020219124749999998
-0.004999999999997853	-0.024419404999999998
-0.004799999999997848	-0.015674235
-0.004599999999997842	-0.012302826000000003
-0.004399999999997836	-0.005606585999999999
-0.0041999999999978305	-0.014826723249999998
-0.003999999999997825	-0.038687385000000005
-0.003799999999997819	-0.032615052500000005
-0.0035999999999978133	0.002123428250000001
-0.0033999999999978076	-0.015255157500000003
-0.003199999999997802	-0.025257602499999997
-0.002999999999997796	-0.027781502500000003
-0.0027999999999977904	-0.0152551075
-0.0025999999999977846	0.06314404750000002
-0.002399999999997779	0.057407027500000006
-0.002199999999997773	-0.01111073
-0.0019999999999977675	0.19902485000000003
-0.0017999999999977617	-0.019250535
-0.001599999999997756	-0.023665042499999997
-0.0013999999999977503	-0.017555532500000002
-0.0011999999999977445	-0.019706896
-0.0009999999999977388	-0.022240112500000003
-0.0007999999999977331	-0.0210573175
-0.0005999999999977274	-0.019418173500000004
-0.0003999999999977216	0.20231252500000005
-0.0001999999999977159	-0.030901424500000007
0.0	-0.01817951
