Initial Temperature (K)	0.0188283
Excitation Current (A)	0.00018
Field (T)	Resistance (Ohms)
0.0	0.02775984969999999
-0.0002	1.3183487666666667e-05
-0.0004	-6.281274444444444e-06
-0.0006000000000000001	-2.4183476944444448e-05
-0.0008	4.6131732222222216e-05
-0.001	5.784572777777776e-06
-0.0012000000000000001	-2.5890914999999997e-05
-0.0014	-2.0892797611111106e-05
-0.0016	-3.381755e-05
-0.0018000000000000002	3.827758611111111e-05
-0.002	-1.1486362777777775e-05
-0.0022	-9.965219444444443e-06
-0.0024000000000000002	-2.822957472222222e-05
-0.0026000000000000003	1.130013888888889e-05
-0.0028	-1.8212666666666666e-05
-0.003	-1.9464703666666668e-05
-0.0032	4.915316944444444e-06
-0.0034000000000000002	-2.9543772222222218e-05
-0.0036000000000000003	-2.4845774999999997e-05
-0.0038	-2.72879e-05
-0.004	2.1917263888888887e-05
-0.004200000000000001	3.54732e-05
-0.0044	-1.5967110277777776e-05
-0.0046	-2.0023522222222227e-05
-0.0048000000000000004	-2.573569611111111e-05
-0.005	9.915530000000002e-05
-0.005200000000000001	2.9388305555555546e-06
-0.0054	9.230499444444445e-06
-0.0056	-3.6632594444444424e-06
-0.0058000000000000005	9.503681944444443e-05
-0.006	0.0001247979722222222
-0.006200000000000001	-1.2624683333333333e-05
-0.0064	-1.580148888888889e-05
-0.0066	0.0002018910277777778
-0.0068000000000000005	0.0002638039999999999
-0.007	1.0172033333333334e-05
-0.007200000000000001	-2.2921021111111106e-05
-0.0074	0.0001172230861111111
-0.0076	0.0001220763888888889
-0.0078000000000000005	8.356086666666666e-05
-0.008	0.00024104855555555555
-0.0082	4.906025833333332e-05
-0.008400000000000001	0.00025980933055555554
-0.0086	0.00016750441666666665
-0.0088	0.00018413388888888888
-0.009000000000000001	0.00033010366666666663
-0.0092	0.00034039
-0.0094	0.00033588833333333333
-0.009600000000000001	0.00038117111111111117
-0.0098	0.00019389194444444446
-0.01	0.0006811309166666666
-0.0102	0.0005343647222222222
-0.010400000000000001	0.0003974177777777778
-0.0106	0.00044839250000000005
-0.0108	0.0003682980555555555
-0.011000000000000001	0.0006149972222222222
-0.0112	0.0007166144444444443
-0.0114	0.0003333015833333334
-0.011600000000000001	0.00021117324999999997
-0.0118	0.0002753830555555556
-0.012	0.00033856833333333324
-0.0122	0.0004899822222222221
-0.012400000000000001	0.00024036533333333335
-0.0126	0.00040922572222222217
-0.0128	0.0003313039444444445
-0.013000000000000001	0.0007291047222222222
-0.0132	0.00043904833333333325
-0.0134	0.0007441402777777777
-0.013600000000000001	0.0008681741666666666
-0.013800000000000002	0.0008285716666666668
-0.014	0.000493573611111111
-0.0142	0.00043193999999999996
-0.014400000000000001	0.0007076222222222222
-0.0146	0.00032870708333333326
-0.0148	0.00035901613888888887
-0.015000000000000001	0.0005454266666666665
-0.0152	0.0008756358333333334
-0.0154	0.0008387116666666665
-0.015600000000000001	0.0009844966666666666
-0.0158	0.0010413594444444445
-0.016	0.0008346552777777779
-0.0162	0.0009684052777777779
-0.0164	0.0007368244444444445
-0.0166	0.0007313294444444444
-0.016800000000000002	0.0009965730555555555
-0.017	0.0009495833333333332
-0.0172	0.0008632994444444445
-0.017400000000000002	0.0007932522222222223
-0.0176	0.0007784233333333331
-0.0178	0.000767071111111111
-0.018000000000000002	0.0007769538888888889
-0.0182	0.0007764052777777778
-0.0184	0.0007455061111111111
-0.018600000000000002	0.0007380969444444444
-0.0188	0.0008647702777777776
-0.019	0.0008807991666666666
-0.019200000000000002	0.0009615555555555557
-0.0194	0.0009729594444444444
-0.0196	0.0010567988888888888
-0.0198	0.000987590833333333
-0.02	0.001008391111111111
-0.020200000000000003	0.0009568469444444445
-0.0204	0.000893838611111111
-0.0206	0.0010596027777777777
-0.020800000000000003	0.0009664816666666666
-0.021	0.0009245405555555554
-0.0212	0.0010852663888888886
-0.021400000000000002	0.0009492205555555554
-0.0216	0.0009949174999999998
-0.0218	0.0010205805555555557
-0.022000000000000002	0.0009039075000000001
-0.0222	0.0009274274999999998
-0.0224	0.0009322808333333332
-0.022600000000000002	0.0010875641666666666
-0.0228	0.0009139027777777778
-0.023	0.000927158611111111
-0.023200000000000002	0.0010457988888888888
-0.0234	0.0010055966666666666
-0.0236	0.0010166383333333332
-0.0238	0.0009831933333333332
-0.024	0.001088981388888889
-0.024200000000000003	0.001073066111111111
-0.0244	0.0010679127777777776
-0.0246	0.0010905127777777776
-0.024800000000000003	0.000981196388888889
-0.025	0.0009701547222222222
-0.0252	0.0010159141666666667
-0.025400000000000002	0.0010615075
-0.0256	0.0010290869444444443
-0.0258	0.001018366388888889
-0.026000000000000002	0.0011107327777777779
-0.0262	0.0010451369444444442
-0.0264	0.0010700955555555556
-0.026600000000000002	0.0010732622222222221
-0.0268	0.0011398938888888888
-0.027	0.0011485652777777774
-0.027200000000000002	0.0010963697222222222
-0.0274	0.0011182452777777777
-0.027600000000000003	0.0011292455555555556
-0.027800000000000002	0.0010982738888888888
-0.028	0.0011057241666666666
-0.028200000000000003	0.0011123055555555554
-0.0284	0.0011181524999999998
-0.0286	0.0011146444444444445
-0.028800000000000003	0.0010986361111111113
-0.029	0.0011116744444444446
-0.0292	0.0010790677777777777
-0.029400000000000003	0.0010550916666666667
-0.0296	0.0010471544444444444
-0.0298	0.0010435225
-0.030000000000000002	0.0010678502777777777
-0.0302	0.0010664119444444445
-0.0304	0.0010627183333333332
-0.030600000000000002	0.0010584241666666664
-0.0308	0.0010614344444444443
-0.031	0.0010773811111111108
-0.031200000000000002	0.0010914438888888888
-0.031400000000000004	0.0011121816666666666
-0.0316	0.0011248680555555554
-0.0318	0.0011169722222222223
-0.032	0.0011342327777777777
-0.0322	0.0011163824999999997
-0.0324	0.0011351030555555555
-0.032600000000000004	0.0011234816666666667
-0.0328	0.0011259447222222224
-0.033	0.001132836111111111
-0.0332	0.001096266111111111
-0.0334	0.0011071733333333333
-0.033600000000000005	0.0011179555555555557
-0.033800000000000004	0.0011135369444444443
-0.034	0.0011269583333333333
-0.0342	0.0011476236111111111
-0.0344	0.0011338813888888888
-0.0346	0.0011205319444444444
-0.034800000000000005	0.0011282
-0.035	0.0011139302777777777
-0.0352	0.0011000947222222222
-0.0354	0.001141528611111111
-0.0356	0.0011443533333333332
-0.0358	0.0011190630555555556
-0.036000000000000004	0.0011378447222222222
-0.0362	0.0011167661111111114
-0.0364	0.0011340474999999997
-0.0366	0.0011394175
-0.0368	0.0011553325
-0.037000000000000005	0.0011530149999999999
-0.037200000000000004	0.0011279213888888888
-0.0374	0.0011452124999999998
-0.0376	0.0011161549999999998
-0.0378	0.001130404722222222
-0.038	0.0011380927777777776
-0.038200000000000005	0.0011264305555555554
-0.038400000000000004	0.0011252200000000001
-0.0386	0.0011428530555555557
-0.0388	0.0011514422222222223
-0.039	0.0011438466666666665
-0.0392	0.0011242372222222221
-0.039400000000000004	0.0011703166666666666
-0.0396	0.0011557777777777781
-0.0398	0.0011809963888888889
-0.04	0.0011136816666666664
-0.0402	0.00113919
-0.040400000000000005	0.0011508730555555556
-0.040600000000000004	0.0011348438888888887
-0.0408	0.0011313255555555556
-0.041	0.0011011922222222221
-0.0412	0.0011366036111111109
-0.0414	0.0011279413888888887
-0.041600000000000005	0.0011087883333333332
-0.041800000000000004	0.0011377411111111108
-0.042	0.0011391483333333334
-0.0422	0.001144177222222222
-0.0424	0.0011642111111111108
-0.0426	0.0011569683333333333
-0.042800000000000005	0.001150344722222222
-0.043000000000000003	0.0011506247222222222
-0.0432	0.0011545052777777779
-0.0434	0.0011464130555555554
-0.0436	0.0011318944444444442
-0.0438	0.0011351749999999998
-0.044000000000000004	0.0011361375
-0.0442	0.0011493102777777777
-0.0444	0.0011509247222222221
-0.0446	0.0011541944444444445
-0.0448	0.0011412488888888888
-0.045000000000000005	0.0011270516666666665
-0.045200000000000004	0.0011681438888888887
-0.0454	0.0011413730555555554
-0.0456	0.0011564191666666665
-0.0458	0.001136809722222222
-0.046	0.00114751
-0.046200000000000005	0.0011662605555555557
-0.046400000000000004	0.0011504588888888887
-0.0466	0.0011850008333333332
-0.0468	0.0011498688888888888
-0.047	0.0011586025
-0.0472	0.0011483169444444444
-0.047400000000000005	0.0011579402777777777
-0.0476	0.0011795055555555553
-0.0478	0.0011485133333333333
-0.048	0.0011530769444444444
-0.0482	0.001147996111111111
-0.048400000000000006	0.0011654430555555555
-0.048600000000000004	0.0011529427777777776
-0.0488	0.001154514722222222
-0.049	0.001179774722222222
-0.0492	0.0011535738888888887
-0.0494	0.0011659294444444444
-0.049600000000000005	0.0011529424999999996
-0.049800000000000004	0.0011750563888888888
-0.05	0.0011585408333333333
-0.0502	0.0011632905555555555
-0.0504	0.0011472408333333332
-0.0506	0.0011653391666666666
-0.050800000000000005	0.0011717447222222225
-0.051000000000000004	0.0011508519444444446
-0.0512	0.0011706891666666667
-0.0514	0.0011458541666666665
-0.0516	0.0011545566666666665
-0.051800000000000006	0.0011575369444444443
-0.052000000000000005	0.0011606625
-0.0522	0.0011557677777777778
-0.0524	0.0011707205555555556
-0.0526	0.0011786575
-0.0528	0.0011667569444444444
-0.053000000000000005	0.0011563677777777779
-0.053200000000000004	0.0011466094444444444
-0.0534	0.0011675541666666665
-0.0536	0.0011488341666666666
-0.0538	0.0011475408333333332
-0.054	0.0011542874999999997
-0.054200000000000005	0.0011580441666666668
-0.054400000000000004	0.001165173888888889
-0.0546	0.0011651322222222223
-0.0548	0.0011661777777777775
-0.055	0.0011637974999999998
-0.055200000000000006	0.0011612002777777778
-0.055400000000000005	0.001160745
-0.055600000000000004	0.0011633213888888887
-0.0558	0.0011669122222222224
-0.056	0.0011467022222222223
-0.0562	0.001152259722222222
-0.056400000000000006	0.0011660019444444444
-0.056600000000000004	0.0011700375
-0.0568	0.0011704616666666666
-0.057	0.0011566055555555553
-0.0572	0.001181223611111111
-0.0574	0.0011505002777777778
-0.057600000000000005	0.0011777466666666664
-0.057800000000000004	0.0011600202777777777
-0.058	0.0011606416666666668
-0.0582	0.001168775
-0.0584	0.0011575577777777775
-0.058600000000000006	0.0011777155555555555
-0.058800000000000005	0.0011642838888888888
-0.059000000000000004	0.0011513794444444443
-0.0592	0.0011549397222222221
-0.0594	0.0011745183333333334
-0.0596	0.0011474788888888887
-0.059800000000000006	0.0011539566666666666
-0.060000000000000005	0.0011582405555555556
-0.060200000000000004	0.0011719519444444444
-0.0604	0.0011700686111111112
-0.0606	0.0011633005555555557
-0.0608	0.0011638180555555554
-0.061000000000000006	0.0011509558333333333
-0.061200000000000004	0.00116179
-0.0614	0.001167998611111111
-0.0616	0.0011781397222222223
-0.0618	0.0011700994444444443
-0.062	0.0011726972222222223
-0.062200000000000005	0.001171672222222222
-0.062400000000000004	0.0011579402777777777
-0.0626	0.0011706580555555554
-0.06280000000000001	0.001172603611111111
-0.063	0.001159813611111111
-0.0632	0.0011798783333333332
-0.0634	0.0011718791666666668
-0.0636	0.0011902263888888887
-0.06380000000000001	0.0011644283333333335
-0.064	0.001150758888888889
-0.06420000000000001	0.0011737319444444442
-0.0644	0.0011773427777777778
-0.0646	0.0011585402777777778
-0.0648	0.0011628452777777776
-0.065	0.0011891086111111109
-0.06520000000000001	0.0011655466666666665
-0.0654	0.001163932222222222
-0.0656	0.0011833763888888888
-0.0658	0.0011721791666666668
-0.066	0.0011785744444444443
-0.06620000000000001	0.0011663430555555554
-0.0664	0.0011618727777777775
-0.0666	0.001171382222222222
-0.0668	0.0011601444444444445
-0.067	0.001174993888888889
-0.06720000000000001	0.001161117222222222
-0.0674	0.0011657330555555556
-0.06760000000000001	0.0011622355555555557
-0.0678	0.0011578369444444443
-0.068	0.0011683402777777777
-0.0682	0.0011615002777777775
-0.0684	0.001168951111111111
-0.06860000000000001	0.0011673472222222222
-0.0688	0.0011657219444444445
-0.069	0.001182155
-0.0692	0.0011570402777777778
-0.0694	0.0011726969444444443
-0.06960000000000001	0.0011875355555555553
-0.0698	0.001166746388888889
-0.07	0.001172158888888889
-0.0702	0.0011803438888888889
-0.0704	0.0011902163888888888
-0.07060000000000001	0.0011621727777777777
-0.0708	0.0011735241666666666
-0.07100000000000001	0.0011577438888888886
-0.0712	0.0011760183333333334
-0.0714	0.0011776738888888887
-0.0716	0.0011713413888888885
-0.0718	0.0011792786111111111
-0.07200000000000001	0.0011602691666666668
-0.0722	0.0011672016666666666
-0.0724	0.0011864183333333334
-0.0726	0.0011667261111111109
-0.0728	0.0011756769444444444
-0.07300000000000001	0.001149154722222222
-0.0732	0.0011689299999999999
-0.0734	0.0011529627777777777
-0.0736	0.0011836244444444444
-0.0738	0.001183086111111111
-0.07400000000000001	0.001170368888888889
-0.0742	0.0011757183333333332
-0.07440000000000001	0.0011694788888888888
-0.0746	0.001157205833333333
-0.0748	0.0011707616666666667
-0.075	0.0011849694444444443
-0.0752	0.001183903888888889
-0.07540000000000001	0.0011740727777777775
-0.0756	0.0011640763888888888
-0.0758	0.0011717141666666665
-0.076	0.0011752422222222221
-0.0762	0.001162390277777778
-0.07640000000000001	0.0011527144444444446
-0.0766	0.0011752216666666667
-0.07680000000000001	0.0011800955555555557
-0.077	0.001161614444444444
-0.0772	0.001167760833333333
-0.07740000000000001	0.0011586438888888887
-0.0776	0.0011716513888888889
-0.07780000000000001	0.0011705444444444443
-0.078	0.0011849177777777777
-0.0782	0.0011902055555555555
-0.0784	0.0011771566666666663
-0.0786	0.0011767324999999997
-0.07880000000000001	0.0011468575
-0.079	0.0011646358333333331
-0.0792	0.0011787399999999997
-0.0794	0.0011774669444444444
-0.0796	0.0011692200000000001
-0.07980000000000001	0.0011712897222222222
-0.08	0.0011732555555555553
-0.0798	0.0011633008333333335
-0.07959999999999999	0.001175211388888889
-0.07939999999999998	0.0011584994444444443
-0.07919999999999998	0.0011563055555555554
-0.07899999999999997	0.0011836244444444444
-0.07879999999999997	0.0011644494444444445
-0.07859999999999996	0.0011674813888888887
-0.07839999999999996	0.0011489377777777776
-0.07819999999999995	0.0011845041666666666
-0.07799999999999994	0.0011654630555555556
-0.07779999999999994	0.0011690952777777778
-0.07759999999999993	0.0011636011111111108
-0.07739999999999993	0.0011603205555555554
-0.07719999999999992	0.0011610033333333332
-0.07699999999999992	0.0011537908333333334
-0.07679999999999991	0.0011743627777777781
-0.0765999999999999	0.001150758611111111
-0.0763999999999999	0.0011530047222222221
-0.07619999999999989	0.0011733591666666665
-0.07599999999999989	0.0011551780555555558
-0.07579999999999988	0.0011577025
-0.07559999999999988	0.00117338
-0.07539999999999987	0.0011638186111111108
-0.07519999999999986	0.0011623799999999998
-0.07499999999999986	0.001152683611111111
-0.07479999999999985	0.0011516180555555553
-0.07459999999999985	0.0011628352777777776
-0.07439999999999984	0.0011681330555555554
-0.07419999999999984	0.0011467127777777778
-0.07399999999999983	0.001162245
-0.07379999999999982	0.0011470955555555559
-0.07359999999999982	0.0011422213888888889
-0.07339999999999981	0.00114306
-0.0731999999999998	0.0011585408333333333
-0.0729999999999998	0.0011629280555555557
-0.0727999999999998	0.001143971111111111
-0.07259999999999979	0.0011495375000000001
-0.07239999999999978	0.0011347713888888889
-0.07219999999999978	0.0011610966666666664
-0.07199999999999977	0.0011538533333333332
-0.07179999999999977	0.0011357336111111112
-0.07159999999999976	0.0011612522222222224
-0.07139999999999976	0.001152083333333333
-0.07119999999999975	0.0011548155555555556
-0.07099999999999974	0.0011498688888888888
-0.07079999999999974	0.0011481
-0.07059999999999973	0.0011694994444444444
-0.07039999999999973	0.0011486480555555553
-0.07019999999999972	0.0011543805555555555
-0.06999999999999972	0.0011526419444444443
-0.06979999999999971	0.0011522280555555555
-0.0695999999999997	0.0011417252777777775
-0.0693999999999997	0.0011685986111111108
-0.06919999999999969	0.0011583752777777775
-0.06899999999999969	0.0011454094444444444
-0.06879999999999968	0.0011572469444444443
-0.06859999999999968	0.0011361891666666665
-0.06839999999999967	0.0011676674999999998
-0.06819999999999966	0.0011471475
-0.06799999999999966	0.001143908611111111
-0.06779999999999965	0.0011557877777777779
-0.06759999999999965	0.0011476644444444444
-0.06739999999999964	0.0011470652777777776
-0.06719999999999964	0.0011513591666666664
