Initial Temperature (K)	0.0178581
Excitation Current (A)	2e-07
Field (T)	Resistance (Ohms)
0.0	0.012246972499999998
-0.005	0.015487985
-0.01	0.01364395525
-0.015	0.01549729025
-0.02	0.022957215
-0.025	-0.0046659485
-0.03	0.004721827500000001
-0.035	0.0076648257500000015
-0.04	0.013373856700000002
-0.045	0.013336612999999997
-0.05	0.01679185
-0.055	0.007730020000000001
-0.06	0.007143276250000001
-0.065	0.009890705000000001
-0.07	0.0039115776000000005
-0.075	0.005615899500000001
-0.08	0.016493828499999995
-0.085	-0.00015831499999999977
-0.09	0.00992795575
-0.095	0.021504347499999996
-0.1	0.015087517500000001
-0.105	0.010905844999999999
-0.11	0.013643958500000004
-0.115	0.02134602
-0.12	0.014714971750000002
-0.125	0.013448384499999999
-0.13	0.02223076
-0.135	0.015683552500000003
-0.14	0.015208554999999999
-0.145	0.007674147250000001
-0.15	0.0111573235
-0.155	0.0093970875
-0.16	0.025648799500000003
-0.165	0.010868595750000003
-0.17	0.01722027
-0.17500000000000002	0.01835644225
-0.18	0.015730127500000003
-0.185	-0.0016111900000000006
-0.19	-0.0007636814999999998
-0.195	0.019669630000000004
-0.2	0.0074319947499999995
-0.20500000000000002	0.011511204750000002
-0.21	0.012945464999999998
-0.215	0.0106916565
-0.22	0.0193436675
-0.225	0.004861527500000003
-0.23	0.017536910250000003
-0.23500000000000001	0.01989317
-0.24	0.012116595
-0.245	0.0424406
-0.25	0.0243821675
-0.255	0.0189059225
-0.26	0.00995589975
-0.265	0.013280730000000001
-0.27	0.020284315
-0.275	0.057723674999999995
-0.28	0.01651243
-0.28500000000000003	0.0113435815
-0.29	0.0893795
-0.295	0.025760480000000002
-0.3	0.015162015
-0.305	0.12181772500000002
-0.31	0.023637077750000002
-0.315	0.020312258500000003
-0.32	0.21785645000000003
-0.325	0.025825715000000003
-0.33	0.023171425000000002
-0.335	0.3031565
-0.34	0.023339077500000003
-0.34500000000000003	0.026161005000000005
-0.35000000000000003	0.26109797500000004
-0.355	0.030584785000000007
-0.36	0.035036537500000006
-0.365	0.50370875
-0.37	0.021206317500000002
-0.375	0.033443952500000006
-0.38	0.08619430000000002
-0.385	0.03374203500000001
-0.39	0.43805949999999994
-0.395	0.05398909
-0.4	0.040652452500000005
-0.405	0.062566575
-0.41000000000000003	0.20150215
-0.41500000000000004	0.014826721749999999
-0.42	0.35064475
-0.425	0.18440285
-0.43	0.20585160000000002
-0.435	0.6184005
-0.44	0.4414405
-0.445	0.156630575
-0.45	0.429827
-0.455	0.074077775
-0.46	0.089249075
-0.465	0.4712147500000001
-0.47000000000000003	0.39931675000000005
-0.47500000000000003	0.5254734999999999
-0.48	0.49119175
-0.485	0.52728975
-0.49	0.33107725000000005
-0.495	0.4268095000000001
-0.5	0.317657
-0.505	0.53016775
-0.51	0.438283
-0.515	0.48351775
-0.52	0.45106100000000005
-0.525	0.58246125
-0.53	0.31300025
-0.535	0.39641075000000003
-0.54	0.49071675
-0.545	0.47429775
-0.55	0.6127012500000001
-0.555	0.5346285000000001
-0.56	0.33264200000000005
-0.5650000000000001	0.6535585
-0.5700000000000001	0.4900365
-0.5750000000000001	0.4859855
-0.58	0.52203725
-0.585	0.4912570000000001
-0.59	0.35179925000000006
-0.595	0.48246524999999996
-0.6	0.5728595
-0.605	0.4851754999999999
-0.61	0.5623450000000001
-0.615	0.56100375
-0.62	0.6807627499999999
-0.625	0.517977
-0.63	0.6083890000000001
-0.635	0.633861
-0.64	0.5035875
-0.645	0.44677675
-0.65	0.6614005000000002
-0.655	0.63495975
-0.66	0.6709562500000001
-0.665	0.6608787500000001
-0.67	0.43039499999999997
-0.675	0.5880960000000001
-0.68	0.607626
-0.685	0.6252555000000001
-0.6900000000000001	0.5380185000000001
-0.6950000000000001	0.5014177500000001
-0.7000000000000001	0.6580847500000001
-0.705	0.635444
-0.71	0.67709325
-0.715	0.5671225000000001
-0.72	0.5278390000000001
-0.725	0.50316875
-0.73	0.67143975
-0.735	0.6489582500000001
-0.74	0.6205807499999999
-0.745	0.58329975
-0.75	0.55113175
-0.755	0.5506472499999999
-0.76	0.564366
-0.765	0.6780617500000001
-0.77	0.6861830000000001
-0.775	0.6771492499999999
-0.78	0.5597745
-0.785	0.48006225
-0.79	0.5727197500000001
-0.795	0.5896975
-0.8	0.596068
-0.805	0.5179210000000001
-0.81	0.6223312500000001
-0.8150000000000001	0.53570925
-0.8200000000000001	0.5527987499999999
-0.8250000000000001	0.6629652500000001
-0.8300000000000001	0.6818985
-0.835	0.6961390000000001
-0.84	0.6544154999999999
-0.845	0.59540625
-0.85	0.6069645
-0.855	0.5923430000000001
-0.86	0.6049154999999999
-0.865	0.6309089999999999
-0.87	0.5853112500000001
-0.875	0.6045805
-0.88	0.67492275
-0.885	0.6738142500000001
-0.89	0.6459497500000001
-0.895	0.6412275000000001
-0.9	0.6224715
-0.895	0.6521150000000001
-0.89	0.68308175
-0.885	0.6697540000000001
-0.88	0.63007975
-0.875	0.6252277500000001
-0.87	0.6257775
-0.865	0.6693445000000001
-0.86	0.67085325
-0.855	0.6585967500000001
-0.85	0.5914115
-0.845	0.61337175
-0.84	0.60713225
-0.835	0.5807847500000001
-0.83	0.6673695000000001
-0.825	0.665489
-0.82	0.6831747500000002
-0.815	0.6282264999999999
-0.8099999999999999	0.6188665
-0.8049999999999999	0.6215862500000001
-0.7999999999999999	0.5848177499999999
-0.7949999999999999	0.6523105
-0.7899999999999999	0.6572
-0.7849999999999999	0.66562825
-0.7799999999999999	0.6184665000000001
-0.7749999999999999	0.57192825
-0.7699999999999999	0.6171065
-0.7649999999999999	0.56736475
-0.7599999999999999	0.6441990000000001
-0.7549999999999999	0.637139
-0.7499999999999999	0.6114717499999999
-0.7449999999999999	0.6472905
-0.7399999999999999	0.53813025
-0.7349999999999999	0.5055620000000001
-0.7299999999999999	0.5190847500000001
-0.7249999999999999	0.4323975
-0.7199999999999999	0.5924265000000001
-0.7149999999999999	0.5864842499999999
-0.7099999999999999	0.6698099999999999
-0.7049999999999998	0.587975
-0.6999999999999998	0.51208125
-0.6949999999999998	0.42250650000000006
-0.6899999999999998	0.287538
-0.6849999999999998	0.4050725
-0.6799999999999998	0.5039227500000001
-0.6749999999999998	0.564673
-0.6699999999999998	0.631831
-0.6649999999999998	0.44553825
-0.6599999999999998	0.38455475000000006
-0.6549999999999998	0.181012725
-0.6499999999999998	0.168495625
-0.6449999999999998	0.43442775
-0.6399999999999998	0.58564675
-0.6349999999999998	0.649647
-0.6299999999999998	0.35463975
-0.6249999999999998	0.16789954999999998
-0.6199999999999998	0.26737495
-0.6149999999999998	0.18647022500000002
-0.6099999999999998	0.2012787
-0.6049999999999998	0.023720920000000003
-0.5999999999999998	0.015189964999999998
-0.5949999999999998	0.37144125
-0.5899999999999997	0.5178462500000001
-0.5849999999999997	0.323543
-0.5799999999999997	0.0213460575
-0.5749999999999997	0.0073947399999999995
-0.5699999999999997	0.01252636325
-0.5649999999999997	0.157366275
-0.5599999999999997	0.381062
-0.5549999999999997	0.06743740000000001
-0.5499999999999997	0.004209610249999999
-0.5449999999999997	-0.002915060000000001
-0.5399999999999997	0.0309480425
-0.5349999999999997	0.08295329999999998
-0.5299999999999997	0.06632912499999999
-0.5249999999999997	0.12970602499999997
-0.5199999999999997	-0.00329692325
-0.5149999999999997	0.0114553225
-0.5099999999999997	0.14357332500000003
-0.5049999999999997	0.21942104999999998
-0.49999999999999967	0.3109795
-0.49499999999999966	0.03545563250000001
-0.48999999999999966	0.183173425
-0.48499999999999965	0.035474320000000004
-0.47999999999999965	0.022938602500000002
-0.47499999999999964	0.0185706975
-0.46999999999999964	0.3475895
-0.46499999999999964	0.23571925
-0.45999999999999963	0.014556644250000002
-0.4549999999999996	0.008177074000000001
-0.4499999999999996	0.011948923500000002
-0.4449999999999996	0.008568222
-0.4399999999999996	0.01737858275
-0.4349999999999996	0.019623100000000004
-0.4299999999999996	0.005196807249999999
-0.4249999999999996	0.16801132500000002
-0.4199999999999996	0.00555072625
-0.4149999999999996	0.00650997825
-0.4099999999999996	-0.0035576767499999997
-0.4049999999999996	0.018989777500000003
-0.3999999999999996	0.0030547475000000006
-0.3949999999999996	-0.0046845475
-0.38999999999999957	0.00946228625
-0.38499999999999956	0.1595642
-0.37999999999999956	0.011948933
-0.37499999999999956	0.00629578525
-0.36999999999999955	0.02453118675
-0.36499999999999955	0.21336739999999998
-0.35999999999999954	0.009154948000000001
-0.35499999999999954	0.006761460000000001
-0.34999999999999953	0.0074226825000000005
-0.34499999999999953	0.008586835000000001
-0.3399999999999995	0.252333975
-0.3349999999999995	0.009536797500000001
-0.3299999999999995	0.0017136449999999998
-0.3249999999999995	-0.0052526805
-0.3199999999999995	0.0009220236499999998
-0.3149999999999995	0.009117702
-0.3099999999999995	0.0066310499999999994
-0.3049999999999995	0.005075725
-0.2999999999999995	0.0169781045
-0.2949999999999995	0.0026449692500000012
-0.2899999999999995	0.007292304250000001
-0.2849999999999995	-0.0010430882499999998
-0.27999999999999947	0.01316899225
-0.27499999999999947	0.0029802324999999995
-0.26999999999999946	-0.0005401707499999998
-0.26499999999999946	-0.00012108374999999975
-0.25999999999999945	-0.00122935725
-0.25499999999999945	0.006342350749999999
-0.24999999999999944	-0.0027753685
-0.24499999999999944	0.008074614249999999
-0.23999999999999944	0.004358607500000001
-0.23499999999999943	0.004842898000000001
-0.22999999999999943	0.015739467500000003
-0.22499999999999942	0.010486765249999998
-0.21999999999999942	0.004060592500000001
-0.2149999999999994	0.010002453
-0.2099999999999994	0.004256159999999999
-0.2049999999999994	0.007841777750000003
-0.1999999999999994	-0.0031292632500000005
-0.1949999999999994	0.016698722500000002
-0.1899999999999994	-0.00551345725
-0.1849999999999994	0.007394750000000001
-0.17999999999999938	0.0022165607500000003
-0.17499999999999938	0.006873201
-0.16999999999999937	0.010393607500000002
-0.16499999999999937	-0.00032596175000000003
-0.15999999999999936	0.007981475000000002
-0.15499999999999936	-0.006742828000000001
-0.14999999999999936	0.0023935129999999995
-0.14499999999999935	0.006230579000000002
-0.13999999999999935	0.01499438125
-0.13499999999999934	0.0137464005
-0.12999999999999934	0.011939615250000002
-0.12499999999999933	0.004693887250000001
-0.11999999999999933	0.006919767499999999
-0.11499999999999932	-0.0007357550000000005
-0.10999999999999932	-0.005131610000000001
-0.10499999999999932	0.006491355000000001
-0.09999999999999931	0.009452990000000001
-0.09499999999999931	0.0007357630000000004
-0.0899999999999993	0.0023003769999999984
-0.0849999999999993	-0.0005867450000000001
-0.0799999999999993	0.005718348250000001
-0.07499999999999929	0.014500773749999998
-0.06999999999999929	0.00562521
-0.06499999999999928	5.588424999999964e-05
-0.059999999999999276	-0.0065099805
-0.05499999999999927	-0.0042654599999999996
-0.04999999999999927	-0.0021979245000000006
-0.04499999999999926	0.007730025000000001
-0.03999999999999926	0.0030826744999999994
-0.034999999999999254	-0.00199305
-0.02999999999999925	-6.519355000000016e-05
-0.024999999999999245	0.0070873985
-0.01999999999999924	0.011008305000000001
-0.014999999999999236	0.00599776145
-0.009999999999999232	-0.0013318058000000004
-0.004999999999999227	0.00776727775
7.771561172376096e-16	0.0004935967500000003
0.005000000000000782	0.0074506174999999985
0.010000000000000786	0.0134018041
0.01500000000000079	-0.00896865325
0.020000000000000795	-0.004330678249999999
0.0250000000000008	0.006509967500000002
0.030000000000000804	0.003455231499999999
0.03500000000000081	0.0038277500000000013
0.04000000000000081	0.0034645405
0.04500000000000082	-3.7253499999999605e-05
0.05000000000000082	0.0051316165
0.055000000000000826	0.006221271750000002
0.06000000000000083	-0.0045169484999999995
0.06500000000000083	0.0014621836000000001
0.07000000000000084	0.00530857875
0.07500000000000084	0.0004191015
0.08000000000000085	0.00507572975
0.08500000000000085	-0.0016111872500000008
0.09000000000000086	0.010356364250000003
0.09500000000000086	0.010933785750000001
0.10000000000000087	-0.0119489315
0.10500000000000076	0.0023469462500000007
0.11000000000000087	0.0001583370000000006
0.11500000000000099	0.00367874435
0.12000000000000088	0.01001177
0.12500000000000078	0.00491740475
0.1300000000000009	0.008568222750000002
0.135000000000001	-0.0012293625000000012
0.1400000000000009	0.006584485000000001
0.1450000000000008	-0.013979236250000002
0.1500000000000009	0.00500122975
0.15500000000000103	0.014072348000000002
0.16000000000000092	0.0061374675
0.1650000000000008	0.0005308557499999999
0.17000000000000093	-0.0033062249999999994
0.17500000000000104	-0.0011827972499999998
0.18000000000000094	0.011064177500000001
0.18500000000000083	0.00097789725
0.19000000000000095	-0.0012293534499999998
0.19500000000000106	0.008894180999999998
0.20000000000000095	-0.0011269002500000002
0.20500000000000085	0.0040885296500000005
0.21000000000000096	0.004824278500000001
0.21500000000000108	0.00205823575
0.22000000000000097	0.003902268750000001
0.22500000000000087	0.002887125000000001
0.23000000000000098	0.3258710000000001
0.2350000000000011	0.069030025
0.240000000000001	0.048140335
0.24500000000000088	0.011939634999999997
0.250000000000001	0.0052154357500000005
0.2550000000000011	0.0016018827499999998
0.260000000000001	0.018319203500000002
0.2650000000000009	0.010933768500000001
0.270000000000001	0.23758180000000004
0.27500000000000113	0.179448175
0.280000000000001	0.014985064999999999
0.2850000000000009	-0.00517817395
0.29000000000000103	0.24870162500000004
0.29500000000000115	-0.002225877950000002
0.30000000000000104	0.045616425
0.30500000000000094	0.29182225
0.31000000000000105	0.099614875
0.31500000000000117	0.0171177784
0.32000000000000106	0.44103075
0.32500000000000095	0.0242145375
0.33000000000000107	0.015478667500000001
0.3350000000000012	0.36948525000000004
0.3400000000000011	0.01134355225
0.345000000000001	0.01789080525
0.3500000000000011	0.39948449999999996
0.3550000000000012	0.18231675000000003
0.3600000000000011	0.08671582500000002
0.365000000000001	0.257642475
0.3700000000000011	0.22304390000000002
0.3750000000000012	0.08776830000000001
0.3800000000000011	0.55652425
0.385000000000001	0.047581465
0.3900000000000011	0.13776192500000004
0.39500000000000124	0.07385425000000001
0.40000000000000113	0.22777492500000002
0.405000000000001	0.19621227500000005
0.41000000000000114	0.092220075
0.41500000000000126	0.29402882500000005
0.42000000000000115	0.6086785
0.42500000000000104	0.01098033875
0.43000000000000116	0.34294250000000004
0.4350000000000013	0.14435569999999998
0.44000000000000117	0.09765905
0.44500000000000106	0.32339350000000006
0.4500000000000012	0.6414510000000001
0.4550000000000013	0.42812275000000005
0.4600000000000012	0.3734245
0.4650000000000011	0.51460525
0.4700000000000012	0.39528375000000004
0.4750000000000013	0.5512244999999999
0.4800000000000012	0.29021074999999996
0.4850000000000011	0.64784925
0.4900000000000012	0.393654
0.49500000000000133	0.5843425
0.5000000000000012	0.314053
0.5050000000000011	0.35127775
0.5100000000000012	0.5387730000000001
0.5150000000000013	0.4869167500000001
0.5200000000000012	0.2874915
0.5250000000000011	0.309154
0.5300000000000012	0.28894375000000005
0.5350000000000014	0.5343117500000001
0.5400000000000013	0.52517575
0.5450000000000012	0.45659325
0.5500000000000013	0.51924275
0.5550000000000014	0.37704775000000007
0.5600000000000013	0.4543670000000001
0.5650000000000012	0.51041425
0.5700000000000013	0.5676627500000002
0.5750000000000014	0.48752249999999997
0.5800000000000013	0.6670532499999999
0.5850000000000012	0.5740515
0.5900000000000013	0.51212775
0.5950000000000014	0.59186775
0.6000000000000013	0.535886
0.6050000000000012	0.5617114999999999
0.6100000000000013	0.6339915
0.6150000000000014	0.5161882499999999
0.6200000000000013	0.631682
0.6250000000000012	0.5889715
0.6300000000000013	0.6681895
0.6350000000000015	0.528128
0.6400000000000013	0.54593475
0.6450000000000012	0.5936935000000001
0.6500000000000014	0.39844100000000005
0.6550000000000015	0.6475517500000001
0.6600000000000014	0.540077
0.6650000000000013	0.5964962500000002
0.6700000000000014	0.6197610000000001
0.6750000000000015	0.6394675
0.6800000000000014	0.6033045
0.6850000000000013	0.6409765000000002
0.6900000000000014	0.45951750000000013
0.6950000000000015	0.48506375000000007
0.7000000000000014	0.60467325
0.7050000000000013	0.5534037500000001
0.7100000000000014	0.66238725
0.7150000000000015	0.6441335000000001
0.7200000000000014	0.660115
0.7250000000000013	0.5812505000000001
0.7300000000000014	0.57109
0.7350000000000015	0.5912810000000001
0.7400000000000014	0.56001675
0.7450000000000013	0.47643925000000004
0.7500000000000014	0.4648165
0.7550000000000016	0.6704435
0.7600000000000015	0.6046925000000001
0.7650000000000013	0.57589525
0.7700000000000015	0.5779537500000002
0.7750000000000016	0.5483285000000001
0.7800000000000015	0.54681075
0.7850000000000014	0.6287387500000001
0.7900000000000015	0.6255815000000001
0.7950000000000016	0.57931325
0.8000000000000015	0.51063825
0.8050000000000014	0.58591625
0.8100000000000015	0.6192672499999999
0.8150000000000016	0.67029475
0.8200000000000015	0.6178330000000001
0.8250000000000014	0.66392425
0.8300000000000015	0.6548434999999999
0.8350000000000016	0.6300425
0.8400000000000015	0.59892725
0.8450000000000014	0.6330037500000001
0.8500000000000015	0.640855
0.8550000000000016	0.6589787499999998
0.8600000000000015	0.6431557499999999
0.8650000000000014	0.6159612500000001
0.8700000000000015	0.647384
0.8750000000000017	0.674327
0.8800000000000016	0.6708347499999999
0.8850000000000015	0.6183175
0.8900000000000016	0.6606274999999999
0.8950000000000017	0.6148992500000001
0.9	0.6655912500000001
0.895	0.63403825
0.89	0.5962542499999999
0.885	0.6509790000000001
0.88	0.64853875
0.875	0.67067625
0.87	0.6357422500000002
0.865	0.6511647500000001
0.86	0.59007025
0.855	0.66619675
0.85	0.6303500000000001
0.845	0.6362455
0.84	0.5723100000000002
0.835	0.6158957500000001
0.83	0.6259634999999999
0.825	0.62563775
0.82	0.6609625000000001
0.815	0.6427645
0.8099999999999999	0.6510627500000001
0.8049999999999999	0.5803195000000001
0.7999999999999999	0.58693175
0.7949999999999999	0.6319609999999999
0.7899999999999999	0.631784
0.7849999999999999	0.66661575
0.7799999999999999	0.62634575
0.7749999999999999	0.6487065000000001
0.7699999999999999	0.6306665
0.7649999999999999	0.5839142500000001
0.7599999999999999	0.6111740000000001
0.7549999999999999	0.5674485
0.7499999999999999	0.6505785000000001
0.7449999999999999	0.64991725
0.7399999999999999	0.6531860000000002
0.7349999999999999	0.58144625
0.7299999999999999	0.4768402500000001
0.7249999999999999	0.4678895
0.7199999999999999	0.4510705
0.7149999999999999	0.43082325
0.7099999999999999	0.5628665
0.7049999999999998	0.6362452500000001
0.6999999999999998	0.568194
0.6949999999999998	0.539276
0.6899999999999998	0.34922925
0.6849999999999998	0.38679874999999997
0.6799999999999998	0.45473075
0.6749999999999998	0.36688699999999996
0.6699999999999998	0.56422625
0.6649999999999998	0.593544
0.6599999999999998	0.3874515000000001
0.6549999999999998	0.44522125
0.6499999999999998	0.26015685
0.6449999999999998	0.32954049999999996
0.6399999999999998	0.40618050000000017
0.6349999999999998	0.3084275
0.6299999999999998	0.421715
0.6249999999999998	0.35698699999999994
0.6199999999999998	0.49316574999999996
0.6149999999999998	0.48853775000000005
0.6099999999999998	0.37177650000000007
0.6049999999999998	0.0253414275
0.5999999999999998	0.00638890725
0.5949999999999998	0.078706475
0.5899999999999997	0.29443925
0.5849999999999997	0.4856600000000001
0.5799999999999997	0.54852425
0.5749999999999997	0.34004599999999996
0.5699999999999997	0.24355165000000006
0.5649999999999997	0.027837364750000003
0.5599999999999997	0.0007916385000000004
0.5549999999999997	0.039246175
0.5499999999999997	0.3557105
0.5449999999999997	0.318933
0.5399999999999997	0.010700945000000002
0.5349999999999997	-0.0014063057500000003
0.5299999999999997	0.0107941245
0.5249999999999997	0.025974759999999996
0.5199999999999997	0.5744892500000001
0.5149999999999997	0.602336
0.5099999999999997	0.00558796975
0.5049999999999997	-0.0006798697499999999
0.49999999999999967	-0.0006426199999999999
0.49499999999999966	0.045597842500000006
0.48999999999999966	0.30268125000000007
0.48499999999999965	0.48424425
0.47999999999999965	0.08165875000000002
0.47499999999999964	-0.0003911564999999997
0.46999999999999964	0.00608156425
0.46499999999999964	-0.005941868999999999
0.45999999999999963	0.0022165525
0.4549999999999996	0.007394745750000002
0.4499999999999996	-0.00474045875
0.4449999999999996	0.00935985
0.4399999999999996	0.008456467750000002
0.4349999999999996	0.0059791192500000005
0.4299999999999996	0.40491374999999996
0.4249999999999996	0.142437225
0.4199999999999996	0.03272683
0.4149999999999996	0.066077675
0.4099999999999996	0.33602250000000006
0.4049999999999996	0.071255875
0.3999999999999996	0.006174712750000001
0.3949999999999996	0.00399539875
0.38999999999999957	0.004898785249999999
0.38499999999999956	0.003967466750000001
0.37999999999999956	0.01584186175
0.37499999999999956	0.373798
0.36999999999999955	0.01043085525
0.36499999999999955	0.00598844975
0.35999999999999954	0.010998967500000003
0.35499999999999954	-0.001564621
0.34999999999999953	0.337429
0.34499999999999953	0.0024121425
0.3399999999999995	0.00515957
0.3349999999999995	0.004442430650000001
0.3299999999999995	-0.0041537184999999996
0.3249999999999995	0.079665725
0.3199999999999995	-0.004656634150000002
0.3149999999999995	0.00202097425
0.3099999999999995	0.08959374725
0.3049999999999995	0.0087358615
0.2999999999999995	0.00535513875
0.2949999999999995	0.00692908525
0.2899999999999995	0.009192220499999999
0.2849999999999995	-0.0026356625000000006
0.27999999999999947	0.003417994
0.27499999999999947	0.005243380000000001
0.26999999999999946	0.0076182725
0.26499999999999946	0.0031665325000000007
0.25999999999999945	0.0026263415
0.25499999999999945	0.00328758325
0.24999999999999944	0.004479695749999999
0.24499999999999944	0.005811485000000001
0.23999999999999944	-0.0011734674999999998
0.23499999999999943	0.0028219244999999993
0.22999999999999943	0.0042747925
0.22499999999999942	0.0014808078500000003
0.21999999999999942	0.007404054
0.2149999999999994	0.0007450587500000003
0.2099999999999994	0.004125778500000001
0.2049999999999994	0.0060256892500000015
0.1999999999999994	-0.0016391305000000005
0.1949999999999994	-0.004870846750000002
0.1899999999999994	-0.00441449
0.1849999999999994	0.0003818450000000001
0.17999999999999938	-0.0037998140000000003
0.17499999999999938	0.010859292500000001
0.16999999999999937	0.00471254025
0.16499999999999937	-0.00655654725
0.15999999999999936	0.0016205099999999997
0.15499999999999936	0.003399334249999999
0.14999999999999936	0.0091083915
0.14499999999999935	-0.0028126065000000002
0.13999999999999935	0.0024959699999999997
0.13499999999999934	0.0010989645
0.12999999999999934	0.006714877749999999
0.12499999999999933	-0.0036135445
0.11999999999999933	-0.0036787407500000003
0.11499999999999932	-0.0014715000000000006
0.10999999999999932	0.011632296000000002
0.10499999999999932	-0.0033062124
0.09999999999999931	0.010775475000000001
0.09499999999999931	0.00865202825
0.0899999999999993	0.0019837339
0.0849999999999993	0.007981475
0.0799999999999993	-0.0004190929999999995
0.07499999999999929	0.0006053652500000003
0.06999999999999929	0.006947704
0.06499999999999928	-0.0039395305
0.059999999999999276	-0.0011548527500000003
0.05499999999999927	0.0143797
0.04999999999999927	0.00816774225
0.04499999999999926	0.018151575750000003
0.03999999999999926	-0.0014715157499999992
0.034999999999999254	0.004163039100000001
0.02999999999999925	0.012265584999999999
0.024999999999999245	0.00743199575
0.01999999999999924	-0.0008009302499999997
0.014999999999999236	0.010002455750000002
0.009999999999999232	-0.00783248125
0.004999999999999227	0.00331552525
-7.771561172376096e-16	-0.004135102
-0.005000000000000782	-0.01682908
-0.010000000000000786	-0.0031385775000000006
-0.01500000000000079	-0.0013969875000000007
-0.020000000000000795	0.00759033375
-0.0250000000000008	-0.005122295
-0.030000000000000804	0.0006146902500000006
-0.03500000000000081	-0.00015832750000000016
-0.04000000000000081	0.0078045267500000005
-0.04500000000000082	0.009909337499999999
-0.05000000000000082	0.01158572
-0.055000000000000826	-0.0060722875
-0.06000000000000083	-0.005047794000000001
-0.06500000000000083	-0.00659382
-0.07000000000000084	0.0077579545000000015
-0.07500000000000084	0.0014435850000000011
-0.08000000000000085	0.005979143499999999
-0.08500000000000085	-0.005792854500000001
-0.09000000000000086	0.006770746749999998
-0.09500000000000086	-0.007292315000000001
-0.10000000000000087	0.0071060225
-0.10500000000000076	0.0058953035
-0.11000000000000087	-0.0028312397499999998
-0.11500000000000099	-0.0004377342499999998
-0.12000000000000088	0.011473968499999997
-0.12500000000000078	-0.0023097002500000003
-0.1300000000000009	-0.006509972500000001
-0.135000000000001	0.005178182250000001
-0.1400000000000009	-0.0027101625
-0.1450000000000008	-0.0029802670000000004
-0.1500000000000009	-0.003259665
-0.15500000000000103	-0.0014528745000000002
-0.16000000000000092	-0.0073202405
-0.1650000000000008	-0.0007729957500000002
-0.17000000000000093	0.004433122500000001
-0.17500000000000104	-0.011520522500000002
-0.18000000000000094	0.00019557574999999974
-0.18500000000000083	-0.0020582377500000006
-0.19000000000000095	0.05546987500000001
-0.19500000000000106	0.0010058350000000003
-0.20000000000000095	0.0031665200000000025
-0.20500000000000085	0.010728904999999997
-0.21000000000000096	-0.0012945497500000008
-0.21500000000000108	0.021075942500000003
-0.22000000000000097	0.010440186500000002
-0.22500000000000087	-0.0018067667499999996
-0.23000000000000098	0.003660107600000001
-0.2350000000000011	0.0027381092499999997
-0.240000000000001	0.043474374999999996
-0.24500000000000088	-0.0041164752499999995
-0.250000000000001	-0.00545758275
-0.2550000000000011	0.232329275
-0.260000000000001	0.0011548649999999986
-0.2650000000000009	0.009862772500000002
-0.270000000000001	0.055786575000000005
-0.27500000000000113	0.0088010685
-0.280000000000001	0.002877810900000001
-0.2850000000000009	0.041034315
-0.29000000000000103	-0.0109151525
-0.29500000000000115	0.1644071
-0.30000000000000104	0.0022258745500000005
-0.30500000000000094	0.06622670000000001
-0.31000000000000105	0.00307340475
-0.31500000000000117	0.23408935
-0.32000000000000106	-0.0007636874999999994
-0.32500000000000095	0.005494823999999999
-0.33000000000000107	0.43743575000000007
-0.3350000000000012	0.0146404775
-0.3400000000000011	0.012153827500000002
-0.345000000000001	0.007823148000000002
-0.3500000000000011	0.022184219999999998
-0.3550000000000012	0.118921325
-0.3600000000000011	0.0528715
-0.365000000000001	0.0342914875
-0.3700000000000011	0.5313597500000001
-0.3750000000000012	0.155363975
-0.3800000000000011	0.191145675
-0.385000000000001	0.02861971
-0.3900000000000011	0.33786675000000005
-0.39500000000000124	0.028610375
-0.40000000000000113	0.2416702
-0.405000000000001	0.60766275
-0.41000000000000114	0.044368475000000004
-0.41500000000000126	0.29388975
-0.42000000000000115	0.42625050000000003
-0.42500000000000104	0.18243755
-0.43000000000000116	0.261731075
-0.4350000000000013	0.058701575000000006
-0.44000000000000117	0.1278434
-0.44500000000000106	0.5264235
-0.4500000000000012	0.1254778
-0.4550000000000013	0.202787425
-0.4600000000000012	0.26180555
-0.4650000000000011	0.07663895
-0.4700000000000012	0.42652975
-0.4750000000000013	0.249949675
-0.4800000000000012	0.6013022500000001
-0.4850000000000011	0.6259912499999999
-0.4900000000000012	0.30415250000000005
-0.49500000000000133	0.37304300000000007
-0.5000000000000012	0.237414025
-0.5050000000000011	0.43927975
-0.5100000000000012	0.29019225
-0.5150000000000013	0.5253530000000001
-0.5200000000000012	0.4641275
-0.5250000000000011	0.43361725
-0.5300000000000012	0.5197177500000002
-0.5350000000000014	0.39653150000000004
-0.5400000000000013	0.6312905000000001
-0.5450000000000012	0.5552945
-0.5500000000000013	0.26141415
-0.5550000000000014	0.35980875000000007
-0.5600000000000013	0.5686965
-0.5650000000000012	0.45147075000000003
-0.5700000000000013	0.6108107500000002
-0.5750000000000014	0.5625494999999999
-0.5800000000000013	0.48204575000000005
-0.5850000000000012	0.48267925000000006
-0.5900000000000013	0.5598955
-0.5950000000000014	0.47729625
-0.6000000000000013	0.63545375
-0.6050000000000012	0.5925104999999999
-0.6100000000000013	0.57081075
-0.6150000000000014	0.50381125
-0.6200000000000013	0.55850775
-0.6250000000000012	0.6479982499999999
-0.6300000000000013	0.5855535
-0.6350000000000015	0.63957925
-0.6400000000000013	0.45872575
-0.6450000000000012	0.6378750000000001
-0.6500000000000014	0.5835232499999999
-0.6550000000000015	0.6473
-0.6600000000000014	0.6640170000000001
-0.6650000000000013	0.6110994999999999
-0.6700000000000014	0.6406037499999999
-0.6750000000000015	0.6285992499999999
-0.6800000000000014	0.46226500000000004
-0.6850000000000013	0.50417425
-0.6900000000000014	0.5360072500000002
-0.6950000000000015	0.5275132499999999
-0.7000000000000014	0.5355695
-0.7050000000000013	0.65434075
-0.7100000000000014	0.6249115000000001
-0.7150000000000015	0.6291485
-0.7200000000000014	0.52973
-0.7250000000000013	0.6052695
-0.7300000000000014	0.46541250000000006
-0.7350000000000015	0.43525674999999997
-0.7400000000000014	0.66877625
-0.7450000000000013	0.6382475000000001
-0.7500000000000014	0.5369755
-0.7550000000000016	0.525781
-0.7600000000000015	0.5313317500000001
-0.7650000000000013	0.5708385
-0.7700000000000015	0.5224565
-0.7750000000000016	0.5538137500000001
-0.7800000000000015	0.57134125
-0.7850000000000014	0.5305492499999999
-0.7900000000000015	0.53196475
-0.7950000000000016	0.6336094999999999
-0.8000000000000015	0.66152125
-0.8050000000000014	0.667342
-0.8100000000000015	0.6258795
-0.8150000000000016	0.61360475
-0.8200000000000015	0.59616075
-0.8250000000000014	0.5737537500000001
-0.8300000000000015	0.60073375
-0.8350000000000016	0.6082405000000002
-0.8400000000000015	0.5673552500000001
-0.8450000000000014	0.5731855
-0.8500000000000015	0.6223125
-0.8550000000000016	0.6451674999999999
-0.8600000000000015	0.646052
-0.8650000000000014	0.66454825
-0.8700000000000015	0.6679567499999999
-0.8750000000000017	0.6834819999999999
-0.8800000000000016	0.62748125
-0.8850000000000015	0.5917089999999999
-0.8900000000000016	0.63089
-0.8950000000000017	0.6100377499999999
-0.9	0.65563525
-0.895	0.613279
-0.89	0.64382625
-0.885	0.6358822500000001
-0.88	0.67815475
-0.875	0.6513515
-0.87	0.6171532500000001
-0.865	0.616222
-0.86	0.6532697500000001
-0.855	0.6747925000000001
-0.85	0.6547879999999999
-0.845	0.57632375
-0.84	0.5898375
-0.835	0.6197982500000001
-0.83	0.6230205
-0.825	0.6663457500000001
-0.82	0.6553557499999999
-0.815	0.6680405
-0.8099999999999999	0.602476
-0.8049999999999999	0.5900795000000001
-0.7999999999999999	0.62868275
-0.7949999999999999	0.6336187500000001
-0.7899999999999999	0.66567525
-0.7849999999999999	0.6411910000000001
-0.7799999999999999	0.6486875000000001
-0.7749999999999999	0.6292697500000001
-0.7699999999999999	0.55752975
-0.7649999999999999	0.56854775
-0.7599999999999999	0.56363
-0.7549999999999999	0.6082865000000001
-0.7499999999999999	0.6421310000000001
-0.7449999999999999	0.6102335000000001
-0.7399999999999999	0.64807325
-0.7349999999999999	0.5727572500000001
-0.7299999999999999	0.5733717500000001
-0.7249999999999999	0.5503870000000001
-0.7199999999999999	0.42550574999999996
-0.7149999999999999	0.487643
-0.7099999999999999	0.56991675
-0.7049999999999998	0.564226
-0.6999999999999998	0.5867080000000001
-0.6949999999999998	0.41673275000000004
-0.6899999999999998	0.4696035000000001
-0.6849999999999998	0.40483025000000006
-0.6799999999999998	0.22660144999999993
-0.6749999999999998	0.45823274999999997
-0.6699999999999998	0.6355470000000001
-0.6649999999999998	0.561674
-0.6599999999999998	0.6435282499999999
-0.6549999999999998	0.343874
-0.6499999999999998	0.40663675000000005
-0.6449999999999998	0.16034654999999998
-0.6399999999999998	0.18885457499999997
-0.6349999999999998	0.4646117500000001
-0.6299999999999998	0.53600675
-0.6249999999999998	0.52122675
-0.6199999999999998	0.6449622500000001
-0.6149999999999998	0.4615665
-0.6099999999999998	0.5995975
-0.6049999999999998	0.3462207500000001
-0.5999999999999998	0.3941287500000001
-0.5949999999999998	0.39429650000000005
-0.5899999999999997	0.062967
-0.5849999999999997	0.25714882499999997
-0.5799999999999997	0.43100025000000003
-0.5749999999999997	0.5140742500000001
-0.5699999999999997	0.61858725
-0.5649999999999997	0.127945825
-0.5599999999999997	0.223677175
-0.5549999999999997	0.10143097499999999
-0.5499999999999997	0.056550199999999995
-0.5449999999999997	0.5813345
-0.5399999999999997	0.020666175000000005
-0.5349999999999997	0.18305240000000006
-0.5299999999999997	0.6079052500000001
-0.5249999999999997	0.065733125
-0.5199999999999997	0.006118826000000001
-0.5149999999999997	0.00471252175
-0.5099999999999997	0.07946092500000002
-0.5049999999999997	0.51941125
-0.49999999999999967	0.589214
-0.49499999999999966	0.29441075
-0.48999999999999966	-0.009238760000000002
-0.48499999999999965	0.0043492949999999996
-0.47999999999999965	0.006109524250000001
-0.47499999999999964	0.012554297999999998
-0.46999999999999964	0.0045821315
-0.46499999999999964	0.18308964999999996
-0.45999999999999963	0.004973300000000001
-0.4549999999999996	0.0006705512500000002
-0.4499999999999996	-0.00879172625
-0.4449999999999996	0.0050943633
-0.4399999999999996	0.009229445000000001
-0.4349999999999996	-0.00548550425
-0.4299999999999996	0.00250527375
-0.4249999999999996	0.24574027500000004
-0.4199999999999996	0.6006407499999998
-0.4149999999999996	0.008791733749999999
-0.4099999999999996	-0.004880147500000002
-0.4049999999999996	0.008093238750000002
-0.3999999999999996	0.00017692974999999965
-0.3949999999999996	0.15410669999999999
-0.38999999999999957	0.0037532347500000025
-0.38499999999999956	0.0160840205
-0.37999999999999956	0.0079814875
-0.37499999999999956	0.267784825
-0.36999999999999955	0.059278950000000004
-0.36499999999999955	0.0006239924999999998
-0.35999999999999954	0.0082701925
-0.35499999999999954	0.009657879999999999
-0.34999999999999953	0.0015180752499999997
-0.34499999999999953	0.4376315000000001
-0.3399999999999995	0.0022258687500000002
-0.3349999999999995	0.01457529725
-0.3299999999999995	0.0104774605
-0.3249999999999995	0.009806890249999999
-0.3199999999999995	0.014575269000000002
-0.3149999999999995	0.007525124999999999
-0.3099999999999995	0.0006239849999999999
-0.3049999999999995	-0.001871965
-0.2999999999999995	-0.0011269052499999995
-0.2949999999999995	0.0151620225
-0.2899999999999995	0.006388910000000001
-0.2849999999999995	0.0010710277499999994
-0.27999999999999947	0.005709035
-0.27499999999999947	-0.0006798732499999999
-0.26999999999999946	-0.010700955750000001
-0.26499999999999946	0.0001862575000000018
-0.25999999999999945	0.010794081500000002
-0.25499999999999945	0.013513565
-0.24999999999999944	0.011501900500000002
-0.24499999999999944	0.0026170441
-0.23999999999999944	-0.0035576657500000016
-0.23499999999999943	0.004265504749999999
-0.22999999999999943	0.006901115250000001
-0.22499999999999942	0.00623059
-0.21999999999999942	0.00733887925
-0.2149999999999994	0.008130496000000001
-0.2099999999999994	0.015022300000000002
-0.2049999999999994	0.0015832632499999993
-0.1999999999999994	-0.001024461
-0.1949999999999994	0.00732024075
-0.1899999999999994	0.0037625675000000007
-0.1849999999999994	0.005783555
-0.17999999999999938	0.00581148325
-0.17499999999999938	-0.005289935600000001
-0.16999999999999937	-0.0021420640000000004
-0.16499999999999937	-0.0010617197499999994
-0.15999999999999936	0.0016018867500000005
-0.15499999999999936	-0.0034738561500000003
-0.14999999999999936	0.00778591
-0.14499999999999935	-0.0009965162500000001
-0.13999999999999935	0.007804528749999999
-0.13499999999999934	0.01158574
-0.12999999999999934	-0.00036322024999999947
-0.12499999999999933	0.0108872175
-0.11999999999999933	0.013196922500000001
-0.11499999999999932	0.013038595000000002
-0.10999999999999932	0.00778587675
-0.10499999999999932	0.0041257935
-0.09999999999999931	0.01464046875
-0.09499999999999931	0.008475082500000002
-0.0899999999999993	0.0059977419999999995
-0.0849999999999993	-0.00044703875000000034
-0.0799999999999993	0.004759065000000001
-0.07499999999999929	0.011362204500000002
-0.06999999999999929	-0.0039208865
-0.06499999999999928	0.021727894999999994
-0.059999999999999276	0.008679986500000002
-0.05499999999999927	0.008670637750000001
-0.04999999999999927	0.0079349125
-0.04499999999999926	0.0013411000000000005
-0.03999999999999926	0.007050156000000003
-0.034999999999999254	0.0070315360000000006
-0.02999999999999925	0.0145939025
-0.024999999999999245	7.45087500000009e-05
-0.01999999999999924	-0.0006147114999999998
-0.014999999999999236	0.007385434
-0.009999999999999232	0.0064075325
-0.004999999999999227	0.00960198775
0.0	0.0052526898500000006
