Initial Temperature (K)	0.0191412
Excitation Current (A)	2e-07
Field (T)	Resistance (Ohms)
0.0	0.0009406382500000001
-0.0002	0.00600706075
-0.0004	0.00371599925
-0.0006000000000000001	0.0070408475
-0.0008	-0.0005308499999999989
-0.001	0.00946228925
-0.0012000000000000001	0.0032596392500000002
-0.0014	-0.0024307617500000005
-0.0016	-0.009061825
-0.0018000000000000002	0.007292295000000001
-0.002	0.003632174249999999
-0.0022	0.0123866475
-0.0024000000000000002	0.01014215525
-0.0026000000000000003	-0.0011641524999999996
-0.0028	0.010412265
-0.003	-0.009238758250000001
-0.0032	0.006705561499999999
-0.0034000000000000002	0.010477430000000001
-0.0036000000000000003	0.0112597575
-0.0038	0.006323720750000001
-0.004	0.007282982
-0.004200000000000001	0.0127033075
-0.0044	-0.0014714984999999996
-0.0046	-0.00018626419999999994
-0.0048000000000000004	0.005830097499999999
-0.005	-0.0012014195000000002
-0.005200000000000001	0.013178293500000002
-0.0054	0.02022845925
-0.0056	0.007320248249999999
-0.0058000000000000005	0.00188126825
-0.006	-0.0023096999999999996
-0.006200000000000001	0.01627029
-0.0064	0.002868477750000001
-0.0066	0.00017694525000000016
-0.0068000000000000005	0.0069477014999999994
-0.007	-0.006714887500000001
-0.007200000000000001	-0.00013969224999999907
-0.0074	0.013774340999999999
-0.0076	0.00795352925
-0.0078000000000000005	0.005187495499999999
-0.008	-0.009872077500000001
-0.0082	-0.0074878815
-0.008400000000000001	0.022091103750000004
-0.0086	0.015823250249999997
-0.0088	0.00040978925
-0.009000000000000001	0.014295885000000001
-0.0092	0.01084066425
-0.0094	-0.004842915750000001
-0.009600000000000001	0.004358619999999999
-0.0098	0.028172671749999996
-0.01	0.0061281372499999995
-0.0102	-0.004489007499999999
-0.010400000000000001	0.013737097500000003
-0.0106	0.008838305
-0.0108	0.00652861525
-0.011000000000000001	-0.007255042000000001
-0.0112	0.018365765
-0.0114	0.00827018675
-0.011600000000000001	0.003455226
-0.0118	0.006845258250000001
-0.012	0.007562398250000001
-0.0122	0.003688049500000001
-0.012400000000000001	0.017480998300000005
-0.0126	0.004740435
-0.0128	0.010803404
-0.013000000000000001	0.030305360000000007
-0.0132	0.006482055
-0.0134	0.0138581625
-0.013600000000000001	0.0214577825
-0.013800000000000002	0.0156556155
-0.014	0.022370485000000002
-0.0142	0.021271562000000004
-0.014400000000000001	0.048419750000000004
-0.0146	0.015292392500000003
-0.0148	0.004665953
-0.015000000000000001	0.055907600000000016
-0.0152	0.015869805000000004
-0.0154	0.0178256025
-0.015600000000000001	0.06590072500000001
-0.0158	0.034272857500000004
-0.016	0.0281540284
-0.0162	0.11332407500000001
-0.0164	0.035148320000000004
-0.0166	0.021057325000000002
-0.016800000000000002	0.034207675
-0.017	0.0509157225
-0.0172	0.020163225000000003
-0.017400000000000002	0.019492731750000006
-0.0176	0.09207102500000001
-0.0178	0.10168245
-0.018000000000000002	0.049388375
-0.0182	0.100276125
-0.0184	0.10828555000000004
-0.018600000000000002	0.01167883
-0.0188	0.0133924895
-0.019	0.087460925
-0.019200000000000002	0.04749775
-0.0194	0.01444490225
-0.0196	0.08573792499999999
-0.0198	0.07705800000000002
-0.02	0.06509045000000002
-0.020200000000000003	0.05845012500000001
-0.0204	0.071134775
-0.0206	0.0766855
-0.020800000000000003	0.07254107500000001
-0.021	0.068992775
-0.0212	0.12634392500000002
-0.021400000000000002	0.10872330000000002
-0.0216	0.10809930000000001
-0.0218	0.11582927500000002
-0.022000000000000002	0.081640175
-0.0222	0.04158379999999999
-0.0224	0.063190575
-0.022600000000000002	0.09535875
-0.0228	0.0355301525
-0.023	0.024996835000000005
-0.023200000000000002	0.027688387500000005
-0.0234	0.033658190000000004
-0.0236	0.06519292500000001
-0.0238	0.061886624999999994
-0.024	0.06954224999999999
-0.024200000000000003	0.060238275000000015
-0.0244	0.068946175
-0.0246	0.11084675000000001
-0.024800000000000003	0.11042765000000002
-0.025	0.12043940000000002
-0.0252	0.11140552499999998
-0.025400000000000002	0.11313770000000002
-0.0256	0.089137375
-0.0258	0.06773545
-0.026000000000000002	0.08408022500000001
-0.0262	0.0949395
-0.0264	0.086371375
-0.026600000000000002	0.09541457500000002
-0.0268	0.07321165
-0.027	0.068797175
-0.027200000000000002	0.074627225
-0.0274	0.07391009999999999
-0.027600000000000003	0.114050475
-0.027800000000000002	0.1137618
-0.028	0.09727717500000001
-0.028200000000000003	0.09597337499999999
-0.0284	0.09288137500000002
-0.0286	0.1108187
-0.028800000000000003	0.07748640000000001
-0.029	0.0854214
-0.0292	0.07149802499999999
-0.029400000000000003	0.07388217500000001
-0.0296	0.1017569
-0.0298	0.08782412499999999
-0.030000000000000002	0.081807775
-0.0302	0.09600122500000001
-0.0304	0.09577782500000001
-0.030600000000000002	0.10783847499999999
-0.0308	0.098199225
-0.031	0.09823649999999999
-0.031200000000000002	0.09874875
-0.031400000000000004	0.088410975
-0.0316	0.08581250000000001
-0.0318	0.087842775
-0.032	0.09868352499999998
-0.0322	0.08801985
-0.0324	0.091959275
-0.032600000000000004	0.100508925
-0.0328	0.11061380000000001
-0.033	0.10157065
-0.0332	0.11273727500000001
-0.0334	0.108779125
-0.033600000000000005	0.11182455000000001
-0.033800000000000004	0.1063204
-0.034	0.10714935
-0.0342	0.11358482500000001
-0.0344	0.10922625
-0.0346	0.09816190000000001
-0.034800000000000005	0.104830225
-0.035	0.11157312500000001
-0.0352	0.096448325
-0.0354	0.11794342499999999
-0.0356	0.114143625
-0.0358	0.103610325
-0.036000000000000004	0.10522142499999998
-0.0362	0.097798725
-0.0364	0.09668110000000002
-0.0366	0.11244852500000001
-0.0368	0.10215742500000001
-0.037000000000000005	0.11522392499999999
-0.037200000000000004	0.11836257500000003
-0.0374	0.10882575000000001
-0.0376	0.119508025
-0.0378	0.10190595000000002
-0.038	0.10428085000000001
-0.038200000000000005	0.11148932500000001
-0.038400000000000004	0.10742875
-0.0386	0.104550975
-0.0388	0.10227845000000002
-0.039	0.08314887500000001
-0.0392	0.100303925
-0.039400000000000004	0.115913125
-0.0396	0.10040650000000002
-0.0398	0.116239075
-0.04	0.11574555
-0.0402	0.10644144999999999
-0.040400000000000005	0.09633664999999998
-0.040600000000000004	0.10646950000000001
-0.0408	0.10539849999999999
-0.041	0.105836125
-0.0412	0.11262557500000002
-0.0414	0.10816447500000001
-0.041600000000000005	0.11554990000000002
-0.041800000000000004	0.10889090000000003
-0.042	0.10265105000000001
-0.0422	0.13254660000000004
-0.0424	0.106804725
-0.0426	0.10353580000000003
-0.042800000000000005	0.11587587500000002
-0.043000000000000003	0.1086767
-0.0432	0.114516075
-0.0434	0.11047417500000002
-0.0436	0.10401065
-0.0438	0.11600624999999999
-0.044000000000000004	0.11236475
-0.0442	0.11170360000000003
-0.0444	0.10984085
-0.0446	0.11953595000000003
-0.0448	0.12074662500000001
-0.045000000000000005	0.12208775
-0.045200000000000004	0.10537975
-0.0454	0.12142655000000001
-0.0456	0.11226227500000001
-0.0458	0.122879425
-0.046	0.10510960000000001
-0.046200000000000005	0.11574545000000003
-0.046400000000000004	0.1319132
-0.0466	0.11639740000000001
-0.0468	0.10883504999999999
-0.047	0.11853014999999999
-0.0472	0.115885175
-0.047400000000000005	0.122972575
-0.0476	0.11486070000000001
-0.0478	0.106907225
-0.048	0.105649875
-0.0482	0.11263490000000001
-0.048400000000000006	0.11224362500000001
-0.048600000000000004	0.11757089999999998
-0.0488	0.11358484999999999
-0.049	0.12346617500000001
-0.0492	0.138851575
-0.0494	0.134688625
-0.049600000000000005	0.11544750000000001
-0.049800000000000004	0.124332275
-0.05	0.11953595
-0.0502	0.12091437500000002
-0.0504	0.11514015000000002
-0.0506	0.11744980000000002
-0.050800000000000005	0.12767575000000003
-0.051000000000000004	0.13710072499999998
-0.0512	0.11297007500000002
-0.0514	0.10605972500000002
-0.0516	0.12088635
-0.051800000000000006	0.11802717500000004
-0.052000000000000005	0.11726355
-0.0522	0.10817375
-0.0524	0.10910512500000001
-0.0526	0.125626825
-0.0528	0.10970122499999999
-0.053000000000000005	0.11833455000000002
-0.053200000000000004	0.1291379
-0.0534	0.119880575
-0.0536	0.12533815
-0.0538	0.10807134999999998
-0.054	0.12131482500000003
-0.054200000000000005	0.12283287500000001
-0.054400000000000004	0.10952425
-0.0546	0.125375325
-0.0548	0.1251984
-0.055	0.12635325000000003
-0.055200000000000006	0.119703575
-0.055400000000000005	0.113696575
-0.055600000000000004	0.11614590000000004
-0.0558	0.11342652500000003
-0.056	0.11412495000000002
-0.0562	0.11613662500000001
-0.056400000000000006	0.123456825
-0.056600000000000004	0.11325887500000002
-0.0568	0.11964772499999998
-0.057	0.115950375
-0.0572	0.12002025
-0.0574	0.13615077500000003
-0.057600000000000005	0.13466995000000004
-0.057800000000000004	0.1198899
-0.058	0.12260002500000003
-0.0582	0.11536365000000001
-0.0584	0.11607145000000002
-0.058600000000000006	0.12424850000000001
-0.058800000000000005	0.11633220000000001
-0.059000000000000004	0.11604350000000001
-0.0592	0.13072115
-0.0594	0.12657675000000002
-0.0596	0.1196477
-0.059800000000000006	0.11977810000000001
-0.060000000000000005	0.12734045
-0.060200000000000004	0.11805515000000004
-0.0604	0.10577092500000002
-0.0606	0.113044625
-0.0608	0.13063737499999997
-0.061000000000000006	0.12287012500000001
-0.061200000000000004	0.11569895000000001
-0.0614	0.118288
-0.0616	0.11601557500000002
-0.0618	0.11735665
-0.062	0.125701325
-0.062200000000000005	0.12508667500000004
-0.062400000000000004	0.11918200000000001
-0.0626	0.12018787500000001
-0.06280000000000001	0.120113375
-0.063	0.12017862500000001
-0.0632	0.1325186
-0.0634	0.120327575
-0.0636	0.12225545000000002
-0.06380000000000001	0.11780370000000001
-0.064	0.11595035
-0.06420000000000001	0.11411559999999998
-0.0644	0.11122855
-0.0646	0.11480482500000003
-0.0648	0.11554062500000001
-0.065	0.105575375
-0.06520000000000001	0.11207609999999998
-0.0654	0.12140795
-0.0656	0.11120067500000001
-0.0658	0.10353577500000002
-0.066	0.119126175
-0.06620000000000001	0.114097025
-0.0664	0.10857422500000002
-0.0666	0.11058597500000002
-0.0668	0.10831345
-0.067	0.11523327499999998
-0.06720000000000001	0.09540515000000001
-0.0674	0.11084667500000002
-0.06760000000000001	0.10873265000000001
-0.0678	0.12002025
-0.068	0.11106092499999999
-0.0682	0.11214125000000001
-0.0684	0.119526675
-0.06860000000000001	0.11476760000000001
-0.0688	0.10380585
-0.069	0.1081552
-0.0692	0.11778505
-0.0694	0.10953345000000002
-0.06960000000000001	0.11038105
-0.0698	0.10122602500000001
-0.07	0.09987565
-0.0702	0.11380827499999999
-0.0704	0.09395232499999999
-0.07060000000000001	0.101822125
-0.0708	0.11148002500000001
-0.07100000000000001	0.097156225
-0.0712	0.10243682500000001
-0.0714	0.09745427499999999
-0.0716	0.11107020000000001
-0.0718	0.107792025
-0.07200000000000001	0.09915850000000001
-0.0722	0.09321655000000001
-0.0724	0.09551697499999999
-0.0726	0.1012913
-0.0728	0.09607577500000002
-0.07300000000000001	0.09609437500000002
-0.0732	0.09479984999999999
-0.0734	0.09189407500000002
-0.0736	0.09788257500000003
-0.0738	0.10085350000000001
-0.07400000000000001	0.095591475
-0.0742	0.09674632500000001
-0.07440000000000001	0.08893252499999998
-0.0746	0.09235050000000002
-0.0748	0.07922797499999999
-0.075	0.101654425
-0.0752	0.09650415000000001
-0.07540000000000001	0.09719350000000002
-0.0756	0.08897917500000002
-0.0758	0.09174497499999999
-0.076	0.09589885
-0.0762	0.08850405
-0.07640000000000001	0.10868605
-0.0766	0.081137275
-0.07680000000000001	0.09241569999999999
-0.077	0.09105589999999998
-0.0772	0.077346725
-0.07740000000000001	0.082562175
-0.0776	0.09019905
-0.07780000000000001	0.09641105000000001
-0.078	0.087135025
-0.0782	0.09599202500000001
-0.0784	0.08735847500000002
-0.0786	0.083810175
-0.07880000000000001	0.09127015
-0.079	0.09007807500000002
-0.0792	0.08435030000000002
-0.0794	0.09542387500000002
-0.0796	0.0943993
-0.07980000000000001	0.08303715
-0.08	0.0963087
-0.0798	0.08515127500000003
-0.07959999999999999	0.08932355000000003
-0.07939999999999998	0.083894
-0.07919999999999998	0.084285075
-0.07899999999999997	0.085169825
-0.07879999999999997	0.087610025
-0.07859999999999996	0.0897241
-0.07839999999999996	0.084294425
-0.07819999999999995	0.081295475
-0.07799999999999994	0.0806901
-0.07779999999999994	0.08331654999999999
-0.07759999999999993	0.08669725
-0.07739999999999993	0.082245475
-0.07719999999999992	0.081295525
-0.07699999999999992	0.080522575
-0.07679999999999991	0.0752047
-0.0765999999999999	0.08340965
-0.0763999999999999	0.09085102500000002
-0.07619999999999989	0.07974955
-0.07599999999999989	0.08298125000000002
-0.07579999999999988	0.08186364999999998
-0.07559999999999988	0.08571935
-0.07539999999999987	0.0796937
-0.07519999999999986	0.082571475
-0.07499999999999986	0.07989857500000001
-0.07479999999999985	0.08418267499999998
-0.07459999999999985	0.08267385000000001
-0.07439999999999984	0.0754841
-0.07419999999999984	0.08574727500000001
-0.07399999999999983	0.072755275
-0.07379999999999982	0.07519537500000001
-0.07359999999999982	0.08055050000000001
-0.07339999999999981	0.08350280000000002
-0.0731999999999998	0.084611025
-0.0729999999999998	0.07453409999999999
-0.0727999999999998	0.086995325
-0.07259999999999979	0.0748507
-0.07239999999999978	0.08267392500000001
-0.07219999999999978	0.08274840000000001
-0.07199999999999977	0.07422675000000001
-0.07179999999999977	0.070473525
-0.07159999999999976	0.08305565000000001
-0.07139999999999976	0.081714625
-0.07119999999999975	0.0722431
-0.07099999999999974	0.08295325
-0.07079999999999974	0.08598022500000001
-0.07059999999999973	0.080373525
-0.07039999999999973	0.068433925
-0.07019999999999972	0.08768447500000001
-0.06999999999999972	0.06847117500000001
-0.06979999999999971	0.07459004999999999
-0.0695999999999997	0.064131225
-0.0693999999999997	0.08095105
-0.06919999999999969	0.080280375
-0.06899999999999969	0.08618502500000001
-0.06879999999999968	0.0780545
-0.06859999999999968	0.07633162500000001
-0.06839999999999967	0.07607077500000001
-0.06819999999999966	0.089072125
-0.06799999999999966	0.09112107499999998
-0.06779999999999965	0.08325140000000002
-0.06759999999999965	0.07957267500000001
-0.06739999999999964	0.07616395
-0.06719999999999964	0.081845025
-0.06699999999999963	0.083912575
-0.06679999999999962	0.07319300000000001
-0.06659999999999962	0.079926475
-0.06639999999999961	0.061644575
-0.0661999999999996	0.08232000000000003
-0.0659999999999996	0.09149360000000001
-0.0657999999999996	0.07993585
-0.06559999999999959	0.085747325
-0.06539999999999958	0.0698868
-0.06519999999999958	0.067707475
-0.06499999999999957	0.08463902499999999
-0.06479999999999957	0.083204775
-0.06459999999999956	0.07093920000000002
-0.06439999999999955	0.07266215000000001
-0.06419999999999955	0.07561442500000001
-0.06399999999999954	0.070641175
-0.06379999999999954	0.07919072500000002
-0.06359999999999953	0.071665625
-0.06339999999999953	0.07608945000000002
-0.06319999999999952	0.07821285
-0.06299999999999951	0.0832234
-0.06279999999999951	0.077449175
-0.0625999999999995	0.072121975
-0.0623999999999995	0.07743989999999999
-0.06219999999999949	0.07886482500000001
-0.061999999999999486	0.078166325
-0.06179999999999948	0.07793347499999999
-0.061599999999999475	0.076396775
-0.06139999999999947	0.07631292499999999
-0.06119999999999946	0.07698355000000001
-0.06099999999999946	0.07080879999999999
-0.06079999999999945	0.07468315000000002
-0.060599999999999446	0.06905792499999999
-0.06039999999999944	0.076704125
-0.060199999999999435	0.063768025
-0.05999999999999943	0.076247775
-0.05979999999999942	0.066385
-0.05959999999999942	0.06586347499999999
-0.05939999999999941	0.0736866
-0.059199999999999406	0.06387040000000001
-0.0589999999999994	0.069886775
-0.058799999999999394	0.06558405
-0.05859999999999939	0.079563225
-0.05839999999999938	0.06934660000000001
-0.05819999999999938	0.05556305
-0.05799999999999937	0.08045739999999998
-0.057799999999999366	0.063125375
-0.05759999999999936	0.077430525
-0.057399999999999354	0.071237225
-0.05719999999999935	0.06939319999999999
-0.05699999999999934	0.07302535
-0.05679999999999934	0.0739846
-0.05659999999999933	0.0631161
-0.056399999999999326	0.0708182
-0.05619999999999932	0.062035774999999994
-0.055999999999999314	0.07558652500000002
-0.05579999999999931	0.06375865
-0.0555999999999993	0.08060629999999999
-0.0553999999999993	0.083726325
-0.05519999999999929	0.084741425
-0.054999999999999286	0.07058535
-0.05479999999999928	0.061225474999999994
-0.054599999999999274	0.07793342500000001
-0.05439999999999927	0.06333962500000001
-0.05419999999999926	0.055078724999999995
-0.05399999999999926	0.085942925
-0.05379999999999925	0.07472039999999998
-0.053599999999999245	0.0622499
-0.05339999999999924	0.074441025
-0.053199999999999234	0.07257832500000001
-0.05299999999999923	0.06437335
-0.05279999999999922	0.06540715000000001
-0.05259999999999922	0.061719029999999994
-0.05239999999999921	0.060051999999999994
-0.052199999999999205	0.06344199999999998
-0.0519999999999992	0.06672027500000001
-0.051799999999999194	0.07628497499999999
-0.05159999999999919	0.05795652500000001
-0.05139999999999918	0.07592175
-0.05119999999999918	0.06311605
-0.05099999999999917	0.05962359999999999
-0.050799999999999165	0.068769225
-0.05059999999999916	0.06482035000000001
-0.050399999999999154	0.070333825
-0.05019999999999915	0.05957707500000001
-0.04999999999999914	0.05797515
-0.04979999999999914	0.067893775
-0.04959999999999913	0.053067075000000005
-0.049399999999999125	0.06855502500000002
-0.04919999999999912	0.056270850000000004
-0.048999999999999114	0.07528850000000001
-0.04879999999999911	0.0606853
-0.0485999999999991	0.07528855
-0.048399999999999097	0.07038970000000001
-0.04819999999999909	0.052266075
-0.047999999999999085	0.062762125
-0.04779999999999908	0.068890275
-0.047599999999999074	0.0681545
-0.04739999999999907	0.060731850000000004
-0.04719999999999906	0.060368649999999996
-0.046999999999999056	0.053327825
-0.04679999999999905	0.057006575000000004
-0.046599999999999045	0.05721142500000001
-0.04639999999999904	0.052191600000000005
-0.046199999999999034	0.0536538
-0.04599999999999903	0.05491110000000001
-0.04579999999999902	0.066422275
-0.045599999999999016	0.07193572499999999
-0.04539999999999901	0.0559169
-0.045199999999999005	0.07728150000000002
-0.044999999999999	0.064531675
-0.04479999999999899	0.061309325
-0.04459999999999899	0.066385
-0.04439999999999898	0.0784085
-0.044199999999998976	0.056168375
-0.04399999999999897	0.049816725
-0.043799999999998965	0.03926477
-0.04359999999999896	0.0585433
-0.04339999999999895	0.06141172500000001
-0.04319999999999895	0.0689834
-0.04299999999999894	0.07507430000000001
-0.042799999999998936	0.048820224999999995
-0.04259999999999893	0.050179949999999994
-0.042399999999998925	0.04683645
-0.04219999999999892	0.05396115
-0.04199999999999891	0.05316015000000001
-0.04179999999999891	0.034254202500000004
-0.0415999999999989	0.04661297500000001
-0.041399999999998896	0.031413685
-0.04119999999999889	0.030650002500000002
-0.040999999999998885	0.06937462500000001
-0.04079999999999888	0.060620099999999996
-0.04059999999999887	0.06060155
-0.04039999999999887	0.06806145
-0.04019999999999886	0.059278975000000005
-0.039999999999998856	0.051306824999999986
-0.03979999999999885	0.051251
-0.039599999999998844	0.044470945000000005
-0.03939999999999884	0.056028675
-0.03919999999999883	0.032438089999999996
-0.03899999999999883	0.04068039750000001
-0.03879999999999882	0.04331605000000001
-0.038599999999998816	0.0299421975
-0.03839999999999881	0.04464785000000001
-0.038199999999998804	0.048913349999999994
-0.0379999999999988	0.054827249999999994
-0.03779999999999879	0.06336750000000001
-0.03759999999999879	0.032698950000000004
-0.03739999999999878	-0.00250524825
-0.037199999999998776	0.012815058250000002
-0.03699999999999877	0.01939955625
-0.036799999999998764	0.02182101425
-0.03659999999999876	0.022901332500000003
-0.03639999999999875	0.0450762125
-0.03619999999999875	0.0606945975
-0.03599999999999874	0.032261221750000006
-0.035799999999998736	0.04318562249999999
-0.03559999999999873	0.047683947500000004
-0.035399999999998724	0.032195995
-0.03519999999999872	0.026291390000000005
-0.03499999999999871	0.014323808
-0.03479999999999871	0.022426345000000004
-0.0345999999999987	0.009955892
-0.034399999999998696	-0.0033620925000000003
-0.03419999999999869	0.00045635449999999964
-0.033999999999998684	0.009434358000000002
-0.03379999999999868	0.023450837500000002
-0.03359999999999867	0.01607472
-0.03339999999999867	0.0374952475
-0.03319999999999866	0.02741832250000001
-0.032999999999998655	0.02466154
-0.03279999999999865	0.029532402500000002
-0.032599999999998644	0.0197534475
-0.03239999999999864	0.030715210000000003
-0.03219999999999863	0.023627782500000003
-0.03199999999999863	-0.0004749817500000009
-0.03179999999999862	0.0037346325
-0.031599999999998615	0.011697467500000003
-0.03139999999999861	-0.0013970024999999998
-0.031199999999998604	-0.0007916242500000001
-0.030999999999998598	0.0001303802500000002
-0.030799999999998592	0.0020396175
-0.030599999999998587	0.0108499925
-0.03039999999999858	0.018142271600000003
-0.030199999999998575	0.005764919
-0.02999999999999857	0.03683405000000001
-0.029799999999998564	0.034105242499999994
-0.029599999999998558	0.02464289775
-0.029399999999998552	0.03771876750000001
-0.029199999999998547	0.0354277075
-0.02899999999999854	0.02112250425
-0.028799999999998535	0.01243323025
-0.02859999999999853	0.0201073625
-0.028399999999998524	0.013690525
-0.028199999999998518	0.02597475175
-0.027999999999998512	0.041583770000000006
-0.027799999999998506	0.0642056625
-0.0275999999999985	0.0664502
-0.027399999999998495	0.016931572500000002
-0.02719999999999849	0.0037811982500000007
-0.026999999999998484	0.016493805
-0.026799999999998478	0.0142493225
-0.026599999999998472	0.00924808425
-0.026399999999998466	0.024754685000000002
-0.02619999999999846	0.009993150000000001
-0.025999999999998455	0.04445223749999999
-0.02579999999999845	0.03568847
-0.025599999999998443	0.042347482500000005
-0.025399999999998438	0.024652242499999998
-0.025199999999998432	0.007264354350000001
-0.024999999999998426	0.006295775
-0.02479999999999842	-0.0015646525
-0.024599999999998415	0.009005942500000001
-0.02439999999999841	0.023460140000000004
-0.024199999999998403	0.010207362249999997
-0.023999999999998398	0.0035483657500000004
-0.023799999999998392	0.0021048055999999997
-0.023599999999998386	0.005094359499999999
-0.02339999999999838	0.0416024
-0.023199999999998375	0.03845451500000001
-0.02299999999999837	0.00963925
-0.022799999999998363	0.011893055000000001
-0.022599999999998358	0.0029150392499999998
-0.022399999999998352	0.0049453475
-0.022199999999998346	0.0003632132999999995
-0.02199999999999834	-0.0018812715000000003
-0.021799999999998335	0.0017322649999999998
-0.02159999999999833	2.794749999999935e-05
-0.021399999999998323	-6.519500000000045e-05
-0.021199999999998317	0.007208469999999998
-0.02099999999999831	0.013941975000000002
-0.020799999999998306	-0.002505263000000001
-0.0205999999999983	0.0033155433499999997
-0.020399999999998294	0.0005774299999999994
-0.02019999999999829	0.005541408250000002
-0.019999999999998283	0.010952422499999996
-0.019799999999998277	0.006835948499999999
-0.01959999999999827	0.012209713
-0.019399999999998266	0.006612425
-0.01919999999999826	0.0031385727500000005
-0.018999999999998254	0.008074609
-0.01879999999999825	-0.0050757445000000016
-0.018599999999998243	0.010561266000000003
-0.018399999999998237	-0.006323709249999999
-0.01819999999999823	0.004768392500000001
-0.017999999999998226	0.007804526500000001
-0.01779999999999822	0.0026542874999999997
-0.017599999999998214	-0.01111075475
-0.01739999999999821	-0.006817309500000002
-0.017199999999998203	-0.004284112500000001
-0.016999999999998197	0.006528625
-0.01679999999999819	0.015413504249999998
-0.016599999999998186	0.006156073999999999
-0.01639999999999818	0.0007636790000000003
-0.016199999999998174	0.01882212
-0.01599999999999817	0.021113237000000007
-0.015799999999998163	-0.0035576734999999996
-0.015599999999998157	0.0013038465000000004
-0.015399999999998151	-0.00233763025
-0.015199999999998146	-0.003697362250000001
-0.01499999999999814	-0.0093505325
-0.014799999999998134	0.0008009548500000005
-0.014599999999998128	-0.0002793986500000001
-0.014399999999998123	0.012060705000000003
-0.014199999999998117	0.002132741
-0.013999999999998111	-0.00585804925
-0.013799999999998105	-0.0015553100000000005
-0.0135999999999981	0.008773107
-0.013399999999998094	0.006128127500000001
-0.013199999999998088	-0.001396995000000001
-0.012999999999998083	-0.00169501375
-0.012799999999998077	0.0007916449999999991
-0.012599999999998071	0.0053551499999999995
-0.012399999999998065	0.0018905925000000004
-0.01219999999999806	0.011595041750000002
-0.011999999999998054	0.00480564775
-0.011799999999998048	-0.0049267185
-0.011599999999998042	-0.0051129899999999995
-0.011399999999998037	0.0042002975
-0.011199999999998031	0.0160467645
-0.010999999999998025	-0.0012945457499999994
-0.01079999999999802	0.0012200542499999994
-0.010599999999998014	0.008214312000000001
-0.010399999999998008	0.004144415499999999
-0.010199999999998002	0.0026915324999999997
-0.009999999999997997	0.008083925
-0.009799999999997991	-0.0009034024999999998
-0.009599999999997985	0.011064167500000001
-0.00939999999999798	0.0025425192500000003
-0.009199999999997974	-0.007422680000000002
-0.008999999999997968	-1.8607749999999476e-05
-0.008799999999997962	0.004312047750000001
-0.008599999999997957	-0.005718353250000001
-0.00839999999999795	-0.006929072500000001
-0.008199999999997945	0.008568222500000002
-0.00799999999999794	0.003036133
-0.007799999999997934	-0.00445175525
-0.007599999999997928	-0.0033807157500000003
-0.007399999999997922	-0.0007916206000000008
-0.007199999999997916	0.004842910250000001
-0.006999999999997911	-0.0013317942499999984
-0.006799999999997905	0.00781384
-0.006599999999997899	0.0030361232500000007
-0.0063999999999978935	0.00041911274999999957
-0.006199999999997888	0.005606590249999999
-0.005999999999997882	-0.00547618325
-0.005799999999997876	0.0005681002500000005
-0.005599999999997871	-0.00318513725
-0.005399999999997865	0.0008195672499999998
-0.005199999999997859	0.0009685849999999997
-0.004999999999997853	0.0011176000000000005
-0.004799999999997848	0.003920887499999999
-0.004599999999997842	-0.012293512500000001
-0.004399999999997836	0.0082422392
-0.0041999999999978305	0.005913923499999999
-0.003999999999997825	-0.007795205
-0.003799999999997819	-0.0040792185000000005
-0.0035999999999978133	0.0048428902500000015
-0.0033999999999978076	-0.0035669972500000004
-0.003199999999997802	0.005643858300000001
-0.002999999999997796	0.010719572250000002
-0.0027999999999977904	-0.0037066803999999997
-0.0025999999999977846	0.003520435
-0.002399999999997779	-0.0027287910000000004
-0.002199999999997773	1.863275000000014e-05
-0.0019999999999977675	-0.012451842750000002
-0.0017999999999977617	0.0057742420000000015
-0.001599999999997756	0.0021234229999999997
-0.0013999999999977503	0.004516937500000001
-0.0011999999999977445	-0.004749765
-0.0009999999999977388	0.0012666040000000002
-0.0007999999999977331	0.0020675502500000003
-0.0005999999999977274	-0.010440165000000001
-0.0003999999999977216	-6.518249999999991e-05
-0.0001999999999977159	-0.0009965292500000002
2.2898349882893854e-15	-9.312600000000105e-05
0.00020000000000229556	0.0027101750000000004
0.0004000000000023013	-0.008279520749999998
0.000600000000002307	-0.002784665
0.0008000000000023127	0.006342332499999999
0.0010000000000023185	0.0048149635
0.0012000000000023242	0.002598405
0.00140000000000233	0.007692759249999999
0.0016000000000023357	-0.010272546500000002
0.0018000000000023414	0.0044796905
0.002000000000002347	-0.0004749819999999991
0.002200000000002353	0.013317967500000001
0.0024000000000023586	-0.00269154175
0.0026000000000023643	0.0083912641
0.00280000000000237	0.0031013059999999986
0.0030000000000023758	0.004312055750000001
0.0032000000000023815	0.0015739374999999998
0.0034000000000023872	0.004321349
0.003600000000002393	-0.00146217975
0.0038000000000023987	-0.008028055000000001
0.004000000000002404	-0.00437722725
0.00420000000000241	-0.0024121470000000008
0.004400000000002416	0.007478557499999999
0.004600000000002422	-0.0039022617500000007
0.004800000000002427	0.009862750300000002
0.005000000000002433	0.00097789885
0.005200000000002439	0.0050384775
0.0054000000000024445	-0.006947709999999999
0.00560000000000245	-0.0016577674999999998
0.005800000000002456	0.005019865500000001
0.006000000000002462	0.010235305000000002
0.006200000000002467	-0.0008102582500000002
0.006400000000002473	0.0029895474999999993
0.006600000000002479	0.011939609
0.006800000000002485	0.0015273760000000002
0.00700000000000249	0.0078604033
0.007200000000002496	0.0012666000000000003
0.007400000000002502	0.0010337773499999995
0.0076000000000025075	0.0009313274999999992
0.007800000000002513	-0.0016391377499999995
0.008000000000002519	0.0010524084999999994
0.008200000000002525	-0.0031478837500000007
0.00840000000000253	-0.0027008475
0.008600000000002536	0.00822361975
0.008800000000002542	0.01264742975
0.009000000000002548	-0.00785109
0.009200000000002553	0.0054762050000000005
0.009400000000002559	0.0039488299999999995
0.009600000000002565	0.004898785250000001
0.00980000000000257	0.010570567
0.010000000000002576	0.003697372499999999
0.010200000000002582	0.0059325725
0.010400000000002588	-0.0013783625000000006
0.010600000000002593	-0.0007450645000000007
0.0108000000000026	0.007003573250000001
0.011000000000002605	0.0052713175
0.01120000000000261	0.0027753499999999998
0.011400000000002616	0.006174695750000001
0.011600000000002622	0.0014714925000000006
0.011800000000002628	-0.0009406384999999993
0.012000000000002634	-0.012628804200000001
0.01220000000000264	0.0036135475
0.012400000000002645	0.005401704249999999
0.01260000000000265	0.007608956250000001
0.012800000000002656	-0.0017043369999999993
0.013000000000002662	0.01559044075
0.013200000000002668	-0.0013224792499999993
0.013400000000002674	-0.007124655000000001
0.01360000000000268	0.012731250000000003
0.013800000000002685	0.01280575
0.01400000000000269	0.0013969862499999999
0.014200000000002697	0.01015149
0.014400000000002702	0.0157953265
0.014600000000002708	0.0039022687500000004
0.014800000000002714	-0.0001769524999999996
0.01500000000000272	0.0322704475
0.015200000000002725	0.00693838775
0.015400000000002731	0.009536810000000001
0.015600000000002737	0.014593902499999999
0.015800000000002742	0.0075809985
0.016000000000002748	0.016577635
0.016200000000002754	0.023273902499999995
0.01640000000000276	0.034636070000000005
0.016600000000002765	-0.0008102624999999994
0.01680000000000277	-0.0016670824999999998
0.017000000000002777	0.008214292749999998
0.017200000000002783	0.020666155000000002
0.017400000000002788	9.310499999999933e-05
0.017600000000002794	0.00694771
0.0178000000000028	0.015506615
0.018000000000002805	0.023013094999999997
0.01820000000000281	0.03576298
0.018400000000002817	0.0254531775
0.018600000000002823	0.016996750100000003
0.01880000000000283	0.020898972499999998
0.019000000000002834	0.03676884500000001
0.01920000000000284	0.0371507
0.019400000000002846	0.021718570000000003
0.01960000000000285	0.01952995075
0.019800000000002857	0.019706915250000002
0.020000000000002863	0.023273845
0.02020000000000287	0.01619578
0.020400000000002874	-0.0033900324999999996
0.02060000000000288	0.008614788350000001
0.020800000000002886	0.0196417175
0.02100000000000289	0.022901310000000005
0.021200000000002897	0.0138860925
0.021400000000002903	0.0313019525
0.02160000000000291	0.0383241625
0.021800000000002914	0.035194827500000005
0.02200000000000292	0.037551140000000004
0.022200000000002926	0.0154227917
0.02240000000000293	0.01077545225
0.022600000000002937	0.014752237000000001
0.022800000000002943	0.025071374249999997
0.02300000000000295	0.027408974750000002
0.023200000000002954	0.0341145275
0.02340000000000296	0.03386308
0.023600000000002966	0.025127215000000005
0.02380000000000297	0.045756125
0.024000000000002977	0.0442567075
0.024200000000002983	0.04335334749999999
0.02440000000000299	0.044470905
0.024600000000002994	0.050794575
0.024800000000003	0.019595155000000003
0.025000000000003006	0.0361261775
0.02520000000000301	0.044573350000000005
0.025400000000003017	0.027250672499999996
0.025600000000003023	0.019092235
0.02580000000000303	0.03308073
0.026000000000003035	0.045392925
0.02620000000000304	0.02497823
0.026400000000003046	0.05354202500000001
0.026600000000003052	0.042459250000000004
0.026800000000003057	0.050952950000000004
0.027000000000003063	0.053616525000000005
0.02720000000000307	0.04464782500000001
0.027400000000003075	0.041947025
0.02760000000000308	0.040419624999999994
0.027800000000003086	0.048075150000000004
0.028000000000003092	0.043008727499999996
0.028200000000003098	0.05835700000000001
0.028400000000003103	0.0385010975
0.02860000000000311	0.04367923500000001
0.028800000000003115	0.0396559575
0.02900000000000312	0.059865775
0.029200000000003126	0.06238032500000001
0.029400000000003132	0.041248509999999995
0.029600000000003138	0.05031962500000001
0.029800000000003143	0.038352069999999995
0.03000000000000315	0.0322239725
0.030200000000003155	0.033481215
0.03040000000000316	0.03773739
0.030600000000003166	0.0378957625
0.030800000000003172	0.0365825575
0.031000000000003178	0.045336999999999995
0.031200000000003184	0.028386827500000003
0.03140000000000319	0.059390750000000006
0.031600000000003195	0.040894599999999996
0.0318000000000032	0.05648505
0.032000000000003206	0.0462311325
0.03220000000000321	0.060815650000000006
0.03240000000000322	0.04747905
0.032600000000003224	0.055600275
0.03280000000000323	0.0483918
0.033000000000003235	0.05614974999999999
0.03320000000000324	0.040885265
0.03340000000000325	0.05720220000000001
0.03360000000000325	0.04221712999999999
0.03380000000000326	0.055432605
0.034000000000003264	0.051157825
0.03420000000000327	0.04620313749999999
0.034400000000003275	0.0456071075
0.03460000000000328	0.04345575
0.03480000000000329	0.06512770000000001
0.03500000000000329	0.05220085
0.0352000000000033	0.053448899999999994
0.035400000000003304	0.0497608075
0.03560000000000331	0.052033270000000006
0.035800000000003315	0.048848145
0.03600000000000332	0.0402240525
0.03620000000000333	0.04252440000000001
0.03640000000000333	0.059632925
0.03660000000000334	0.05994025000000001
0.036800000000003344	0.05599142500000001
0.03700000000000335	0.0558052
0.037200000000003355	0.05670859999999999
0.03740000000000336	0.0421611875
0.03760000000000337	0.04544880000000001
0.03780000000000337	0.054929700000000005
0.03800000000000338	0.0526014
0.038200000000003384	0.041015699999999995
0.03840000000000339	0.0557307
0.038600000000003395	0.062529375
0.0388000000000034	0.05140000000000001
0.03900000000000341	0.04638015
0.03920000000000341	0.053448925
0.03940000000000342	0.06819175000000001
0.039600000000003424	0.059679474999999996
0.03980000000000343	0.05893437499999999
0.040000000000003436	0.060825000000000004
0.04020000000000344	0.06630124999999999
0.04040000000000345	0.045476725
0.04060000000000345	0.04728355000000001
0.04080000000000346	0.04859675
0.041000000000003464	0.049080975
0.04120000000000347	0.051968065
0.041400000000003476	0.0564663825
0.04160000000000348	0.038333455
0.04180000000000349	0.05586103249999999
0.04200000000000349	0.065630625
0.0422000000000035	0.0562988
0.042400000000003504	0.05743505
0.04260000000000351	0.04674337500000001
0.042800000000003516	0.07431985
0.04300000000000352	0.057164900000000005
0.04320000000000353	0.060983325000000005
0.04340000000000353	0.055879675000000004
0.04360000000000354	0.04685515
0.043800000000003544	0.0424965
0.04400000000000355	0.051511797500000005
0.044200000000003556	0.06132795
0.04440000000000356	0.05765846250000001
0.04460000000000357	0.050440700000000005
0.04480000000000357	0.05506012500000001
0.04500000000000358	0.050803925
0.045200000000003585	0.059502475
0.04540000000000359	0.053327799999999995
0.045600000000003596	0.04191908
0.0458000000000036	0.053504750000000004
0.04600000000000361	0.050459375
0.04620000000000361	0.055767924999999996
0.04640000000000362	0.05945595
0.046600000000003625	0.045746825
0.04680000000000363	0.05343026250000001
0.047000000000003636	0.052312674999999996
0.04720000000000364	0.058915775000000004
0.04740000000000365	0.05637327500000001
0.04760000000000365	0.058235975
0.04780000000000366	0.04719040000000001
0.048000000000003665	0.056298774999999995
0.04820000000000367	0.05870162499999999
0.048400000000003676	0.047097205
0.04860000000000368	0.05011475
0.04880000000000369	0.05022650000000001
0.04900000000000369	0.04717175
0.0492000000000037	0.056186999999999994
0.049400000000003705	0.055348775
0.04960000000000371	0.04555123750000001
0.049800000000003716	0.05265725000000001
0.05000000000000372	0.05355135
0.05020000000000373	0.05988435000000001
0.050400000000003733	0.05149312500000001
0.05060000000000374	0.062659725
0.050800000000003745	0.057500225
0.05100000000000375	0.06203577500000001
0.051200000000003756	0.0584408
0.05140000000000376	0.0541288
0.05160000000000377	0.05389595
0.051800000000003774	0.062585225
0.05200000000000378	0.051847000000000004
0.052200000000003785	0.04903443750000001
0.05240000000000379	0.0464919
0.052600000000003796	0.04170489250000001
0.0528000000000038	0.05475274999999999
0.05300000000000381	0.050422027499999994
0.053200000000003814	0.050505900000000006
0.05340000000000382	0.05617772500000001
0.053600000000003825	0.0643361
0.05380000000000383	0.04662225000000001
0.05400000000000384	0.0669252
0.05420000000000384	0.06092740000000001
0.05440000000000385	0.046585025
0.054600000000003854	0.04900645
0.05480000000000386	0.067754075
0.055000000000003865	0.06690652500000001
0.05520000000000387	0.0549204
0.05540000000000388	0.065677225
0.05560000000000388	0.05185632499999999
0.05580000000000389	0.056838925000000005
0.056000000000003894	0.05262005
0.0562000000000039	0.05303912499999999
0.056400000000003905	0.06288317500000001
0.05660000000000391	0.059772575000000015
0.05680000000000392	0.06480175
0.05700000000000392	0.058031000000000006
0.05720000000000393	0.061774949999999995
0.057400000000003934	0.05451062500000001
0.05760000000000394	0.05787269999999999
0.057800000000003945	0.05088775
0.05800000000000395	0.06045252499999999
0.05820000000000396	0.044703725
0.05840000000000396	0.0576492
0.05860000000000397	0.04827075
0.058800000000003974	0.057239375
0.05900000000000398	0.0549204
0.059200000000003986	0.0644851
0.05940000000000399	0.048661900000000015
0.059600000000004	0.045579150000000006
0.059800000000004	0.045802709999999996
0.06000000000000401	0.048075099999999996
0.060200000000004014	0.0570904
0.06040000000000402	0.06085295
0.060600000000004026	0.046780575
0.06080000000000403	0.0571556
0.06100000000000404	0.06347
0.06120000000000404	0.060117175
0.06140000000000405	0.05000298499999999
0.061600000000004054	0.05685765
0.06180000000000406	0.07270875000000002
0.062000000000004066	0.06312535
0.06220000000000407	0.06170045
0.06240000000000408	0.056922775
0.06260000000000408	0.05162350000000002
0.06280000000000409	0.06814525
0.0630000000000041	0.06467134999999999
0.0632000000000041	0.0617377
0.0634000000000041	0.06116024000000001
0.06360000000000411	0.055740025000000006
0.06380000000000412	0.05922315
0.06400000000000412	0.067446725
0.06420000000000413	0.046091375000000004
0.06440000000000413	0.065481675
0.06460000000000414	0.05400767500000001
0.06480000000000415	0.057285975
0.06500000000000415	0.052899375
0.06520000000000416	0.06463415
0.06540000000000416	0.057462935
0.06560000000000417	0.052582775
0.06580000000000417	0.06050835
0.06600000000000418	0.057472249999999996
0.06620000000000419	0.058859975
0.06640000000000419	0.06635705
0.0666000000000042	0.05815207500000001
0.0668000000000042	0.05678305
0.06700000000000421	0.0591113
0.06720000000000421	0.05939075
0.06740000000000422	0.057304574999999996
0.06760000000000423	0.054296367500000005
0.06780000000000423	0.05642920000000001
0.06800000000000424	0.047814375000000006
0.06820000000000424	0.054696875000000006
0.06840000000000425	0.063721425
0.06860000000000425	0.05635462500000001
0.06880000000000426	0.05112057500000001
0.06900000000000427	0.056550175000000015
0.06920000000000427	0.044340485000000006
0.06940000000000428	0.0677634
0.06960000000000428	0.06346065000000001
0.06980000000000429	0.0521542825
0.0700000000000043	0.05375625000000001
0.0702000000000043	0.05837565000000001
0.0704000000000043	0.05534885
0.07060000000000431	0.050850525
0.07080000000000432	0.0541102
0.07100000000000432	0.06724185
0.07120000000000433	0.052647925
0.07140000000000433	0.04762812500000001
0.07160000000000434	0.05326260000000001
0.07180000000000435	0.05664335
0.07200000000000435	0.061449025
0.07220000000000436	0.0559821
0.07240000000000436	0.0523499
0.07260000000000437	0.056000775
0.07280000000000438	0.06461552500000001
0.07300000000000438	0.048354575
0.07320000000000439	0.0519214975
0.07340000000000439	0.06513705
0.0736000000000044	0.056475774999999985
0.0738000000000044	0.06045245
0.07400000000000441	0.060117175
0.07420000000000442	0.059129999999999995
0.07440000000000442	0.06758644999999999
0.07460000000000443	0.054045
0.07480000000000443	0.05419393250000001
0.07500000000000444	0.05966085000000001
0.07520000000000444	0.0582732
0.07540000000000445	0.068704025
0.07560000000000446	0.056205599999999994
0.07580000000000446	0.06009860000000001
0.07600000000000447	0.059297625
0.07620000000000447	0.059381475
0.07640000000000448	0.068508475
0.07660000000000448	0.0741523
0.07680000000000449	0.062846
0.0770000000000045	0.05974465
0.0772000000000045	0.06648750000000002
0.0774000000000045	0.0599123
0.07760000000000451	0.05397045
0.07780000000000452	0.057416274999999996
0.07800000000000452	0.0477957675
0.07820000000000453	0.060750475
0.07840000000000454	0.061821525
0.07860000000000454	0.042021474999999996
0.07880000000000455	0.06052700000000002
0.07900000000000455	0.05467830000000001
0.07920000000000456	0.05872020000000001
0.07940000000000456	0.05648505
0.07960000000000457	0.05149315000000001
0.07980000000000458	0.058617749999999996
0.08	0.06255725
0.0798	0.06712075
0.07959999999999999	0.067400125
0.07939999999999998	0.04676195000000001
0.07919999999999998	0.05072942500000001
0.07899999999999997	0.06109512500000001
0.07879999999999997	0.055125249999999994
0.07859999999999996	0.04632425
0.07839999999999996	0.05238715000000001
0.07819999999999995	0.05764917500000001
0.07799999999999994	0.057975175000000004
0.07779999999999994	0.059157949999999994
0.07759999999999993	0.07023137500000001
0.07739999999999993	0.061635300000000004
0.07719999999999992	0.051288225
0.07699999999999992	0.05900890000000001
0.07679999999999991	0.055674825
0.0765999999999999	0.06341405
0.0763999999999999	0.04981669999999999
0.07619999999999989	0.05328122500000001
0.07599999999999989	0.055916925000000006
0.07579999999999988	0.0720754
0.07559999999999988	0.06716732500000001
0.07539999999999987	0.058952975
0.07519999999999986	0.06141168250000001
0.07499999999999986	0.0536165
0.07479999999999985	0.05897165
0.07459999999999985	0.05379350000000001
0.07439999999999984	0.068014825
0.07419999999999984	0.05745362500000001
0.07399999999999983	0.067446725
0.07379999999999982	0.0632651
0.07359999999999982	0.06094605
0.07339999999999981	0.0488016
0.0731999999999998	0.05707180000000001
0.0729999999999998	0.055209125
0.0727999999999998	0.057462900000000004
0.07259999999999979	0.06194260000000001
0.07239999999999978	0.04332536
0.07219999999999978	0.05628015
0.07199999999999977	0.06393565000000001
0.07179999999999977	0.057062402500000005
0.07159999999999976	0.0519402
0.07139999999999976	0.0604525
0.07119999999999975	0.053150899999999994
0.07099999999999974	0.06416849999999999
0.07079999999999974	0.046966799999999996
0.07059999999999973	0.055926275000000004
0.07039999999999973	0.06216612499999999
0.07019999999999972	0.0596422
0.06999999999999972	0.060219625
0.06979999999999971	0.06905792500000002
0.0695999999999997	0.05605665
0.0693999999999997	0.05872952499999999
0.06919999999999969	0.04697617500000001
0.06899999999999969	0.050608375
0.06879999999999968	0.059446650000000004
0.06859999999999968	0.05375624999999999
0.06839999999999967	0.061095050000000005
0.06819999999999966	0.061793549999999996
0.06799999999999966	0.065649275
0.06779999999999965	0.06413124999999999
0.06759999999999965	0.04958389999999999
0.06739999999999964	0.0601731
0.06719999999999964	0.05245240000000001
0.06699999999999963	0.045458100000000015
0.06679999999999962	0.056056600000000005
0.06659999999999962	0.048820155000000004
0.06639999999999961	0.059539775
0.0661999999999996	0.0664409
0.0659999999999996	0.061737675000000006
0.0657999999999996	0.05944667500000001
0.06559999999999959	0.06064805000000001
0.06539999999999958	0.05899960000000001
0.06519999999999958	0.05935342499999999
0.06499999999999957	0.05610315
0.06479999999999957	0.057369775
