Initial Temperature (K)	0.0190843
Excitation Current (A)	2e-07
Field (T)	Resistance (Ohms)
0.0	-0.00458213865
-0.0002	-0.005094372500000002
-0.0004	-0.02236116
-0.0006000000000000001	-0.021969999999999993
-0.0008	-0.0151992595
-0.001	-0.022547425
-0.0012000000000000001	-0.011883757500000001
-0.0014	-0.017071215
-0.0016	-0.026095779
-0.0018000000000000002	-0.0192971175
-0.002	-0.008428522000000003
-0.0022	-0.019110845000000005
-0.0024000000000000002	-0.021867570000000006
-0.0026000000000000003	-0.015609050000000005
-0.0028	-0.015292397499999999
-0.003	-0.013448386999999997
-0.0032	-0.025900207500000005
-0.0034000000000000002	-0.0114739575
-0.0036000000000000003	-0.007199167500000001
-0.0038	-0.00626784075
-0.004	-0.011036214999999999
-0.004200000000000001	-0.0195206075
-0.0044	-0.013522860250000001
-0.0046	-0.016857050250000002
-0.0048000000000000004	-0.012656724500000001
-0.005	-0.0024866367500000004
-0.005200000000000001	-0.007404057749999999
-0.0054	-0.00686387825
-0.0056	0.0023376350000000007
-0.0058000000000000005	0.004451743499999999
-0.006	-0.012312140000000001
-0.006200000000000001	-0.0158046235
-0.0064	-0.0164193125
-0.0066	0.006742809
-0.0068000000000000005	0.00900593575
-0.007	0.019734849999999998
-0.007200000000000001	0.02342288
-0.0074	-0.0259747325
-0.0076	0.0188221375
-0.0078000000000000005	0.012684687000000002
-0.008	-0.009918632500000003
-0.0082	0.0028684881500000005
-0.008400000000000001	0.006575170000000002
-0.0086	-0.0039581555
-0.0088	-0.01797463
-0.009000000000000001	-0.00107101925
-0.0092	-0.008661331600000002
-0.0094	-0.006686925
-0.009600000000000001	-0.00089407025
-0.0098	0.04668747499999999
-0.01	0.004349296600000002
-0.0102	0.04550467500000001
-0.010400000000000001	0.020992120000000006
-0.0106	0.0032410225000000003
-0.0108	0.033350874999999995
-0.011000000000000001	0.0278001375
-0.0112	0.05763987500000001
-0.0114	0.04793545
-0.011600000000000001	0.029774525000000007
-0.0118	0.04057795
-0.012	0.053467507750000004
-0.0122	0.026626652500000004
-0.012400000000000001	0.0312739625
-0.0126	0.004023334050000001
-0.0128	0.0411647075
-0.013000000000000001	0.09489307500000001
-0.0132	0.06414052500000002
-0.0134	0.053448899999999994
-0.013600000000000001	0.0033248349999999995
-0.013800000000000002	0.148425755
-0.014	0.0066776175
-0.0142	0.017788342500000002
-0.014400000000000001	0.015162015000000003
-0.0146	-0.00031664675000000033
-0.0148	0.18225154999999998
-0.015000000000000001	0.19673385000000004
-0.0152	0.21174710000000005
-0.0154	0.26452475000000003
-0.015600000000000001	0.420234
-0.0158	0.05351407500000001
-0.016	0.03758835
-0.0162	0.253823925
-0.0164	0.259291125
-0.0166	0.0519681025
-0.016800000000000002	0.228398925
-0.017	0.050049575
-0.0172	0.07454345
-0.017400000000000002	0.08588697499999999
-0.0176	0.09254610000000002
-0.0178	0.044843425000000006
-0.018000000000000002	0.0649415
-0.0182	0.0354649925
-0.0184	0.060312775
-0.018600000000000002	0.07975882500000002
-0.0188	0.11370587500000001
-0.019	0.11538230000000001
-0.019200000000000002	0.28828325
-0.0194	0.26002669999999994
-0.0196	0.05559089999999999
-0.0198	0.17917845
-0.02	0.3918565000000001
-0.020200000000000003	0.0446199325
-0.0204	0.0624642
-0.0206	0.362398
-0.020800000000000003	0.0843038
-0.021	0.09570319999999999
-0.0212	0.23742352500000002
-0.021400000000000002	0.31912825000000006
-0.0216	0.22150730000000002
-0.0218	0.18487782500000002
-0.022000000000000002	0.17250040000000003
-0.0222	0.17511749999999998
-0.0224	0.18768122499999998
-0.022600000000000002	0.162544525
-0.0228	0.27746125
-0.023	0.282806875
-0.023200000000000002	0.5067170000000001
-0.0234	0.234797175
-0.0236	0.26955425
-0.0238	0.280739
-0.024	0.28845100000000007
-0.024200000000000003	0.339003
-0.0244	0.30472075
-0.0246	0.37132050000000005
-0.024800000000000003	0.45073525000000003
-0.025	0.4632705
-0.0252	0.29759625
-0.025400000000000002	0.300576
-0.0256	0.34596925
-0.0258	0.351706
-0.026000000000000002	0.5152195
-0.0262	0.6053717500000001
-0.0264	0.48843525000000015
-0.026600000000000002	0.5873507499999999
-0.0268	0.5925475000000001
-0.027	0.42488125000000004
-0.027200000000000002	0.41930300000000004
-0.0274	0.45338000000000006
-0.027600000000000003	0.4633172499999999
-0.027800000000000002	0.55397225
-0.028	0.5171292500000001
-0.028200000000000003	0.62681075
-0.0284	0.55878775
-0.0286	0.5566915
-0.028800000000000003	0.4244250000000001
-0.029	0.5356532500000001
-0.0292	0.5441375
-0.029400000000000003	0.57855925
-0.0296	0.53475025
-0.0298	0.6236817499999999
-0.030000000000000002	0.51699875
-0.0302	0.4369517500000001
-0.0304	0.5171665
-0.030600000000000002	0.4673685
-0.0308	0.4691195
-0.031	0.43853500000000006
-0.031200000000000002	0.589456
-0.031400000000000004	0.5922405000000002
-0.0316	0.56700125
-0.0318	0.54471525
-0.032	0.5944195000000001
-0.0322	0.5932647499999999
-0.0324	0.5744984999999999
-0.032600000000000004	0.50056975
-0.0328	0.525464
-0.033	0.5269267500000001
-0.0332	0.487299
-0.0334	0.539024
-0.033600000000000005	0.5895955
-0.033800000000000004	0.5605939999999999
-0.034	0.5533387500000001
-0.0342	0.5461585
-0.0344	0.5552670000000001
-0.0346	0.5531060000000001
-0.034800000000000005	0.55502425
-0.035	0.53937875
-0.0352	0.4837505
-0.0354	0.5774415000000002
-0.0356	0.591663
-0.0358	0.58488275
-0.036000000000000004	0.58871975
-0.0362	0.5532272500000001
-0.0364	0.6314770000000001
-0.0366	0.6120680000000001
-0.0368	0.6013485000000001
-0.037000000000000005	0.6127755
-0.037200000000000004	0.5807290000000002
-0.0374	0.573223
-0.0376	0.5706055000000001
-0.0378	0.62014275
-0.038	0.6225362500000001
-0.038200000000000005	0.6288785
-0.038400000000000004	0.5714902500000001
-0.0386	0.57558825
-0.0388	0.578866
-0.039	0.62599125
-0.0392	0.6304525000000001
-0.039400000000000004	0.6379772500000002
-0.0396	0.6143310000000001
-0.0398	0.62492025
-0.04	0.62994925
-0.0402	0.59920675
-0.040400000000000005	0.5528730000000001
-0.040600000000000004	0.607635
-0.0408	0.6121515000000001
-0.041	0.5453387499999999
-0.0412	0.539965
-0.0414	0.54782525
-0.041600000000000005	0.59317175
-0.041800000000000004	0.58070125
-0.042	0.6220335000000001
-0.0422	0.62832875
-0.0424	0.6189877500000001
-0.0426	0.6243432499999999
-0.042800000000000005	0.6129805
-0.043000000000000003	0.5845015000000001
-0.0432	0.5909179999999999
-0.0434	0.5808222500000001
-0.0436	0.6219035
-0.0438	0.6006130000000001
-0.044000000000000004	0.6251345
-0.0442	0.6243612500000001
-0.0444	0.625684
-0.0446	0.6322777500000001
-0.0448	0.6253860000000001
-0.045000000000000005	0.63375875
-0.045200000000000004	0.6589692500000001
-0.0454	0.6375772500000001
-0.0456	0.63144875
-0.0458	0.6607394999999999
-0.046	0.649247
-0.046200000000000005	0.64836175
-0.046400000000000004	0.644105
-0.0466	0.63509975
-0.0468	0.6583172500000002
-0.047	0.6470484999999999
-0.0472	0.6401195
-0.047400000000000005	0.62838475
-0.0476	0.62406325
-0.0478	0.64014725
-0.048	0.6364314999999999
-0.0482	0.662676
-0.048400000000000006	0.6578614999999999
-0.048600000000000004	0.67897425
-0.0488	0.666979
-0.049	0.6620800000000001
-0.0492	0.6653862500000001
-0.0494	0.6856705
-0.049600000000000005	0.67973775
-0.049800000000000004	0.67089025
-0.05	0.6692885000000003
-0.0502	0.6792162500000001
-0.0504	0.6656565000000001
-0.0506	0.6667740000000001
-0.050800000000000005	0.66790075
-0.051000000000000004	0.66765875
-0.0512	0.6687112500000001
-0.0514	0.679328
-0.0516	0.6883345
-0.051800000000000006	0.700814
-0.052000000000000005	0.6805109999999999
-0.0522	0.7024994999999999
-0.0524	0.7071097499999999
-0.0526	0.6932140000000001
-0.0528	0.6961010000000002
-0.053000000000000005	0.7159852500000001
-0.053200000000000004	0.727375
-0.0534	0.72253225
-0.0536	0.73259
-0.0538	0.72680675
-0.054	0.7514685
-0.054200000000000005	0.765719
-0.054400000000000004	0.7870200000000002
-0.0546	0.785427
-0.0548	0.7748747500000001
-0.055	0.7995275
-0.055200000000000006	0.8055902500000001
-0.055400000000000005	0.8376465000000001
-0.055600000000000004	0.84507875
-0.0558	0.8690509999999999
-0.056	0.8696094999999999
-0.0562	0.8849392500000002
-0.056400000000000006	0.9181692500000002
-0.056600000000000004	0.9367302500000001
-0.0568	0.9616055
-0.057	1.0015037500000001
-0.0572	1.03188325
-0.0574	1.0505282500000002
-0.057600000000000005	1.05848175
-0.057800000000000004	1.0535085000000002
-0.058	1.05384375
-0.0582	1.059115
-0.0584	1.0549337500000002
-0.058600000000000006	1.0595340000000002
-0.058800000000000005	1.0499414999999999
-0.059000000000000004	1.06745975
-0.0592	1.04707325
-0.0594	1.0525777500000002
-0.0596	1.053434
-0.059800000000000006	1.04042375
-0.060000000000000005	1.0637625000000002
-0.060200000000000004	1.0609220000000001
-0.0604	1.0643120000000001
-0.0606	1.0575407500000003
-0.0608	1.0561260000000001
-0.061000000000000006	1.0665847499999999
-0.061200000000000004	1.0488425000000001
-0.0614	1.05981375
-0.0616	1.06229075
-0.0618	1.0661745
-0.062	1.0747984999999998
-0.062200000000000005	1.0724705
-0.062400000000000004	1.06476825
-0.0626	1.08503375
-0.06280000000000001	1.05591125
-0.063	1.0807682500000002
-0.0632	1.06340875
-0.0634	1.0488520000000001
-0.0636	1.0626264999999997
-0.06380000000000001	1.0625055
-0.064	1.0798555
-0.06420000000000001	1.0720790000000002
-0.0644	1.08250075
-0.0646	1.057653
-0.0648	1.0770805000000003
-0.065	1.0792782499999998
-0.06520000000000001	1.0799305
-0.0654	1.0667335
-0.0656	1.0697510000000003
-0.0658	1.0597572499999999
-0.066	1.06432125
-0.06620000000000001	1.0747985000000002
-0.0664	1.0674595000000002
-0.0666	1.0640232500000002
-0.0668	1.0803122500000002
-0.067	1.07049575
-0.06720000000000001	1.0664075
-0.0674	1.07134325
-0.06760000000000001	1.0650385000000002
-0.0678	1.07529225
-0.068	1.07806725
-0.0682	1.0825287500000003
-0.0684	1.0731595
-0.06860000000000001	1.0789245
-0.0688	1.07143625
-0.069	1.0802745
-0.0692	1.0660254999999998
-0.0694	1.0870362500000001
-0.06960000000000001	1.06963
-0.0698	1.06787
-0.07	1.07098025
-0.0702	1.0795020000000002
-0.0704	1.0906030000000002
-0.07060000000000001	1.0757112500000001
-0.0708	1.0851827500000002
-0.07100000000000001	1.0752175
-0.0712	1.07681975
-0.0714	1.0696485
-0.0716	1.0682327500000002
-0.0718	1.06824225
-0.07200000000000001	1.08137325
-0.0722	1.0868967500000002
-0.0724	1.07819825
-0.0726	1.07627025
-0.0728	1.0786545
-0.07300000000000001	1.07407225
-0.0732	1.0769404999999999
-0.0734	1.07582325
-0.0736	1.07456625
-0.0738	1.0849962499999999
-0.07400000000000001	1.0751430000000002
-0.0742	1.0929685
-0.07440000000000001	1.0694715000000001
-0.0746	1.0897002500000001
-0.0748	1.0774902499999999
-0.075	1.07624225
-0.0752	1.0735785000000002
-0.07540000000000001	1.07830025
-0.0756	1.075888
-0.0758	1.077136
-0.076	1.07057025
-0.0762	1.0796507499999999
-0.07640000000000001	1.0816625
-0.0766	1.08331075
-0.07680000000000001	1.07994875
-0.077	1.08005125
-0.0772	1.07805825
-0.07740000000000001	1.0780305000000001
-0.0776	1.0768665000000002
-0.07780000000000001	1.07849625
-0.078	1.0802375
-0.0782	1.091963
-0.0784	1.080582
-0.0786	1.0903887500000002
-0.07880000000000001	1.0780582499999998
-0.079	1.0946077500000002
-0.0792	1.07996725
-0.0794	1.08012575
-0.0796	1.0785332500000002
-0.07980000000000001	1.0749755
-0.08	1.0675620000000001
-0.0798	1.08907525
-0.07959999999999999	1.0934995
-0.07939999999999998	1.07948325
-0.07919999999999998	1.0874182500000003
-0.07899999999999997	1.07801125
-0.07879999999999997	1.07983725
-0.07859999999999996	1.0739975
-0.07839999999999996	1.084363
-0.07819999999999995	1.082277
-0.07799999999999994	1.07771375
-0.07779999999999994	1.0791475000000004
-0.07759999999999993	1.0733827500000002
-0.07739999999999993	1.0703002499999998
-0.07719999999999992	1.07061675
-0.07699999999999992	1.0779092499999998
-0.07679999999999991	1.07115725
-0.0765999999999999	1.07144575
-0.0763999999999999	1.07148275
-0.07619999999999989	1.07725775
-0.07599999999999989	1.07811425
-0.07579999999999988	1.07605625
-0.07559999999999988	1.0774252500000001
-0.07539999999999987	1.0807125
-0.07519999999999986	1.0693505
-0.07499999999999986	1.0667985000000002
-0.07479999999999985	1.071688
-0.07459999999999985	1.0567122500000001
-0.07439999999999984	1.0643680000000002
-0.07419999999999984	1.0692849999999998
-0.07399999999999983	1.072098
-0.07379999999999982	1.06605375
-0.07359999999999982	1.0690617500000004
-0.07339999999999981	1.0696672500000002
-0.0731999999999998	1.06002775
-0.0729999999999998	1.0597765
-0.0727999999999998	1.060056
-0.07259999999999979	1.0666865000000003
-0.07239999999999978	1.0673575000000002
-0.07219999999999978	1.0688472500000001
-0.07199999999999977	1.0663977500000001
-0.07179999999999977	1.0697695000000003
-0.07159999999999976	1.0605495
-0.07139999999999976	1.0448570000000001
-0.07119999999999975	1.0485355
-0.07099999999999974	1.05091975
-0.07079999999999974	1.0618720000000001
-0.07059999999999973	1.0761764999999999
-0.07039999999999973	1.05783925
-0.07019999999999972	1.0538065
-0.06999999999999972	1.07153
-0.06979999999999971	1.0525587500000002
-0.0695999999999997	1.0450705
-0.0693999999999997	1.0505562499999999
-0.06919999999999969	1.0649825000000002
-0.06899999999999969	1.06310075
-0.06879999999999968	1.06188125
-0.06859999999999968	1.0432547499999998
-0.06839999999999967	1.05036075
-0.06819999999999966	1.05414175
-0.06799999999999966	1.0559115000000001
-0.06779999999999965	1.0680185000000002
-0.06759999999999965	1.0522885000000002
-0.06739999999999964	1.0519344999999998
-0.06719999999999964	1.0808057500000003
-0.06699999999999963	1.07594425
-0.06679999999999962	1.02077225
-0.06659999999999962	1.03079375
-0.06639999999999961	1.0287725
-0.0661999999999996	1.0321440000000002
-0.0659999999999996	1.05052875
-0.0657999999999996	1.0539462499999999
-0.06559999999999959	1.06024175
-0.06539999999999958	1.05429075
-0.06519999999999958	1.05541775
-0.06499999999999957	1.05784825
-0.06479999999999957	1.05486775
-0.06459999999999956	1.06571825
-0.06439999999999955	1.0690707499999998
-0.06419999999999955	1.0319764999999999
-0.06399999999999954	1.0460209999999999
-0.06379999999999954	1.0525677500000001
-0.06359999999999953	1.052102
-0.06339999999999953	1.059609
-0.06319999999999952	1.0427240000000002
-0.06299999999999951	1.0523627500000001
-0.06279999999999951	1.028717
-0.0625999999999995	1.0387097500000002
-0.0623999999999995	1.0467190000000002
-0.06219999999999949	1.0487585
-0.061999999999999486	1.0586585
-0.06179999999999948	1.052177
-0.061599999999999475	1.0532107500000003
-0.06139999999999947	1.0394085
-0.06119999999999946	1.03184625
-0.06099999999999946	1.0240135000000001
-0.06079999999999945	1.03335475
-0.060599999999999446	1.0184442500000002
-0.06039999999999944	1.00709125
-0.060199999999999435	1.0437575000000001
-0.05999999999999943	1.033979
-0.05979999999999942	1.03642825
-0.05959999999999942	1.0430125000000001
-0.05939999999999941	1.0422117499999999
-0.059199999999999406	1.0462630000000002
-0.0589999999999994	1.0353387500000002
-0.058799999999999394	1.0376575
-0.05859999999999939	1.0526237500000002
-0.05839999999999938	1.0330475000000001
-0.05819999999999938	1.01565975
-0.05799999999999937	0.9950497500000002
-0.057799999999999366	1.0453415000000001
-0.05759999999999936	1.0505565
-0.057399999999999354	1.0507052500000003
-0.05719999999999935	1.046766
-0.05699999999999934	1.045974
-0.05679999999999934	0.95835525
-0.05659999999999933	0.9196965000000001
-0.056399999999999326	0.9385275
-0.05619999999999932	0.98653725
-0.055999999999999314	1.0223005000000003
-0.05579999999999931	1.03202275
-0.0555999999999993	1.0362607499999998
-0.0553999999999993	1.04141975
-0.05519999999999929	0.9972010000000001
-0.054999999999999286	1.004549
-0.05479999999999928	1.00151325
-0.054599999999999274	1.0072310000000002
-0.05439999999999927	1.0073895000000002
-0.05419999999999926	1.0217692500000002
-0.05399999999999926	1.0562192499999998
-0.05379999999999925	1.021862
-0.053599999999999245	1.0261555000000002
-0.05339999999999924	1.0050522500000003
-0.053199999999999234	1.0111145000000001
-0.05299999999999923	1.02172275
-0.05279999999999922	0.9900855000000002
-0.05259999999999922	0.99002025
-0.05239999999999921	0.966858
-0.052199999999999205	0.9520227500000001
-0.0519999999999992	1.01014625
-0.051799999999999194	1.040228
-0.05159999999999919	1.039091
-0.05139999999999918	1.028065
-0.05119999999999918	1.0265372499999998
-0.05099999999999917	1.01743825
-0.050799999999999165	1.0161442500000002
-0.05059999999999916	0.8560215000000002
-0.050399999999999154	0.82038
-0.05019999999999915	0.8352535
-0.04999999999999914	0.9331629999999999
-0.04979999999999914	0.75268025
-0.04959999999999913	0.6352207500000001
-0.049399999999999125	0.6198355
-0.04919999999999912	0.88430575
-0.048999999999999114	0.9955897499999999
-0.04879999999999911	1.0450797500000002
-0.0485999999999991	1.03534825
-0.048399999999999097	0.6912302500000002
-0.04819999999999909	0.5653060000000001
-0.047999999999999085	0.6438452500000001
-0.04779999999999908	0.748927
-0.047599999999999074	0.9149930000000001
-0.04739999999999907	0.9425317500000001
-0.04719999999999906	0.9834077500000002
-0.046999999999999056	0.8794725000000001
-0.04679999999999905	0.90151675
-0.046599999999999045	0.84845
-0.04639999999999904	0.8853675000000001
-0.046199999999999034	0.8706992500000001
-0.04599999999999903	0.8912815000000001
-0.04579999999999902	0.89563075
-0.045599999999999016	0.87878325
-0.04539999999999901	0.86319275
-0.045199999999999005	0.8956217500000001
-0.044999999999999	0.6945372499999999
-0.04479999999999899	0.5778047499999999
-0.04459999999999899	0.366794
-0.04439999999999898	0.5750292499999999
-0.044199999999998976	0.24315102500000002
-0.04399999999999897	0.36250974999999996
-0.043799999999998965	0.79569075
-0.04359999999999896	0.9395424999999998
-0.04339999999999895	0.9401855000000002
-0.04319999999999895	0.9448045
-0.04299999999999894	0.16456537499999999
-0.042799999999998936	0.129501125
-0.04259999999999893	0.14064907499999998
-0.042399999999998925	0.446581125
-0.04219999999999892	0.220352325
-0.04199999999999891	0.14225095
-0.04179999999999891	0.16536637500000004
-0.0415999999999989	0.28469734999999996
-0.041399999999998896	0.3504305000000001
-0.04119999999999889	0.19259875
-0.040999999999998885	0.12644632499999997
-0.04079999999999888	0.09279745000000002
-0.04059999999999887	0.07794275
-0.04039999999999887	0.07348170000000001
-0.04019999999999886	0.131140275
-0.039999999999998856	0.12280479999999999
-0.03979999999999885	0.5356902500000001
-0.039599999999998844	0.51935475
-0.03939999999999884	0.5122677500000001
-0.03919999999999883	0.100834875
-0.03899999999999883	0.7273100000000001
-0.03879999999999882	0.758259
-0.038599999999998816	0.72980625
-0.03839999999999881	0.08297197500000002
-0.038199999999998804	0.0403916775
-0.0379999999999988	0.21750242500000003
-0.03779999999999879	0.318411
-0.03759999999999879	0.23611962499999997
-0.03739999999999878	0.06724179999999999
-0.037199999999998776	0.048037907500000004
-0.03699999999999877	0.031423015000000006
-0.036799999999998764	0.040559290000000005
-0.03659999999999876	0.069206975
-0.03639999999999875	0.09789182499999999
-0.03619999999999875	0.086064025
-0.03599999999999874	0.40188700000000005
-0.035799999999998736	0.114832825
-0.03559999999999873	0.07633165000000001
-0.035399999999998724	0.12002957500000003
-0.03519999999999872	0.207704575
-0.03499999999999871	0.36289145000000006
-0.03479999999999871	0.272263975
-0.0345999999999987	0.227421075
-0.034399999999998696	0.272739075
-0.03419999999999869	0.093021075
-0.033999999999998684	0.055581675000000004
-0.03379999999999868	0.045337050000000004
-0.03359999999999867	0.06219405
-0.03339999999999867	0.0460261925
-0.03319999999999866	0.057230100000000006
-0.032999999999998655	0.8272809999999999
-0.03279999999999865	0.312991
-0.032599999999998644	0.28535875
-0.03239999999999864	0.291058
-0.03219999999999863	0.2974944
-0.03199999999999863	0.29046265
-0.03179999999999862	0.07988917499999999
-0.031599999999998615	0.16229300000000002
-0.03139999999999861	0.6001844999999999
-0.031199999999998604	0.60336
-0.030999999999998598	0.7487495000000002
-0.030799999999998592	0.7757497500000001
-0.030599999999998587	0.0591859
-0.03039999999999858	0.07017550000000002
-0.030199999999998575	0.07978687500000001
-0.02999999999999857	0.2937785
-0.029799999999998564	0.106171425
-0.029599999999998558	0.6904294999999999
-0.029399999999998552	0.6511100000000001
-0.029199999999998547	0.15091224999999997
-0.02899999999999854	0.09131667499999999
-0.028799999999998535	0.11332399999999998
-0.02859999999999853	0.11899575000000003
-0.028399999999998524	0.0953959
-0.028199999999998518	0.127685025
-0.027999999999998512	0.610662
-0.027799999999998506	0.958393
-0.0275999999999985	0.12829975000000002
-0.027399999999998495	0.0860826
-0.02719999999999849	0.08720955
-0.026999999999998484	0.045066925000000015
-0.026799999999998478	0.06290182500000001
-0.026599999999998472	0.4745585000000001
-0.026399999999998466	0.9622017500000001
-0.02619999999999846	0.7741485000000001
-0.025999999999998455	0.19601670000000002
-0.02579999999999845	0.14353612500000001
-0.025599999999998443	0.34912674999999993
-0.025399999999998438	0.58002125
-0.025199999999998432	0.041453380000000005
-0.024999999999998426	0.054892474999999996
-0.02479999999999842	0.6875144999999999
-0.024599999999998415	0.028088824999999998
-0.02439999999999841	0.17246320000000004
-0.024199999999998403	0.25942147499999996
-0.023999999999998398	0.914164
-0.023799999999998392	0.5866895000000001
-0.023599999999998386	0.03179547925
-0.02339999999999838	0.01585120475
-0.023199999999998375	0.025164495
-0.02299999999999837	0.68143275
-0.022799999999998363	0.052983199999999994
-0.022599999999998358	0.33157074999999997
-0.022399999999998352	0.03635903
-0.022199999999998346	0.013634637500000005
-0.02199999999999834	0.023637055
-0.021799999999998335	0.029346120000000003
-0.02159999999999833	0.03551152975
-0.021399999999998323	0.062343075
-0.021199999999998317	0.057425725
-0.02099999999999831	0.054622399999999995
-0.020799999999998306	0.125189125
-0.0205999999999983	0.074440975
-0.020399999999998294	0.7810127499999999
-0.02019999999999829	0.24465082500000002
-0.019999999999998283	0.07908827500000001
-0.019799999999998277	0.020722046
-0.01959999999999827	0.023003785
-0.019399999999998266	0.01774179225
-0.01919999999999826	0.0044517474999999996
-0.018999999999998254	0.010002480000000001
-0.01879999999999825	0.01174406775
-0.018599999999998243	0.009937262500000002
-0.018399999999998237	-0.00579286475
-0.01819999999999823	0.0017695226000000004
-0.017999999999998226	0.00476839
-0.01779999999999822	0.08810357499999999
-0.017599999999998214	0.0003818475000000001
-0.01739999999999821	0.01890595
-0.017199999999998203	-0.001238672
-0.016999999999998197	0.0012479811
-0.01679999999999819	0.006370255250000001
-0.016599999999998186	0.010300494750000002
-0.01639999999999818	0.142996025
-0.016199999999998174	0.04509489999999999
-0.01599999999999817	0.04988195
-0.015799999999998163	-0.007087391000000001
-0.015599999999998157	0.009462294999999997
-0.015399999999998151	0.0007543750000000012
-0.015199999999998146	0.0025611775
-0.01499999999999814	-0.006612427749999999
-0.014799999999998134	0.008083917750000003
-0.014599999999998128	0.0002700787500000008
-0.014399999999998123	-0.0036694324999999996
-0.014199999999998117	0.00010244749999999924
-0.013999999999998111	0.0055693448
-0.013799999999998105	0.007022221500000002
-0.0135999999999981	0.0010989667500000003
-0.013399999999998094	0.004526238500000001
-0.013199999999998088	0.0030081875000000004
-0.012999999999998083	0.00380911925
-0.012799999999998077	0.00888485875
-0.012599999999998071	0.0064168342999999985
-0.012399999999998065	0.0045635025
-0.01219999999999806	0.009005950000000002
-0.011999999999998054	0.00972307
-0.011799999999998048	0.007515818
-0.011599999999998042	0.005140940000000002
-0.011399999999998037	-0.005047795000000001
-0.011199999999998031	-0.0018347087500000003
-0.010999999999998025	0.004116475
-0.01079999999999802	-0.0033434675
-0.010599999999998014	0.007702081750000001
-0.010399999999998008	0.0024121399999999997
-0.010199999999998002	0.010794098750000002
-0.009999999999997997	-0.0013131677499999999
-0.009799999999997991	0.0045635052500000006
-0.009599999999997985	0.0014063185000000003
-0.00939999999999798	0.0009592835000000002
-0.009199999999997974	0.008754466500000004
-0.008999999999997968	-0.0010803332500000002
-0.008799999999997962	-0.0032689575
-0.008599999999997957	-0.0020861912499999997
-0.00839999999999795	0.0012479808
-0.008199999999997945	0.00745992695
-0.00799999999999794	0.0128802733
-0.007799999999997934	0.0010151324999999997
-0.007599999999997928	-0.0043679355000000005
-0.007399999999997922	0.0039115841
-0.007199999999997916	-0.00296162975
-0.006999999999997911	0.019669655
-0.006799999999997905	0.0096672
-0.006599999999997899	0.006286460999999998
-0.0063999999999978935	-0.0006985097499999996
-0.006199999999997888	0.0034924885000000004
-0.005999999999997882	-0.0007730049999999994
-0.005799999999997876	0.0032037694499999995
-0.005599999999997871	0.004163035249999999
-0.005399999999997865	0.0047218225
-0.005199999999997859	0.0065286091
-0.004999999999997853	-0.012004805
-0.004799999999997848	-0.0011641617499999993
-0.004599999999997842	0.00528993775
-0.004399999999997836	0.001145529
-0.0041999999999978305	0.0029802474999999994
-0.003999999999997825	0.0024307599999999997
-0.003799999999997819	0.008959367000000001
-0.0035999999999978133	0.011352894
-0.0033999999999978076	0.0082049965
-0.003199999999997802	-0.005327184349999999
-0.002999999999997796	0.00297094
-0.0027999999999977904	0.008111862749999999
-0.0025999999999977846	0.004237548000000001
-0.002399999999997779	0.00494534575
-0.002199999999997773	0.004377265
-0.0019999999999977675	0.01725750375
-0.0017999999999977617	0.012116583
-0.001599999999997756	0.004507632500000002
-0.0013999999999977503	0.0018905950000000006
-0.0011999999999977445	0.013960637500000001
-0.0009999999999977388	-0.0008009437500000001
-0.0007999999999977331	0.00501985
-0.0005999999999977274	0.012489085000000002
-0.0003999999999977216	0.006398231
-0.0001999999999977159	-0.00035389999999999944
2.2898349882893854e-15	0.0017881529000000002
0.00020000000000229556	0.0142213645
0.0004000000000023013	0.05606595
0.000600000000002307	0.011567086499999999
0.0008000000000023127	-0.0014994222500000008
0.0010000000000023185	0.01223765025
0.0012000000000023242	0.02041473925
0.00140000000000233	0.012302825
0.0016000000000023357	0.009648555
0.0018000000000023414	-0.00010245125000000041
0.002000000000002347	0.02067546575
0.002200000000002353	0.005783550000000001
0.0024000000000023586	-0.0006519347499999999
0.0026000000000023643	0.011213187500000001
0.00280000000000237	0.006184005
0.0030000000000023758	0.017024667500000003
0.0032000000000023815	0.006016380250000001
0.0034000000000023872	0.007329564999999999
0.003600000000002393	0.00073574285
0.0038000000000023987	0.013262105
0.004000000000002404	0.0247081325
0.00420000000000241	0.013746390950000003
0.004400000000002416	0.020219130000000005
0.004600000000002422	0.008530977249999998
0.004800000000002427	0.0028777997500000004
0.005000000000002433	0.0005867352499999999
0.005200000000002439	0.006016392249999999
0.0054000000000024445	0.016903623250000003
0.00560000000000245	0.0220538175
0.005800000000002456	0.004693895
0.006000000000002462	0.001993036
0.006200000000002467	0.02224942
0.006400000000002473	-0.0015832585
0.006600000000002479	-0.0008661217499999987
0.006800000000002485	0.0148267175
0.00700000000000249	0.0047590805
0.007200000000002496	0.015338971750000003
0.007400000000002502	0.0309852075
0.0076000000000025075	0.0051316165
0.007800000000002513	0.016950160000000002
0.008000000000002519	0.023683675
0.008200000000002525	0.0216534025
0.00840000000000253	0.0151433975
0.008600000000002536	0.012125914250000005
0.008800000000002542	0.024261090000000003
0.009000000000002548	0.031013225
0.009200000000002553	0.042086665
0.009400000000002559	0.028247150250000002
0.009600000000002565	0.027883977499999997
0.00980000000000257	0.053737625
0.010000000000002576	0.041034302499999994
0.010200000000002582	0.0368340025
0.010400000000002588	0.03107839
0.010600000000002593	0.0341145125
0.0108000000000026	0.0175927955
0.011000000000002605	0.029150575
0.01120000000000261	0.04242197500000001
0.011400000000002616	0.0248291725
0.011600000000002622	0.043781742500000005
0.011800000000002628	0.083428275
0.012000000000002634	0.046696725
0.01220000000000264	0.04635219999999998
0.012400000000002645	0.058971675
0.01260000000000265	0.045122899999999994
0.012800000000002656	0.3195285
0.013000000000002662	0.27407099999999995
0.013200000000002668	0.029448585000000006
0.013400000000002674	0.024614990000000003
0.01360000000000268	0.0393392625
0.013800000000002685	0.06881580000000001
0.01400000000000269	0.18936687500000002
0.014200000000002697	0.06077845000000001
0.014400000000002702	0.24417562499999998
0.014600000000002708	0.04311120000000001
0.014800000000002714	0.09048777499999999
0.01500000000000272	0.11759877499999999
0.015200000000002725	0.054762075
0.015400000000002731	0.071106875
0.015600000000002737	0.27616650000000004
0.015800000000002742	0.0768998
0.016000000000002748	0.3690567500000001
0.016200000000002754	0.37619149999999996
0.01640000000000276	0.30867900000000004
0.016600000000002765	0.33519375
0.01680000000000277	0.31961300000000004
0.017000000000002777	0.32165225
0.017200000000002783	0.34862375
0.017400000000002788	0.34322199999999997
0.017600000000002794	0.34659300000000004
0.0178000000000028	0.16349460000000002
0.018000000000002805	0.29142175000000003
0.01820000000000281	0.18994415
0.018400000000002817	0.10645079999999998
0.018600000000002823	0.09262990000000002
0.01880000000000283	0.26541925000000005
0.019000000000002834	0.33444877500000003
0.01920000000000284	0.28615949999999996
0.019400000000002846	0.303119425
0.01960000000000285	0.8046314999999999
0.019800000000002857	0.42255275
0.020000000000002863	0.12195740000000002
0.02020000000000287	0.0987673
0.020400000000002874	0.14263274999999997
0.02060000000000288	0.6262525000000001
0.020800000000002886	0.183480725
0.02100000000000289	0.18557634999999997
0.021200000000002897	0.14098435
0.021400000000002903	0.610448
0.02160000000000291	0.6593140000000001
0.021800000000002914	0.7477815000000001
0.02200000000000292	0.48664700000000005
0.022200000000002926	0.53708725
0.02240000000000293	0.4384595
0.022600000000002937	0.38114625
0.022800000000002943	0.45554975
0.02300000000000295	0.31644599999999995
0.023200000000002954	0.79614725
0.02340000000000296	0.5241979999999999
0.023600000000002966	0.7428824999999999
0.02380000000000297	0.6713380000000001
0.024000000000002977	0.7410562500000001
0.024200000000002983	0.6427737499999999
0.02440000000000299	0.62059875
0.024600000000002994	0.31313074999999996
0.024800000000003	0.3430165
0.025000000000003006	0.34452574999999996
0.02520000000000301	0.5290035000000001
0.025400000000003017	0.49168575
0.025600000000003023	0.6063312499999999
0.02580000000000303	0.5807105
0.026000000000003035	0.79188125
0.02620000000000304	1.0639767500000001
0.026400000000003046	0.47379425
0.026600000000003052	0.5006542500000001
0.026800000000003057	0.8039795000000001
0.027000000000003063	0.8101075
0.02720000000000307	0.7081247500000001
0.027400000000003075	0.601404
0.02760000000000308	0.615905
0.027800000000003086	0.5879185
0.028000000000003092	0.9868442500000001
0.028200000000003098	0.9966515000000001
0.028400000000003103	0.7180712500000002
0.02860000000000311	0.79719925
0.028800000000003115	0.8456187500000002
0.02900000000000312	0.95719125
0.029200000000003126	0.9659737500000002
0.029400000000003132	0.81802325
0.029600000000003138	0.6154675
0.029800000000003143	0.6918357500000001
0.03000000000000315	0.66401725
0.030200000000003155	0.6988487499999999
0.03040000000000316	0.7067745
0.030600000000003166	0.72624825
0.030800000000003172	0.7908930000000001
0.031000000000003178	0.8279702499999999
0.031200000000003184	0.7965010000000001
0.03140000000000319	0.9753052500000001
0.031600000000003195	0.99617625
0.0318000000000032	0.9663742500000001
0.032000000000003206	0.9898060000000001
0.03220000000000321	1.0119905000000002
0.03240000000000322	0.9994452500000002
0.032600000000003224	0.9938202500000002
0.03280000000000323	0.9944255000000001
0.033000000000003235	0.73868175
0.03320000000000324	0.8219255000000001
0.03340000000000325	0.8995145
0.03360000000000325	0.8878825
0.03380000000000326	0.8779825000000001
0.034000000000003264	0.8761102500000001
0.03420000000000327	0.9618665000000002
0.034400000000003275	0.9807817500000001
0.03460000000000328	0.9819180000000002
0.03480000000000329	0.98627625
0.03500000000000329	0.9781087499999999
0.0352000000000033	0.9760414999999999
0.035400000000003304	0.89074125
0.03560000000000331	0.8586102500000001
0.035800000000003315	0.9774012500000001
0.03600000000000332	1.0018295000000002
0.03620000000000333	0.9992687500000001
0.03640000000000333	0.9582437500000001
0.03660000000000334	1.0277202500000002
0.036800000000003344	1.0328614999999999
0.03700000000000335	1.0628590000000004
0.037200000000003355	1.0640045
0.03740000000000336	1.05746675
0.03760000000000337	1.02780425
0.03780000000000337	1.0299645000000002
0.03800000000000338	1.02206725
0.038200000000003384	0.992749
0.03840000000000339	1.02406
0.038600000000003395	1.00964325
0.0388000000000034	1.017811
0.03900000000000341	1.07226575
0.03920000000000341	1.05659125
0.03940000000000342	1.0563025000000001
0.039600000000003424	1.0582120000000002
0.03980000000000343	1.0470735
0.040000000000003436	0.9870395000000001
0.04020000000000344	1.0253080000000003
0.04040000000000345	1.056405
0.04060000000000345	1.01612525
0.04080000000000346	1.02237475
0.041000000000003464	0.9246040000000002
0.04120000000000347	0.94449675
0.041400000000003476	0.9628540000000001
0.04160000000000348	1.0314737499999997
0.04180000000000349	0.9890610000000001
0.04200000000000349	1.0396695
0.0422000000000035	1.0729265000000001
0.042400000000003504	1.0772572500000002
0.04260000000000351	1.0729545
0.042800000000003516	1.0665005000000003
0.04300000000000352	1.0389055
0.04320000000000353	1.0122787500000001
0.04340000000000353	1.00806075
0.04360000000000354	1.01766175
0.043800000000003544	1.0096155000000002
0.04400000000000355	1.0149145000000002
0.044200000000003556	1.065821
0.04440000000000356	1.06482425
0.04460000000000357	1.0663235
0.04480000000000357	1.0650475
0.04500000000000358	1.0393990000000002
0.045200000000003585	1.076009
0.04540000000000359	1.0149612500000003
0.045600000000003596	1.0214615
0.0458000000000036	1.03138975
0.04600000000000361	1.0758785
0.04620000000000361	1.0716602499999999
0.04640000000000362	1.0929875000000002
0.046600000000003625	1.0878459999999999
0.04680000000000363	1.080117
0.047000000000003636	1.0799022500000002
0.04720000000000364	1.0780027500000002
0.04740000000000365	1.0806287499999998
0.04760000000000365	1.0690335
0.04780000000000366	1.0527355
0.048000000000003665	1.0420905
0.04820000000000367	1.033681
0.048400000000003676	1.0684472500000002
0.04860000000000368	1.02127575
0.04880000000000369	1.0251684999999997
0.04900000000000369	1.0366980000000001
0.0492000000000037	1.08298475
0.049400000000003705	1.0865892500000003
0.04960000000000371	1.09325725
0.049800000000003716	1.088452
0.05000000000000372	1.0677484999999998
0.05020000000000373	1.09527825
0.050400000000003733	1.0813735
0.05060000000000374	1.0726380000000002
0.050800000000003745	1.0746772500000001
0.05100000000000375	1.06315725
0.051200000000003756	1.0742675
0.05140000000000376	1.09093825
0.05160000000000377	1.0937047500000001
0.051800000000003774	1.0553152500000003
0.05200000000000378	1.0744075000000002
0.052200000000003785	1.0610615
0.05240000000000379	1.05483125
0.052600000000003796	1.0647130000000002
0.0528000000000038	1.0760932500000002
0.05300000000000381	1.08581625
0.053200000000003814	1.07575775
0.05340000000000382	1.0624215
0.053600000000003825	1.0826495
0.05380000000000383	1.0918415000000001
0.05400000000000384	1.09933925
0.05420000000000384	1.08762325
0.05440000000000385	1.096545
0.054600000000003854	1.08931775
0.05480000000000386	1.0833015000000001
0.055000000000003865	1.08152275
0.05520000000000387	1.0791015000000002
0.05540000000000388	1.06971375
0.05560000000000388	1.0930152499999999
0.05580000000000389	1.080675
0.056000000000003894	1.0770805000000003
0.0562000000000039	1.0791760000000001
0.056400000000003905	1.0903699999999998
0.05660000000000391	1.0926335000000003
0.05680000000000392	1.07816075
0.05700000000000392	1.0889080000000002
0.05720000000000393	1.07423975
0.057400000000003934	1.08580725
0.05760000000000394	1.083292
0.057800000000003945	1.0775925
0.05800000000000395	1.086822
0.05820000000000396	1.07276825
0.05840000000000396	1.0906125
0.05860000000000397	1.0942072500000002
0.058800000000003974	1.0900165000000002
0.05900000000000398	1.0813272500000002
0.059200000000003986	1.0777695
0.05940000000000399	1.06940625
0.059600000000004	1.07472425
0.059800000000004	1.0923077500000002
0.06000000000000401	1.083432
0.060200000000004014	1.0957630000000003
0.06040000000000402	1.0807962500000001
0.060600000000004026	1.083339
0.06080000000000403	1.07181825
0.06100000000000404	1.0703002499999998
0.06120000000000404	1.0699745000000003
0.06140000000000405	1.06816775
0.061600000000004054	1.08305925
0.06180000000000406	1.0972342499999999
0.062000000000004066	1.07654925
0.06220000000000407	1.092764
0.06240000000000408	1.0914320000000002
0.06260000000000408	1.0904817500000001
0.06280000000000409	1.0895695
0.0630000000000041	1.0741095000000003
0.0632000000000041	1.0738205
0.0634000000000041	1.0709145
0.06360000000000411	1.0917112500000001
0.06380000000000412	1.0846985
0.06400000000000412	1.10843775
0.06420000000000413	1.0992085000000003
0.06440000000000413	1.09668475
0.06460000000000414	1.0956512500000002
0.06480000000000415	1.1014625
0.06500000000000415	1.0912084999999998
0.06520000000000416	1.09136675
0.06540000000000416	1.0914135000000003
0.06560000000000417	1.089374
0.06580000000000417	1.0929594999999999
0.06600000000000418	1.093844
0.06620000000000419	1.09148775
0.06640000000000419	1.08698025
0.0666000000000042	1.09280125
0.0668000000000042	1.0928849999999997
0.06700000000000421	1.0833760000000003
0.06720000000000421	1.082482
0.06740000000000422	1.07440725
0.06760000000000423	1.07003025
0.06780000000000423	1.0554455
0.06800000000000424	1.04804175
0.06820000000000424	1.031753
0.06840000000000425	1.022719
0.06860000000000425	1.0126237500000002
0.06880000000000426	1.0210895
0.06900000000000427	1.0222164999999999
0.06920000000000427	1.022803
0.06940000000000428	1.0095595
0.06960000000000428	1.0049960000000002
0.06980000000000429	1.0005067499999998
0.0700000000000043	0.9955337500000002
0.0702000000000043	0.9806980000000002
0.0704000000000043	0.983678
0.07060000000000431	0.96888875
0.07080000000000432	0.97221375
0.07100000000000432	0.9682179999999999
0.07120000000000433	0.9773820000000002
0.07140000000000433	0.980847
0.07160000000000434	0.9725860000000001
0.07180000000000435	0.9595480000000001
0.07200000000000435	0.9580012500000001
0.07220000000000436	0.960963
0.07240000000000436	0.97366675
0.07260000000000437	0.9686465000000001
0.07280000000000438	0.9635429999999999
0.07300000000000438	0.9511375000000001
0.07320000000000439	0.9707419999999999
0.07340000000000439	0.9606560000000001
0.0736000000000044	0.9606930000000001
0.0738000000000044	0.9596782500000001
0.07400000000000441	0.9600592499999999
0.07420000000000442	0.9598175000000001
0.07440000000000442	0.9579552500000003
0.07460000000000443	0.9509325000000001
0.07480000000000443	0.9625370000000001
0.07500000000000444	0.9495915
0.07520000000000444	0.9485485000000001
0.07540000000000445	0.9371487500000001
0.07560000000000446	0.9378197500000002
0.07580000000000446	0.94106025
0.07600000000000447	0.9395615
0.07620000000000447	0.9476914999999999
0.07640000000000448	0.92108375
0.07660000000000448	0.9156075000000001
0.07680000000000449	0.93116975
0.0770000000000045	0.9160642500000001
0.0772000000000045	0.92407375
0.0774000000000045	0.9279565000000001
0.07760000000000451	0.9259920000000001
0.07780000000000452	0.9076172500000002
0.07800000000000452	0.9137542500000001
0.07820000000000453	0.9205712500000002
0.07840000000000454	0.9114817500000001
0.07860000000000454	0.9214189999999999
0.07880000000000455	0.9165202499999999
0.07900000000000455	0.9078682500000003
0.07920000000000456	0.91341025
0.07940000000000456	0.9239705
0.07960000000000457	0.9211955000000001
0.07980000000000458	0.9190067500000001
0.08	0.9189137500000001
0.0798	0.9069645
0.07959999999999999	0.91066225
0.07939999999999998	0.9150674999999999
0.07919999999999998	0.901759
0.07899999999999997	0.9058757500000002
0.07879999999999997	0.9015635000000001
0.07859999999999996	0.9069557500000001
0.07839999999999996	0.9097965000000001
0.07819999999999995	0.8946807499999998
0.07799999999999994	0.8979500000000001
0.07779999999999994	0.89723275
0.07759999999999993	0.897391
0.07739999999999993	0.88361675
0.07719999999999992	0.8894280000000001
0.07699999999999992	0.8942617499999999
0.07679999999999991	0.8935912500000001
0.0765999999999999	0.8885807500000001
0.0763999999999999	0.8737355
0.07619999999999989	0.8726925
0.07599999999999989	0.8719655000000001
0.07579999999999988	0.8712955000000001
0.07559999999999988	0.8732695000000001
0.07539999999999987	0.8667692499999999
0.07519999999999986	0.8700572500000001
0.07499999999999986	0.8542147500000001
0.07479999999999985	0.8576512500000001
0.07459999999999985	0.8695072500000001
0.07439999999999984	0.8658937499999999
0.07419999999999984	0.8614790000000002
0.07399999999999983	0.85078775
0.07379999999999982	0.84873875
0.07359999999999982	0.8527900000000002
0.07339999999999981	0.8438025
0.0731999999999998	0.85422425
0.0729999999999998	0.847407
0.0727999999999998	0.841027
0.07259999999999979	0.84945575
0.07239999999999978	0.8393327500000001
0.07219999999999978	0.83188175
0.07199999999999977	0.84150175
0.07179999999999977	0.8163005
0.07159999999999976	0.82859375
0.07139999999999976	0.831677
0.07119999999999975	0.8094277500000001
0.07099999999999974	0.81979325
0.07079999999999974	0.8194017500000002
0.07059999999999973	0.8178842499999999
0.07039999999999973	0.8030572500000001
0.07019999999999972	0.8138702499999999
0.06999999999999972	0.7998814999999999
0.06979999999999971	0.809837
0.0695999999999997	0.8142705000000001
0.0693999999999997	0.813786
0.06919999999999969	0.8139259999999999
0.06899999999999969	0.8062795000000001
0.06879999999999968	0.7988477500000002
0.06859999999999968	0.79045675
0.06839999999999967	0.802927
0.06819999999999966	0.7891429999999999
0.06799999999999966	0.8000865
0.06779999999999965	0.78927375
0.06759999999999965	0.7904467500000001
0.06739999999999964	0.7788230000000002
0.06719999999999964	0.7733667499999999
0.06699999999999963	0.7559675
0.06679999999999962	0.76223575
0.06659999999999962	0.795067
0.06639999999999961	0.78450525
0.0661999999999996	0.8039045000000001
0.0659999999999996	0.7812175
0.0657999999999996	0.7947035000000001
0.06559999999999959	0.7839652500000001
0.06539999999999958	0.77015325
0.06519999999999958	0.7750325000000001
0.06499999999999957	0.77009675
0.06479999999999957	0.770181
0.06459999999999956	0.7822880000000001
0.06439999999999955	0.7811435
0.06419999999999955	0.7729477500000002
0.06399999999999954	0.7792247499999999
0.06379999999999954	0.783323
0.06359999999999953	0.76722775
0.06339999999999953	0.7697055000000002
0.06319999999999952	0.7734032499999999
0.06299999999999951	0.7837230000000001
0.06279999999999951	0.77175475
0.0625999999999995	0.78085475
0.0623999999999995	0.7702925
0.06219999999999949	0.7594135000000002
0.061999999999999486	0.77185725
0.06179999999999948	0.7637259999999999
0.061599999999999475	0.760895
0.06139999999999947	0.7462715
0.06119999999999946	0.7334382500000001
0.06099999999999946	0.737154
0.06079999999999945	0.7506587499999999
0.060599999999999446	0.7681412500000002
0.06039999999999944	0.7613885000000002
0.060199999999999435	0.7377127499999999
0.05999999999999943	0.7193005000000002
0.05979999999999942	0.7336334999999999
0.05959999999999942	0.72743075
0.05939999999999941	0.74041425
0.059199999999999406	0.74172675
0.0589999999999994	0.7578869999999999
0.058799999999999394	0.7555115000000001
0.05859999999999939	0.7681597500000001
0.05839999999999938	0.76918475
0.05819999999999938	0.7320782500000002
0.05799999999999937	0.7327397500000002
0.057799999999999366	0.7214149999999999
0.05759999999999936	0.72593175
0.057399999999999354	0.7716242500000001
0.05719999999999935	0.75917225
0.05699999999999934	0.75779375
0.05679999999999934	0.74912175
0.05659999999999933	0.6902897499999999
0.056399999999999326	0.7065782500000002
0.05619999999999932	0.7136847499999999
0.055999999999999314	0.7039992500000001
0.05579999999999931	0.7219925
0.0555999999999993	0.7173445
0.0553999999999993	0.7622725
0.05519999999999929	0.7486192500000002
0.054999999999999286	0.74791175
0.05479999999999928	0.7342017500000001
0.054599999999999274	0.7480230000000002
0.05439999999999927	0.7437855000000002
0.05419999999999926	0.73139825
0.05399999999999926	0.7377872500000001
0.05379999999999925	0.7283625000000002
0.053599999999999245	0.7162275
0.05339999999999924	0.6433880000000001
0.053199999999999234	0.6798312500000001
0.05299999999999923	0.74437175
0.05279999999999922	0.7134705
0.05259999999999922	0.7228115000000002
0.05239999999999921	0.70728675
0.052199999999999205	0.704614
0.0519999999999992	0.7297870000000001
0.051799999999999194	0.7072492499999999
0.05159999999999919	0.668479
0.05139999999999918	0.60452475
0.05119999999999918	0.5513925000000001
0.05099999999999917	0.5359512500000001
0.050799999999999165	0.61350225
0.05059999999999916	0.6275095
0.050399999999999154	0.7207442499999999
0.05019999999999915	0.73242275
0.04999999999999914	0.6936144999999999
0.04979999999999914	0.558694
0.04959999999999913	0.46451849999999995
0.049399999999999125	0.46526325
0.04919999999999912	0.5710802500000001
0.048999999999999114	0.56275425
0.04879999999999911	0.58536725
0.0485999999999991	0.66086025
0.048399999999999097	0.6607949999999999
0.04819999999999909	0.6891627499999999
0.047999999999999085	0.7117665000000001
0.04779999999999908	0.719431
0.047599999999999074	0.6880452499999998
0.04739999999999907	0.6807814999999999
0.04719999999999906	0.684283
0.046999999999999056	0.6044772500000001
0.04679999999999905	0.56628475
0.046599999999999045	0.50147375
0.04639999999999904	0.42655825
0.046199999999999034	0.41200125
0.04599999999999903	0.5967660000000001
0.04579999999999902	0.5805610000000001
0.045599999999999016	0.41591300000000003
0.04539999999999901	0.5017805
0.045199999999999005	0.486833
0.044999999999999	0.7042315000000001
0.04479999999999899	0.40681375
0.04459999999999899	0.5460097500000001
0.04439999999999898	0.60131125
0.044199999999998976	0.6037515
0.04399999999999897	0.6606179999999999
0.043799999999998965	0.67577075
0.04359999999999896	0.60760725
0.04339999999999895	0.5904427499999999
0.04319999999999895	0.552324
0.04299999999999894	0.36693374999999995
0.042799999999998936	0.28412
0.04259999999999893	0.35567375
0.042399999999998925	0.3368515000000001
0.04219999999999892	0.33389874999999997
0.04199999999999891	0.49131299999999994
0.04179999999999891	0.5013340000000001
0.0415999999999989	0.37823950000000006
0.041399999999998896	0.22302534999999998
0.04119999999999889	0.195001525
0.040999999999998885	0.38054050000000006
0.04079999999999888	0.34730125
0.04059999999999887	0.33694450000000004
0.04039999999999887	0.33552
0.04019999999999886	0.3319995
0.039999999999998856	0.6243055000000001
0.03979999999999885	0.6224715
0.039599999999998844	0.60033375
0.03939999999999884	0.14636742500000002
0.03919999999999883	0.09989425
0.03899999999999883	0.09196864999999999
0.03879999999999882	0.09899089999999999
0.038599999999998816	0.170879775
0.03839999999999881	0.16375520000000002
0.038199999999998804	0.15445127499999997
0.0379999999999988	0.13930794999999999
0.03779999999999879	0.179233975
0.03759999999999879	0.527802
0.03739999999999878	0.57850375
0.037199999999998776	0.6813305
0.03699999999999877	0.31237695000000004
0.036799999999998764	0.17446545
0.03659999999999876	0.061244125
0.03639999999999875	0.077057975
0.03619999999999875	0.07276457500000001
0.03599999999999874	0.27042962500000006
0.035799999999998736	0.2173535
0.03559999999999873	0.1376781
0.035399999999998724	0.1981494
0.03519999999999872	0.40878774999999995
0.03499999999999871	0.33262299999999995
0.03479999999999871	0.4322950000000001
0.0345999999999987	0.298703975
0.034399999999998696	0.08378222500000002
0.03419999999999869	0.080066175
0.033999999999998684	0.0743851
0.03379999999999868	0.090226975
0.03359999999999867	0.06444787500000002
0.03339999999999867	0.090580925
0.03319999999999866	0.08180782500000001
0.032999999999998655	0.63908575
0.03279999999999865	0.5994765
0.032599999999998644	0.49569024999999994
0.03239999999999864	0.05826387500000001
0.03219999999999863	0.059474575
0.03199999999999863	0.04928584999999999
0.03179999999999862	0.038147175000000005
0.031599999999998615	0.037774707500000004
0.03139999999999861	0.036657085
0.031199999999998604	0.027455522499999992
0.030999999999998598	0.27888595
0.030799999999998592	0.61142575
0.030599999999998587	0.258024175
0.03039999999999858	0.1152984
0.030199999999998575	0.1263812
0.02999999999999857	0.09280680000000001
0.029799999999998564	0.474474
0.029599999999998558	0.30909775000000006
0.029399999999998552	0.227076425
0.029199999999998547	0.1220225
0.02899999999999854	0.08538412500000002
0.028799999999998535	0.07517672500000001
0.02859999999999853	0.07566102499999999
0.028399999999998524	0.46785325
0.028199999999998518	0.5146145
0.027999999999998512	0.251290525
0.027799999999998506	0.2523714
0.0275999999999985	0.40308875
0.027399999999998495	0.30105145000000005
0.02719999999999849	0.4167325000000001
0.026999999999998484	0.4679647500000001
0.026799999999998478	0.2283988
0.026599999999998472	0.01088724
0.026399999999998466	0.0104215558
0.02619999999999846	0.023115569749999995
0.025999999999998455	0.024428729999999996
0.02579999999999845	0.004814966750000001
0.025599999999998443	0.020172541500000002
0.025399999999998438	0.0199304
0.025199999999998432	0.04810309000000001
0.024999999999998426	0.165785625
0.02479999999999842	0.0440797625
0.024599999999998415	0.025760495000000005
0.02439999999999841	0.03410525
0.024199999999998403	0.04490859500000001
0.023999999999998398	0.077114025
0.023799999999998392	0.15706830000000002
0.023599999999998386	0.17577849999999998
0.02339999999999838	0.207509275
0.023199999999998375	0.356139725
0.02299999999999837	0.0278746575
0.022799999999998363	0.5140377500000001
0.022599999999998358	0.021373997500000002
0.022399999999998352	0.0154227865
0.022199999999998346	0.025602224999999996
0.02199999999999834	0.03846385000000001
0.021799999999998335	0.01382090725
0.02159999999999833	0.0031944625000000005
0.021399999999998323	0.0379143625
0.021199999999998317	0.250368725
0.02099999999999831	0.169818325
0.020799999999998306	0.26668582500000004
0.0205999999999983	0.44885374999999994
0.020399999999998294	0.025797807500000002
0.02019999999999829	0.02370229
0.019999999999998283	0.017918748500000005
0.019799999999998277	0.0099186225
0.01959999999999827	0.022920000000000003
0.019399999999998266	0.019660315
0.01919999999999826	0.006705553250000001
0.018999999999998254	0.006835969999999999
0.01879999999999825	0.006044336750000001
0.018599999999998243	0.0048429155
0.018399999999998237	0.03308077
0.01819999999999823	0.0033993459999999997
0.017999999999998226	0.0024214700000000007
0.01779999999999822	0.0018533570000000006
0.017599999999998214	0.008586846999999998
0.01739999999999821	0.006668316
0.017199999999998203	0.030510307250000004
0.016999999999998197	0.00326897325
0.01679999999999819	0.0107288975
0.016599999999998186	0.0111293635
0.01639999999999818	0.0013410875000000005
0.016199999999998174	0.009927935
0.01599999999999817	0.01296406
0.015799999999998163	0.0036880517500000004
0.015599999999998157	0.00465666
0.015399999999998151	0.012330762500000004
0.015199999999998146	0.0022724467500000005
0.01499999999999814	0.013886112499999999
0.014799999999998134	0.0081118375
0.014599999999998128	0.00898728975
0.014399999999998123	0.013662568500000001
0.014199999999998117	-9.320000000000217e-06
0.013999999999998111	0.00661243725
0.013799999999998105	0.008130459500000005
0.0135999999999981	0.005634522500000001
0.013399999999998094	0.0037811725000000003
0.013199999999998088	0.0165590216
0.012999999999998083	0.020181885
0.012799999999998077	0.022687167500000004
0.012599999999998071	-0.010719594249999999
0.012399999999998065	0.00386500325
0.01219999999999806	-0.0013969915000000006
0.011999999999998054	0.00035390149999999995
0.011799999999998048	0.0112038915
0.011599999999998042	0.0070035855
0.011399999999998037	0.0019185392500000004
0.011199999999998031	0.009890699999999999
0.010999999999998025	0.0045821325
0.01079999999999802	0.00948092475
0.010599999999998014	0.00881968275
0.010399999999998008	0.007199164999999999
0.010199999999998002	0.016251690000000003
0.009999999999997997	0.001909226
0.009799999999997991	0.0035669877500000002
0.009599999999997985	0.00867997975
0.00939999999999798	0.013942007499999999
0.009199999999997974	0.014919870000000002
0.008999999999997968	0.01119456625
0.008799999999997962	0.01064504825
0.008599999999997957	0.008968695
0.00839999999999795	-0.003939519999999999
0.008199999999997945	0.014156212499999998
0.00799999999999794	-0.0034645465
0.007799999999997934	0.01226556725
0.007599999999997928	0.019446117500000006
0.007399999999997922	0.0032503342500000004
0.007199999999997916	0.011250455000000001
0.006999999999997911	0.0100303975
0.006799999999997905	0.0005587950000000004
0.006599999999997899	0.0016763927500000005
0.0063999999999978935	0.01002111175
0.006199999999997888	0.0039395215
0.005999999999997882	0.0049267208
0.005799999999997876	0.00964855175
0.005599999999997871	0.0151247625
0.005399999999997865	0.0004377249999999999
0.005199999999997859	0.004218915200000001
0.004999999999997853	0.015171333500000004
0.004799999999997848	0.0034459275
0.004599999999997842	0.0097230766
0.004399999999997836	-0.0009033872500000003
0.0041999999999978305	0.005113005000000001
0.003999999999997825	0.011241121750000001
0.003799999999997819	0.008614775049999999
0.0035999999999978133	0.00614677
0.0033999999999978076	0.01089653575
0.003199999999997802	-0.0011734675000000005
0.002999999999997796	0.01417482725
0.0027999999999977904	0.007441310000000001
0.0025999999999977846	0.009415737250000002
0.002399999999997779	-0.0001210797499999996
0.002199999999997773	-0.0031758265
0.0019999999999977675	0.007925605
0.0017999999999977617	0.01365325
0.001599999999997756	-0.001946465
0.0013999999999977503	-0.00394883075
0.0011999999999977445	0.0032503237500000003
0.0009999999999977388	0.011688167500000003
0.0007999999999977331	0.009657867500000002
0.0005999999999977274	0.005774224999999999
0.0003999999999977216	0.0084937075
0.0001999999999977159	0.002812623250000001
-2.2898349882893854e-15	0.00462870325
-0.00020000000000229556	0.0028591752499999997
-0.0004000000000023013	0.0032037875000000015
-0.000600000000002307	0.017350625
-0.0008000000000023127	0.012703332499999997
-0.0010000000000023185	0.0022724400000000006
-0.0012000000000023242	0.006556547500000002
-0.00140000000000233	0.0115857
-0.0016000000000023357	-0.00021420079999999998
-0.0018000000000023414	0.009276036250000001
-0.002000000000002347	0.0180118775
-0.002200000000002353	0.0029802525000000007
-0.0024000000000023586	0.0140257925
-0.0026000000000023643	0.011483284250000001
-0.00280000000000237	0.008121180000000002
-0.0030000000000023758	0.004274800549999999
-0.0032000000000023815	0.011967570000000004
-0.0034000000000023872	0.017555532750000005
-0.003600000000002393	0.0017322649999999998
-0.0038000000000023987	0.00460075
-0.004000000000002404	0.00720848975
-0.00420000000000241	0.0014249275
-0.004400000000002416	0.01613991
-0.004600000000002422	-0.0007357424999999999
-0.004800000000002427	0.02081515
-0.005000000000002433	0.021560224500000006
-0.005200000000002439	-0.007385428250000001
-0.0054000000000024445	0.02050782325
-0.00560000000000245	0.008549580000000001
-0.005800000000002456	0.025211030000000002
-0.006000000000002462	0.012861613500000002
-0.006200000000002467	-0.0018533634999999993
-0.006400000000002473	0.012824380900000001
-0.006600000000002479	0.0165683025
-0.006800000000002485	0.008149124400000003
-0.00700000000000249	-0.0063795775
-0.007200000000002496	0.007171247499999998
-0.007400000000002502	0.004535562500000001
-0.0076000000000025075	0.0007916287500000003
-0.007800000000002513	0.0059791175
-0.008000000000002519	0.0032689602500000007
-0.008200000000002525	0.017900134099999996
-0.00840000000000253	0.024205189999999998
-0.008600000000002536	0.030286805800000004
-0.008800000000002542	0.021578857500000003
-0.009000000000002548	0.029560364999999998
-0.009200000000002553	0.010607835000000001
-0.009400000000002559	0.0103936385
-0.009600000000002565	0.008642734749999999
-0.00980000000000257	0.020600982499999997
-0.010000000000002576	0.043139145000000004
-0.010200000000002582	0.04346505
-0.010400000000002588	0.031404375
-0.010600000000002593	0.037048277500000004
-0.0108000000000026	0.038314850000000004
-0.011000000000002605	0.014361086
-0.01120000000000261	0.012433227250000001
-0.011400000000002616	0.032410230000000005
-0.011600000000002622	0.04938830000000001
-0.011800000000002628	0.024084150000000002
-0.012000000000002634	0.024456671500000002
-0.01220000000000264	0.0247919775
-0.012400000000002645	0.07683445000000001
-0.01260000000000265	0.034580195
-0.012800000000002656	0.13488417500000002
-0.013000000000002662	0.08649240000000002
-0.013200000000002668	0.046855125000000004
-0.013400000000002674	0.006733499999999999
-0.01360000000000268	0.026459015
-0.013800000000002685	0.02709235
-0.01400000000000269	0.029038777500000005
-0.014200000000002697	0.04294353
-0.014400000000002702	0.036992325
-0.014600000000002708	0.033639587500000005
-0.014800000000002714	0.04487142499999999
-0.01500000000000272	0.07748642500000001
-0.015200000000002725	0.069784375
-0.015400000000002731	0.028554529999999998
-0.015600000000002737	0.05061765
-0.015800000000002742	0.185576225
-0.016000000000002748	0.033751305
-0.016200000000002754	0.28214575000000003
-0.01640000000000276	0.065313975
-0.016600000000002765	0.1474384
-0.01680000000000277	0.2409626
-0.017000000000002777	0.04828002499999999
-0.017200000000002783	0.058897200000000004
-0.017400000000002788	0.09965210000000001
-0.017600000000002794	0.05326259999999999
-0.0178000000000028	0.035325285000000005
-0.018000000000002805	0.032913125
-0.01820000000000281	0.044722399999999995
-0.018400000000002817	0.30543775
-0.018600000000002823	0.19413537499999997
-0.01880000000000283	0.091651975
-0.019000000000002834	0.11010162500000002
-0.01920000000000284	0.22475700000000004
-0.019400000000002846	0.156351125
-0.01960000000000285	0.151228875
-0.019800000000002857	0.092648425
-0.020000000000002863	0.059018225
-0.02020000000000287	0.154851725
-0.020400000000002874	0.064690025
-0.02060000000000288	0.086939375
-0.020800000000002886	0.093766025
-0.02100000000000289	0.10495132500000003
-0.021200000000002897	0.28466025
-0.021400000000002903	0.30005475
-0.02160000000000291	0.07031525000000002
-0.021800000000002914	0.11336125000000001
-0.02200000000000292	0.3447772500000001
-0.022200000000002926	0.25158895
-0.02240000000000293	0.2308669
-0.022600000000002937	0.101142225
-0.022800000000002943	0.12354997500000003
-0.02300000000000295	0.10033195
-0.023200000000002954	0.08837365000000003
-0.02340000000000296	0.127293875
-0.023600000000002966	0.10810865000000001
-0.02380000000000297	0.29690724999999996
-0.024000000000002977	0.203606975
-0.024200000000002983	0.33745700000000006
-0.02440000000000299	0.3898822500000001
-0.024600000000002994	0.17548997500000002
-0.024800000000003	0.1630008
-0.025000000000003006	0.173850825
-0.02520000000000301	0.25337705
-0.025400000000003017	0.16224645000000001
-0.025600000000003023	0.26374275
-0.02580000000000303	0.32884250000000004
-0.026000000000003035	0.30412500000000003
-0.02620000000000304	0.43902825
-0.026400000000003046	0.4001077500000001
-0.026600000000003052	0.22917200000000001
-0.026800000000003057	0.27552375
-0.027000000000003063	0.284856
-0.02720000000000307	0.37120850000000005
-0.027400000000003075	0.31156599999999995
-0.02760000000000308	0.37863100000000005
-0.027800000000003086	0.41556800000000005
-0.028000000000003092	0.3728945
-0.028200000000003098	0.398944
-0.028400000000003103	0.44293925000000006
-0.02860000000000311	0.35336375
-0.028800000000003115	0.3500574999999999
-0.02900000000000312	0.35378375
-0.029200000000003126	0.350318
-0.029400000000003132	0.37731825
-0.029600000000003138	0.27661375000000005
-0.029800000000003143	0.290192675
-0.03000000000000315	0.29499824999999996
-0.030200000000003155	0.3538015
-0.03040000000000316	0.31632575
-0.030600000000003166	0.34921949999999996
-0.030800000000003172	0.3324745
-0.031000000000003178	0.34934974999999996
-0.031200000000003184	0.37515750000000003
-0.03140000000000319	0.37446799999999997
-0.031600000000003195	0.37959050000000005
-0.0318000000000032	0.43080475000000007
-0.032000000000003206	0.44848124999999994
-0.03220000000000321	0.42713500000000004
-0.03240000000000322	0.4084897500000001
-0.032600000000003224	0.37406775
-0.03280000000000323	0.3122645
-0.033000000000003235	0.31882125
-0.03320000000000324	0.35378275000000003
-0.03340000000000325	0.358207
-0.03360000000000325	0.36670024999999995
-0.03380000000000326	0.38568175000000005
-0.034000000000003264	0.4187815
-0.03420000000000327	0.402558
-0.034400000000003275	0.39780774999999996
-0.03460000000000328	0.40793099999999993
-0.03480000000000329	0.41321225000000006
-0.03500000000000329	0.41240225
-0.0352000000000033	0.44044374999999997
-0.035400000000003304	0.40458775
-0.03560000000000331	0.41358425
-0.035800000000003315	0.402846
-0.03600000000000332	0.3975845
-0.03620000000000333	0.42573825000000004
-0.03640000000000333	0.40414100000000003
-0.03660000000000334	0.4197775
-0.036800000000003344	0.4376972500000001
-0.03700000000000335	0.43941975
-0.037200000000003355	0.4183720000000001
-0.03740000000000336	0.4456780000000001
-0.03760000000000337	0.455075
-0.03780000000000337	0.41444125
-0.03800000000000338	0.44380624999999996
-0.038200000000003384	0.4505862499999999
-0.03840000000000339	0.4459665
-0.038600000000003395	0.4620135000000001
-0.0388000000000034	0.45256975
-0.03900000000000341	0.45461850000000004
-0.03920000000000341	0.46620425
-0.03940000000000342	0.4661017499999999
-0.039600000000003424	0.44474650000000004
-0.03980000000000343	0.44611575000000003
-0.040000000000003436	0.45846500000000007
-0.04020000000000344	0.47584350000000003
-0.04040000000000345	0.4788982500000001
-0.04060000000000345	0.4367280000000001
-0.04080000000000346	0.472472
-0.041000000000003464	0.43625275
-0.04120000000000347	0.45691925000000005
-0.041400000000003476	0.46210650000000003
-0.04160000000000348	0.45333375
-0.04180000000000349	0.44746600000000003
-0.04200000000000349	0.48060250000000004
-0.0422000000000035	0.49541050000000003
-0.042400000000003504	0.48800649999999995
-0.04260000000000351	0.46718225
-0.042800000000003516	0.4926074999999999
-0.04300000000000352	0.48720600000000003
-0.04320000000000353	0.4911267500000001
-0.04340000000000353	0.45730100000000007
-0.04360000000000354	0.457087
-0.043800000000003544	0.4372125000000001
-0.04400000000000355	0.48473775
-0.044200000000003556	0.49484225000000004
-0.04440000000000356	0.496584
-0.04460000000000357	0.49528949999999994
-0.04480000000000357	0.46764775000000003
-0.04500000000000358	0.496072
-0.045200000000003585	0.49933125000000006
-0.04540000000000359	0.49194575
-0.045600000000003596	0.51426025
-0.0458000000000036	0.5078160000000002
-0.04600000000000361	0.49770125
-0.04620000000000361	0.50654875
-0.04640000000000362	0.50559925
-0.046600000000003625	0.51241625
-0.04680000000000363	0.5178835
-0.047000000000003636	0.51347825
-0.04720000000000364	0.5168775000000001
-0.04740000000000365	0.50843975
-0.04760000000000365	0.5181725
-0.04780000000000366	0.49419050000000003
-0.048000000000003665	0.49930349999999996
-0.04820000000000367	0.5052455
-0.048400000000003676	0.5002815
-0.04860000000000368	0.508496
-0.04880000000000369	0.49591350000000006
-0.04900000000000369	0.48328475
-0.0492000000000037	0.50040225
-0.049400000000003705	0.51983875
-0.04960000000000371	0.51423275
-0.049800000000003716	0.5179765000000001
-0.05000000000000372	0.5190659999999999
-0.05020000000000373	0.5181910000000001
-0.050400000000003733	0.5062045000000001
-0.05060000000000374	0.51466125
-0.050800000000003745	0.50551525
-0.05100000000000375	0.5114295
-0.051200000000003756	0.5071920000000001
-0.05140000000000376	0.5226237499999999
-0.05160000000000377	0.5206775
-0.051800000000003774	0.511131
-0.05200000000000378	0.52369475
-0.052200000000003785	0.5162535
-0.05240000000000379	0.51281675
-0.052600000000003796	0.5049565
-0.0528000000000038	0.5159372499999999
-0.05300000000000381	0.5169710000000002
-0.053200000000003814	0.52001575
-0.05340000000000382	0.5199045
-0.053600000000003825	0.5188615000000001
-0.05380000000000383	0.5179674999999999
-0.05400000000000384	0.51392525
-0.05420000000000384	0.51930825
-0.05440000000000385	0.527476
-0.054600000000003854	0.5261442500000001
-0.05480000000000386	0.509166
-0.055000000000003865	0.5183955
-0.05520000000000387	0.5178835
-0.05540000000000388	0.5163562500000001
-0.05560000000000388	0.5185352500000001
-0.05580000000000389	0.511793
-0.056000000000003894	0.49976925
-0.0562000000000039	0.5058605
-0.056400000000003905	0.5171292500000001
-0.05660000000000391	0.5086725
-0.05680000000000392	0.5173992500000001
-0.05700000000000392	0.5182375
-0.05720000000000393	0.5180695
-0.057400000000003934	0.5167660000000001
-0.05760000000000394	0.5280070000000001
-0.057800000000003945	0.52136625
-0.05800000000000395	0.5153035
-0.05820000000000396	0.51230475
-0.05840000000000396	0.50855175
-0.05860000000000397	0.5275780000000001
-0.058800000000003974	0.51630025
-0.05900000000000398	0.527765
-0.059200000000003986	0.52484975
-0.05940000000000399	0.510163
-0.059600000000004	0.5155829999999999
-0.059800000000004	0.5130965
-0.06000000000000401	0.51695175
-0.060200000000004014	0.5181537500000001
-0.06040000000000402	0.5160487500000001
-0.060600000000004026	0.5109825
-0.06080000000000403	0.50619525
-0.06100000000000404	0.5199412500000001
-0.06120000000000404	0.5188885000000001
-0.06140000000000405	0.5127987500000001
-0.061600000000004054	0.5118395
-0.06180000000000406	0.50935225
-0.062000000000004066	0.5107959999999999
-0.06220000000000407	0.5237975000000001
-0.06240000000000408	0.5149497499999999
-0.06260000000000408	0.51928025
-0.06280000000000409	0.50428675
-0.0630000000000041	0.5121275
-0.0632000000000041	0.51405575
-0.0634000000000041	0.510498
-0.06360000000000411	0.5115222500000001
-0.06380000000000412	0.5121279999999999
-0.06400000000000412	0.518722
-0.06420000000000413	0.5077505
-0.06440000000000413	0.5072665
-0.06460000000000414	0.511485
-0.06480000000000415	0.5114105000000001
-0.06500000000000415	0.51160625
-0.06520000000000416	0.51234225
-0.06540000000000416	0.510656
-0.06560000000000417	0.5114945000000001
-0.06580000000000417	0.5175109999999999
-0.06600000000000418	0.5099580000000001
-0.06620000000000419	0.50785325
-0.06640000000000419	0.5145492500000001
-0.0666000000000042	0.518088
-0.0668000000000042	0.5069500000000001
-0.06700000000000421	0.506568
-0.06720000000000421	0.5281095
-0.06740000000000422	0.5011104999999999
-0.06760000000000423	0.50739675
-0.06780000000000423	0.506391
-0.06800000000000424	0.5059812499999999
-0.06820000000000424	0.51407475
-0.06840000000000425	0.5167282500000001
-0.06860000000000425	0.509604
-0.06880000000000426	0.5141114999999999
-0.06900000000000427	0.51305925
-0.06920000000000427	0.5117925
-0.06940000000000428	0.5086444999999999
-0.06960000000000428	0.51598325
-0.06980000000000429	0.5216000000000001
-0.0700000000000043	0.51886125
-0.0702000000000043	0.5043327500000001
-0.0704000000000043	0.518498
-0.07060000000000431	0.511932
-0.07080000000000432	0.49860475
-0.07100000000000432	0.4961555000000001
-0.07120000000000433	0.510815
-0.07140000000000433	0.51009775
-0.07160000000000434	0.4931942500000001
-0.07180000000000435	0.5018745
-0.07200000000000435	0.50568325
-0.07220000000000436	0.5157787500000001
-0.07240000000000436	0.50433275
-0.07260000000000437	0.5135810000000002
-0.07280000000000438	0.5079275
-0.07300000000000438	0.5160022500000001
-0.07320000000000439	0.5207799999999999
-0.07340000000000439	0.50615825
-0.0736000000000044	0.50718275
-0.0738000000000044	0.51107575
-0.07400000000000441	0.5141115
-0.07420000000000442	0.50448125
-0.07440000000000442	0.5092965
-0.07460000000000443	0.50621375
-0.07480000000000443	0.5143255000000001
-0.07500000000000444	0.5130965
-0.07520000000000444	0.5081045000000001
-0.07540000000000445	0.49639775
-0.07560000000000446	0.510461
-0.07580000000000446	0.5154807499999999
-0.07600000000000447	0.5104795
-0.07620000000000447	0.500039
-0.07640000000000448	0.49560625
-0.07660000000000448	0.5057762499999999
-0.07680000000000449	0.508198
-0.0770000000000045	0.497711
-0.0772000000000045	0.5085145
-0.0774000000000045	0.50624225
-0.07760000000000451	0.49541075
-0.07780000000000452	0.5001605
-0.07800000000000452	0.5035970000000001
-0.07820000000000453	0.5063535
-0.07840000000000454	0.509157
-0.07860000000000454	0.49619224999999995
-0.07880000000000455	0.49930375
-0.07900000000000455	0.5090825
-0.07920000000000456	0.511802
-0.07940000000000456	0.5061955
-0.07960000000000457	0.50276775
-0.07980000000000458	0.5007845000000001
-0.08	0.50293575
-0.0798	0.5014267500000001
-0.07959999999999999	0.50708025
-0.07939999999999998	0.49555975
-0.07919999999999998	0.50550625
-0.07899999999999997	0.4912665000000001
-0.07879999999999997	0.49165725000000005
-0.07859999999999996	0.48782975
-0.07839999999999996	0.498782
-0.07819999999999995	0.50325175
-0.07799999999999994	0.5012595000000001
-0.07779999999999994	0.49168524999999996
-0.07759999999999993	0.491695
-0.07739999999999993	0.48863074999999995
-0.07719999999999992	0.51048
-0.07699999999999992	0.493669
-0.07679999999999991	0.48919875000000007
-0.0765999999999999	0.4951405
-0.0763999999999999	0.49689125000000006
-0.07619999999999989	0.4984095
-0.07599999999999989	0.49370625
-0.07579999999999988	0.49765525000000005
-0.07559999999999988	0.49169500000000016
-0.07539999999999987	0.4869542500000001
-0.07519999999999986	0.4867122499999999
-0.07499999999999986	0.505646
-0.07479999999999985	0.4968725
-0.07459999999999985	0.497618
-0.07439999999999984	0.49281249999999993
-0.07419999999999984	0.49357600000000007
-0.07399999999999983	0.5052175000000001
-0.07379999999999982	0.4906795000000001
-0.07359999999999982	0.5065582500000001
-0.07339999999999981	0.4917787500000001
-0.0731999999999998	0.4859950000000001
-0.0729999999999998	0.49737525000000005
-0.0727999999999998	0.49430250000000003
-0.07259999999999979	0.4925885000000001
-0.07239999999999978	0.49518749999999995
-0.07219999999999978	0.51196975
-0.07199999999999977	0.494852
-0.07179999999999977	0.49369725
-0.07159999999999976	0.49163875000000007
-0.07139999999999976	0.4990892500000001
-0.07119999999999975	0.4839647500000001
-0.07099999999999974	0.498745
-0.07079999999999974	0.498214
-0.07059999999999973	0.49962975
-0.07039999999999973	0.49755299999999997
-0.07019999999999972	0.5071545
-0.06999999999999972	0.4940415
-0.06979999999999971	0.48422550000000003
-0.0695999999999997	0.48457
-0.0693999999999997	0.4984655
-0.06919999999999969	0.49839075
-0.06899999999999969	0.5036247500000001
-0.06879999999999968	0.4911825
-0.06859999999999968	0.49392050000000004
-0.06839999999999967	0.4903167499999999
-0.06819999999999966	0.48043475
-0.06799999999999966	0.472826
-0.06779999999999965	0.48634875
-0.06759999999999965	0.4988562499999999
-0.06739999999999964	0.48602275000000006
-0.06719999999999964	0.48284725
-0.06699999999999963	0.4862930000000001
-0.06679999999999962	0.48757825000000005
-0.06659999999999962	0.49257925
-0.06639999999999961	0.49082849999999995
-0.0661999999999996	0.49948075
-0.0659999999999996	0.50944575
-0.0657999999999996	0.4923465
-0.06559999999999959	0.49636050000000004
-0.06539999999999958	0.48074225
-0.06519999999999958	0.48316425
-0.06499999999999957	0.48361975
-0.06479999999999957	0.492561
-0.06459999999999956	0.49599699999999997
-0.06439999999999955	0.5017437499999999
-0.06419999999999955	0.509259
-0.06399999999999954	0.50917575
-0.06379999999999954	0.49478675000000005
-0.06359999999999953	0.49258899999999994
-0.06339999999999953	0.49131274999999996
-0.06319999999999952	0.49992774999999995
-0.06299999999999951	0.502367
-0.06279999999999951	0.4899065
-0.0625999999999995	0.48962725000000007
-0.0623999999999995	0.4910430000000001
-0.06219999999999949	0.4925792500000001
-0.061999999999999486	0.48357325
-0.06179999999999948	0.47991350000000005
-0.061599999999999475	0.4654965
-0.06139999999999947	0.47909350000000006
-0.06119999999999946	0.46693075
-0.06099999999999946	0.47178275
-0.06079999999999945	0.45463749999999997
-0.060599999999999446	0.45417175
-0.06039999999999944	0.44919850000000006
-0.060199999999999435	0.468849
-0.05999999999999943	0.47134524999999994
-0.05979999999999942	0.44558475000000003
-0.05959999999999942	0.44661850000000003
-0.05939999999999941	0.4337755000000001
-0.059199999999999406	0.4355735
-0.0589999999999994	0.44334975
-0.058799999999999394	0.44511025000000004
-0.05859999999999939	0.45055825000000005
-0.05839999999999938	0.46045825
-0.05819999999999938	0.4540505
-0.05799999999999937	0.44702825
-0.057799999999999366	0.4479507500000001
-0.05759999999999936	0.45234650000000004
-0.057399999999999354	0.45755250000000003
-0.05719999999999935	0.46541250000000006
-0.05699999999999934	0.4678340000000001
-0.05679999999999934	0.46815999999999997
-0.05659999999999933	0.467117
-0.056399999999999326	0.4319970000000001
-0.05619999999999932	0.46035575
-0.055999999999999314	0.45526149999999993
-0.05579999999999931	0.459443
-0.0555999999999993	0.46108175
-0.0553999999999993	0.45779450000000005
-0.05519999999999929	0.46016925000000003
-0.054999999999999286	0.45759924999999996
-0.05479999999999928	0.46282325
-0.054599999999999274	0.44970125000000005
-0.05439999999999927	0.42518900000000004
-0.05419999999999926	0.42218975000000003
-0.05399999999999926	0.42545924999999996
-0.05379999999999925	0.45068850000000005
-0.053599999999999245	0.43753825
-0.05339999999999924	0.437538
-0.053199999999999234	0.44286525
-0.05299999999999923	0.42982675000000015
-0.05279999999999922	0.42799249999999994
-0.05259999999999922	0.44091925000000004
-0.05239999999999921	0.43206275
-0.052199999999999205	0.40727950000000007
-0.0519999999999992	0.42014125
-0.051799999999999194	0.4319505
-0.05159999999999919	0.42700475
-0.05139999999999918	0.43148450000000005
-0.05119999999999918	0.40212050000000005
-0.05099999999999917	0.41389175
-0.050799999999999165	0.40055575
-0.05059999999999916	0.36413075
-0.050399999999999154	0.38155525000000007
-0.05019999999999915	0.3724467500000001
-0.04999999999999914	0.390888
-0.04979999999999914	0.4227492500000001
-0.04959999999999913	0.416686
-0.049399999999999125	0.413566
-0.04919999999999912	0.39745375000000005
-0.048999999999999114	0.4278525
-0.04879999999999911	0.4174122500000001
-0.0485999999999991	0.40037775000000003
-0.048399999999999097	0.41615550000000007
-0.04819999999999909	0.38468525
-0.047999999999999085	0.37462624999999994
-0.04779999999999908	0.36436300000000005
-0.047599999999999074	0.3852535
-0.04739999999999907	0.38017724999999997
-0.04719999999999906	0.38869925
-0.046999999999999056	0.39547974999999996
-0.04679999999999905	0.42049475000000003
-0.046599999999999045	0.39695125000000003
-0.04639999999999904	0.395452
-0.046199999999999034	0.3643070000000001
-0.04599999999999903	0.3498527500000001
-0.04579999999999902	0.349145
-0.045599999999999016	0.35842124999999997
-0.04539999999999901	0.36432549999999997
-0.045199999999999005	0.35356849999999995
-0.044999999999999	0.26083710000000004
-0.04479999999999899	0.3318502500000001
-0.04459999999999899	0.35063525
-0.04439999999999898	0.3736765
-0.044199999999998976	0.36365499999999995
-0.04399999999999897	0.3933745
-0.043799999999998965	0.4158665000000001
-0.04359999999999896	0.41242049999999997
-0.04339999999999895	0.39589900000000006
-0.04319999999999895	0.29667400000000005
-0.04299999999999894	0.136830675
-0.042799999999998936	0.11844632500000002
-0.04259999999999893	0.28083225
-0.042399999999998925	0.2193186
-0.04219999999999892	0.26228025000000005
-0.04199999999999891	0.271007025
-0.04179999999999891	0.37669425000000006
-0.0415999999999989	0.3049537500000001
-0.041399999999998896	0.30713275
-0.04119999999999889	0.39675650000000007
-0.040999999999998885	0.33797825000000004
-0.04079999999999888	0.30760825
-0.04059999999999887	0.161408275
-0.04039999999999887	0.14907752500000002
-0.04019999999999886	0.0854213
-0.039999999999998856	0.1028931
-0.03979999999999885	0.063591025
-0.039599999999998844	0.0707902
-0.03939999999999884	0.08847610000000002
-0.03919999999999883	0.087563425
-0.03899999999999883	0.09418507500000001
-0.03879999999999882	0.21892750000000002
-0.038599999999998816	0.07415232500000002
-0.03839999999999881	0.13355245000000002
-0.038199999999998804	0.19795400000000005
-0.0379999999999988	0.038268300000000005
-0.03779999999999879	0.020330877250000004
-0.03759999999999879	0.039618702500000005
-0.03739999999999878	0.1670893
-0.037199999999998776	0.028358925000000004
-0.03699999999999877	0.0286196975
-0.036799999999998764	0.03623797000000001
-0.03659999999999876	0.1410402
-0.03639999999999875	0.130926075
-0.03619999999999875	0.04157445000000001
-0.03599999999999874	0.04011225
-0.035799999999998736	0.048689834999999994
-0.03559999999999873	0.058366249999999995
-0.035399999999998724	0.06377732500000001
-0.03519999999999872	0.0331366275
-0.03499999999999871	0.153035725
-0.03479999999999871	0.15006475
-0.0345999999999987	0.022091125
-0.034399999999998696	0.022985170250000003
-0.03419999999999869	0.0294113325
-0.033999999999998684	0.0260026825
-0.03379999999999868	0.013858154250000001
-0.03359999999999867	0.04393076249999999
-0.03339999999999867	0.155354625
-0.03319999999999866	0.214540925
-0.032999999999998655	0.030594127500000002
-0.03279999999999865	0.19270104999999998
-0.032599999999998644	0.23915582500000002
-0.03239999999999864	0.27388475
-0.03219999999999863	0.06727907500000001
-0.03199999999999863	0.03461743925000001
-0.03179999999999862	0.0231062425
-0.031599999999998615	0.018710390000000004
-0.03139999999999861	0.024745365000000002
-0.031199999999998604	0.019408865
-0.030999999999998598	0.01860795
-0.030799999999998592	0.08854129999999999
-0.030599999999998587	0.09645759999999999
-0.03039999999999858	0.14138485000000003
-0.030199999999998575	0.12186425000000002
-0.02999999999999857	0.1425583
-0.029799999999998564	0.167638875
-0.029599999999998558	0.030510285000000005
-0.029399999999998552	0.0260585525
-0.029199999999998547	0.07168425
-0.02899999999999854	0.0375138375
-0.028799999999998535	0.09119557499999999
-0.02859999999999853	0.0782501
-0.028399999999998524	0.077933425
-0.028199999999998518	0.08981727500000002
-0.027999999999998512	0.1375571
-0.027799999999998506	0.11877230000000003
-0.0275999999999985	0.0087451625
-0.027399999999998495	0.06910455
-0.02719999999999849	0.057714350000000005
-0.026999999999998484	0.0477491725
-0.026799999999998478	0.025900235
-0.026599999999998472	0.030771077499999997
-0.026399999999998466	0.028042302499999998
-0.02619999999999846	0.031059795
-0.025999999999998455	0.173208225
-0.02579999999999845	0.17732467500000001
-0.025599999999998443	0.015394842499999999
-0.025399999999998438	0.0123121575
-0.025199999999998432	0.017732474
-0.024999999999998426	-0.0021606825000000003
-0.02479999999999842	0.005466881349999999
-0.024599999999998415	0.0279118975
-0.02439999999999841	-0.00030735499999999896
-0.024199999999998403	0.006472720099999999
-0.023999999999998398	0.01553452875
-0.023799999999998392	-0.0008568307500000003
-0.023599999999998386	0.08837357500000001
-0.02339999999999838	0.018933888250000003
-0.023199999999998375	0.0003725324999999995
-0.02299999999999837	0.0033062000000000005
-0.022799999999998363	0.02595608325
-0.022599999999998358	0.009071124250000001
-0.022399999999998352	0.0044610525
-0.022199999999998346	0.019837265
-0.02199999999999834	0.012284200000000002
-0.021799999999998335	0.021737195
-0.02159999999999833	0.026039935
-0.021399999999998323	0.0643734175
-0.021199999999998317	0.11814827500000001
-0.02099999999999831	0.007189857500000002
-0.020799999999998306	-0.001536685
-0.0205999999999983	0.004991925000000001
-0.020399999999998294	0.017639335500000002
-0.02019999999999829	0.009946565000000001
-0.019999999999998283	0.00393950675
-0.019799999999998277	0.00020489250000000036
-0.01959999999999827	-0.002672908
-0.019399999999998266	0.006593801750000001
-0.01919999999999826	-0.0027846650000000004
-0.018999999999998254	0.0015459989500000001
-0.01879999999999825	0.00207685625
-0.018599999999998243	0.005345822
-0.018399999999998237	0.0005587982500000008
-0.01819999999999823	0.0008102604999999998
-0.017999999999998226	-0.008391251999999998
-0.01779999999999822	0.001415627500000001
-0.017599999999998214	0.0032596459999999997
-0.01739999999999821	-0.009704427500000001
-0.017199999999998203	0.0088662575
-0.016999999999998197	0.010551927000000001
-0.01679999999999819	-0.0062678225
-0.016599999999998186	-0.003995393750000001
-0.01639999999999818	0.00382776245
-0.016199999999998174	0.001071034
-0.01599999999999817	0.0011548534999999997
-0.015799999999998163	-0.0032782775
-0.015599999999998157	-0.0021327474999999997
-0.015399999999998151	0.0037998100000000003
-0.015199999999998146	-0.0028591849999999998
-0.01499999999999814	-1.8643250000000056e-05
-0.014799999999998134	0.008326070000000001
-0.014599999999998128	0.016307535
-0.014399999999998123	0.010151467249999999
-0.014199999999998117	0.0090059365
-0.013999999999998111	0.011939630000000001
-0.013799999999998105	-0.0048801595
-0.0135999999999981	0.00267292125
-0.013399999999998094	0.003827785
-0.013199999999998088	-0.00724570525
-0.012999999999998083	0.002868485
-0.012799999999998077	0.002151373
-0.012599999999998071	0.005252688500000002
-0.012399999999998065	0.00861477
-0.01219999999999806	-0.0033713949999999997
-0.011999999999998054	0.0001955524999999996
-0.011799999999998048	0.0004936067500000001
-0.011599999999998042	0.005140931
-0.011399999999998037	0.00518751975
-0.011199999999998031	0.00473116
-0.010999999999998025	-0.0119023455
-0.01079999999999802	0.00565316285
-0.010599999999998014	0.0023935024999999993
-0.010399999999998008	0.00711534675
-0.010199999999998002	0.0023469507500000005
-0.009999999999997997	-0.00135042575
-0.009799999999997991	0.00409784475
-0.009599999999997985	-0.0023655777500000003
-0.00939999999999798	0.016186475000000002
-0.009199999999997974	0.007208479500000001
-0.008999999999997968	0.0012759165500000002
-0.008799999999997962	0.0062771575
-0.008599999999997957	0.0022445086000000007
-0.00839999999999795	0.004107167499999999
-0.008199999999997945	0.0013597272500000001
-0.00799999999999794	0.0007916317500000007
-0.007799999999997934	0.0097137675
-0.007599999999997928	-0.005047797250000001
-0.007399999999997922	0.0077020725000000005
-0.007199999999997916	-0.0037253200000000007
-0.006999999999997911	0.010905842499999999
-0.006799999999997905	-0.0024959532500000003
-0.006599999999997899	-0.0006891850000000003
-0.0063999999999978935	0.00012107249999999991
-0.006199999999997888	0.003781192750000001
-0.005999999999997882	0.007273677500000001
-0.005799999999997876	0.0006240024999999995
-0.005599999999997871	0.012219025000000001
-0.005399999999997865	0.009844143750000001
-0.005199999999997859	0.010347056250000004
-0.004999999999997853	0.0132248625
-0.004799999999997848	-0.008447145750000001
-0.004599999999997842	-0.0009499567000000006
-0.004399999999997836	0.005597272750000001
-0.0041999999999978305	-0.0050012325
-0.003999999999997825	-0.00036321315
-0.003799999999997819	0.00270085575
-0.0035999999999978133	0.0014435567500000004
-0.0033999999999978076	-0.004619376500000001
-0.003199999999997802	-0.0048056272500000006
-0.002999999999997796	-0.0024587079999999996
-0.0027999999999977904	0.007087421750000001
-0.0025999999999977846	0.0033807305000000004
-0.002399999999997779	-0.001499439999999999
-0.002199999999997773	0.0007264332500000006
-0.0019999999999977675	0.028321720250000005
-0.0017999999999977617	0.0027753550000000006
-0.001599999999997756	0.0010151487499999998
-0.0013999999999977503	-0.00389294475
-0.0011999999999977445	-0.002915056000000001
-0.0009999999999977388	-0.0005308557499999997
-0.0007999999999977331	0.0013969979999999996
-0.0005999999999977274	-0.005280620000000001
-0.0003999999999977216	-0.0005401667500000002
-0.0001999999999977159	0.018142252000000005
0.0	-0.00012107075
