Initial Temperature (K)	0.0193351
Excitation Current (A)	2e-07
Field (T)	Resistance (Ohms)
0	0.016847710000000002
1	0.0173785825
2	0.017229565
3	0.018347157500000003
4	0.012498427500000003
5	0.013373875999999998
6	0.013699832250000002
7	0.0119116675
8	0.013932652500000002
9	0.0092015185
10	0.008270206750000002
11	0.010524012499999999
12	0.020088725500000005
13	0.010412244099999999
14	0.014491479750000001
15	0.0092387515
16	0.010477432000000002
17	0.021783750750000008
18	0.006612439749999999
19	0.01948335
20	0.0101049225
21	0.014938499500000002
22	0.022594000000000003
23	0.017527590000000003
24	0.0031478699999999992
25	0.005653152650000001
26	0.012097960000000003
27	0.0037625755
28	0.015571807500000001
29	0.008484411750000002
30	0.00947159275
31	0.016829101000000003
32	0.006528621000000001
33	0.004619382
34	0.0080466685
35	0.011920978499999998
36	0.011809237500000003
37	0.012666074999999999
38	0.01356013575
39	0.019911802249999996
40	0.03741144500000001
41	0.03360235
42	0.0554699
43	0.043455785000000004
44	0.030193665
45	0.016847696
46	0.021401902500000004
47	0.003585621600000001
48	0.24838502500000004
49	0.0347385525
50	0.022761629250000005
51	0.0072364108000000016
52	0.014482145000000002
53	0.01726683775
54	0.0021141115499999992
55	0.22974012500000004
56	0.2913935
57	0.009434357950000001
58	0.020954862499999994
59	0.02091760025
60	0.43916825000000004
61	0.024223870000000005
62	0.022184255
63	0.024633615999999997
64	0.284372125
65	0.44823899999999994
66	0.03883636249999999
67	0.026580110000000004
68	0.19993755
69	0.32233200000000006
70	0.3223415
71	0.1814224
72	0.0239258525
73	0.42289775000000007
74	0.4221990000000001
75	0.40532325
76	0.4831824999999999
77	0.0240096525
78	0.32707275
79	0.38963050000000005
80	0.18008142500000002
81	0.230848275
82	0.0738543
83	0.427833925
84	0.28997812500000003
85	0.24471562499999996
86	0.32286299999999996
87	0.25265090000000007
88	0.274453275
89	0.20945575000000002
90	0.3641205
91	0.39816150000000006
92	0.2156114
93	0.34555025
94	0.08911870000000001
95	0.08092297500000001
96	0.0724107
97	0.07804525000000001
98	0.10048097500000001
99	0.401133
100	0.39756525
101	0.38272000000000006
102	0.17780887500000003
103	0.43718425000000005
104	0.4538545000000001
105	0.43986675
106	0.35813249999999996
107	0.32716575000000003
108	0.5068752500000001
109	0.5257339999999999
110	0.40630175
111	0.4184275000000001
112	0.39526500000000003
113	0.53865225
114	0.5065492500000001
115	0.5024235
116	0.5598672500000001
117	0.5574650000000001
118	0.5179110000000001
119	0.5808315000000001
120	0.6055487500000001
121	0.6164265
122	0.5966825000000001
123	0.6595372500000001
124	0.6421685
125	0.5954157500000001
126	0.624073
127	0.5997932500000001
128	0.54781625
129	0.61458275
130	0.5003000000000001
131	0.6081005
132	0.604012
133	0.56729025
134	0.5732137500000001
135	0.5958815
136	0.64557675
137	0.6399797500000001
138	0.6597520000000001
139	0.6788625
140	0.537525
141	0.56862175
142	0.6544154999999998
143	0.5796674999999999
144	0.60248475
145	0.5833462500000001
146	0.645819
147	0.6716170000000001
148	0.65894125
149	0.6971725000000001
150	0.62810575
151	0.6147692499999999
152	0.6545832500000002
153	0.68069725
154	0.63798625
155	0.6130555000000001
156	0.6439100000000001
157	0.6540237499999999
158	0.638229
159	0.53145275
160	0.5397042500000001
161	0.5260042500000001
162	0.6558865
163	0.64526
164	0.6912585
165	0.70297425
166	0.7118592500000002
167	0.7045020000000001
168	0.7024247500000002
169	0.65878325
170	0.6587735000000001
171	0.655831
172	0.7224485
173	0.6943320000000002
174	0.732693
175	0.6837335
176	0.6899920000000002
177	0.686974
178	0.6635242500000001
179	0.6471324999999999
180	0.70860925
181	0.6899455000000002
182	0.7176152500000001
183	0.6926365000000001
184	0.6983550000000001
185	0.7171865
186	0.7117755
187	0.70456675
188	0.6950675000000001
189	0.70727725
190	0.6761244999999999
191	0.6737870000000001
192	0.71030375
193	0.7034217500000001
194	0.706663
195	0.7197939999999999
196	0.70050625
197	0.6905695000000001
198	0.7015965
199	0.7072495000000001
200	0.7271797499999999
201	0.7224109999999999
202	0.729247
203	0.6973865
204	0.6530187500000001
205	0.7025367500000002
206	0.6833237500000001
207	0.7056012500000002
208	0.69854175
209	0.6934377500000001
210	0.7014377500000001
211	0.7341272499999999
212	0.71347075
213	0.7359157500000001
214	0.7334565000000001
215	0.7187792500000001
216	0.7057965
217	0.7086457500000002
218	0.7061687499999999
219	0.688409
220	0.6944155
221	0.70649475
222	0.7283905
223	0.7203905
224	0.7099870000000001
225	0.706858
226	0.7133405
227	0.7032165
228	0.72778475
229	0.7118690000000001
230	0.7218152500000001
231	0.71131
232	0.6947045
233	0.7244879999999999
234	0.7353940000000001
235	0.7316315
236	0.7193752500000001
237	0.70266725
238	0.70339375
239	0.68815725
240	0.7261087500000001
241	0.718267
242	0.7226160000000001
243	0.7305695
244	0.74278875
245	0.7265275
246	0.7418195000000002
247	0.7279435
248	0.7275895
249	0.7102292500000001
250	0.715175
251	0.72144275
252	0.7234262499999999
253	0.7242645
254	0.71892825
255	0.72678825
256	0.7195057499999998
257	0.7383645
258	0.7218245
259	0.73856075
260	0.7255590000000001
261	0.726695
262	0.7198032499999999
263	0.7240315000000002
264	0.7327115000000001
265	0.7155004999999999
266	0.7238737500000001
267	0.72399425
268	0.73243225
269	0.717261
270	0.7260437500000001
271	0.72730975
272	0.71284625
273	0.7286415
274	0.7388022500000001
275	0.7215167499999999
276	0.72065975
277	0.733196
278	0.73192025
279	0.7283340000000001
280	0.7195239999999998
281	0.72792475
282	0.72901475
283	0.7205207499999999
284	0.7323390000000001
285	0.7361012499999999
286	0.7324414999999999
287	0.7313615
288	0.731054
289	0.7288745000000002
290	0.72248575
291	0.72072575
292	0.731175
293	0.73959425
294	0.7251212499999999
295	0.7346585
296	0.7366602500000002
297	0.728232
298	0.718956
299	0.73329825
300	0.7301225000000002
301	0.7314449999999999
302	0.7295915000000001
303	0.7463837500000001
304	0.7344907500000002
305	0.73396875
306	0.73618575
307	0.74062825
308	0.727757
309	0.7335962500000001
310	0.7309327500000002
311	0.7311562500000001
312	0.6788902499999999
313	0.7308487500000002
314	0.7321340000000001
315	0.7282597500000001
316	0.72598775
317	0.74306775
318	0.72555875
319	0.7299267500000001
320	0.7400315000000001
321	0.7336335000000002
322	0.73883025
323	0.72808325
324	0.7358875
325	0.7274590000000001
326	0.73769425
327	0.7249254999999999
328	0.74119625
329	0.73593375
330	0.7384762500000001
331	0.7338385000000001
332	0.7419692499999999
333	0.7346679999999999
334	0.7236125
335	0.73042075
336	0.7354217500000001
337	0.7327672500000001
338	0.73558025
339	0.72683475
340	0.73981825
341	0.7247485
342	0.730169
343	0.73586
344	0.73242275
345	0.7387465
346	0.7286510000000002
347	0.7200547500000002
348	0.7485164999999999
349	0.7336710000000001
350	0.7216475000000001
351	0.7317240000000002
352	0.73992
353	0.7367535000000001
354	0.7403949999999999
355	0.730076
356	0.748144
357	0.73395025
358	0.7445022500000001
359	0.7434035
360	0.7397715000000002
361	0.7292287500000001
362	0.7346767500000001
363	0.7350027500000001
364	0.7361947499999999
365	0.73029025
366	0.7488797500000001
367	0.730318
368	0.7393709999999999
369	0.7485635
370	0.7266115
371	0.7391095
372	0.7384865
373	0.7509105000000001
374	0.7317619999999999
375	0.72519575
376	0.7393335000000001
377	0.7000775
378	0.74470675
379	0.73017825
380	0.73931475
381	0.737526
382	0.72679775
383	0.7297222500000001
384	0.73447225
385	0.7288557500000001
386	0.7367255
387	0.7298527500000002
388	0.727319
389	0.7342115000000001
390	0.72677925
391	0.73866275
392	0.7271795
393	0.7338760000000001
394	0.7291259999999999
395	0.7342297499999999
396	0.7291352500000001
397	0.7306812500000001
398	0.7286885000000001
399	0.7282874999999999
400	0.7446702500000001
401	0.7391932500000001
402	0.7363255000000001
403	0.7215825000000001
404	0.7361297499999999
405	0.7351422500000001
406	0.7451357499999999
407	0.73032725
408	0.7265555
409	0.7292384999999999
410	0.73127725
411	0.7214330000000001
412	0.7217687500000001
413	0.7299175000000001
414	0.73358725
415	0.7401994999999999
416	0.7332704999999998
417	0.728716
418	0.7207255
419	0.7351795
420	0.7315105000000002
421	0.7287165
422	0.73338275
423	0.7319017500000001
424	0.7285395000000002
425	0.72106075
426	0.7276637499999999
427	0.73063525
428	0.7280267500000001
429	0.72215975
430	0.72853025
431	0.7254100000000001
432	0.725112
433	0.73748
434	0.7213405
435	0.7255032500000002
436	0.72842725
437	0.7230165
438	0.7061690000000002
439	0.71958025
440	0.712902
441	0.7265465
442	0.72202025
443	0.7359244999999999
444	0.7263234999999999
445	0.723203
446	0.7125857500000001
447	0.7257547500000001
448	0.7190302499999999
449	0.7073142500000001
450	0.7374892500000001
451	0.7172145000000001
452	0.7193285
453	0.71146825
454	0.71920775
455	0.7274685
456	0.70881425
457	0.7176147500000001
458	0.7052935000000001
459	0.6983182499999999
460	0.70699775
461	0.7013354999999999
462	0.71564075
463	0.7220295
464	0.7230260000000002
465	0.7169445
466	0.7136570000000002
467	0.7043620000000002
468	0.7083295000000001
469	0.7048372500000002
470	0.6960362500000001
471	0.6968932499999998
472	0.6972655
473	0.7120830000000002
474	0.7238735
475	0.7182109999999998
476	0.71356325
477	0.7029650000000001
478	0.6975355000000001
479	0.716311
480	0.7221967499999999
481	0.7218152499999999
482	0.7225140000000002
483	0.726304
484	0.7274405000000002
485	0.7195797500000001
486	0.7120175000000002
487	0.6949275000000001
488	0.7018007500000002
489	0.7138992499999999
490	0.68922825
491	0.7038034999999999
492	0.71316325
493	0.70828325
494	0.7025275000000001
495	0.7117847500000001
496	0.6967530000000001
497	0.69300925
498	0.6777074999999999
499	0.70082325
500	0.71553775
501	0.6986904999999999
502	0.6968650000000001
503	0.6930375
504	0.67998925
505	0.6902710000000001
506	0.698532
507	0.6887712500000001
508	0.6963714999999999
509	0.7016055000000001
510	0.7104625000000001
511	0.71009925
512	0.6910535
513	0.695068
514	0.6587740000000001
515	0.68036175
516	0.6473285
517	0.6560544999999999
518	0.6945185
519	0.6884925000000002
520	0.692693
521	0.7018570000000001
522	0.70263925
523	0.70889775
524	0.6964920000000001
525	0.63340525
526	0.6740475
527	0.6967252500000001
528	0.6780797499999999
529	0.6837055000000001
530	0.6762727500000001
531	0.6787975
532	0.70326325
533	0.6588854999999999
534	0.664166
535	0.661363
536	0.663598
537	0.6678077499999999
538	0.6625177499999999
539	0.6415075
540	0.6156165000000001
541	0.6598080000000002
542	0.6777540000000001
543	0.7079755
544	0.67915125
545	0.69378275
546	0.62920475
547	0.62119525
548	0.61860625
549	0.63640325
550	0.6307600000000001
551	0.63235225
552	0.6961482500000001
553	0.5938145000000001
554	0.63943975
555	0.6515565000000001
556	0.6489017500000002
557	0.66696925
558	0.6581965
559	0.6647250000000001
560	0.56176775
561	0.5507777500000001
562	0.5488407500000001
563	0.5465122499999999
564	0.54296375
565	0.5747595
566	0.68180525
567	0.6467135
568	0.6535397499999999
569	0.552966
570	0.552072
571	0.5028895000000001
572	0.5664242500000001
573	0.570084
574	0.5687149999999999
575	0.68494425
576	0.6915005000000001
577	0.39440875000000003
578	0.5730357500000001
579	0.5698137500000001
580	0.53309225
581	0.49338025
582	0.6078960000000001
583	0.6949185
584	0.6706295
585	0.45283049999999997
586	0.48349900000000007
587	0.49432100000000007
588	0.50831875
589	0.5021435000000001
590	0.5920545
591	0.7046692499999999
592	0.6890232500000002
593	0.5783822500000001
594	0.5733809999999999
595	0.6380422499999999
596	0.6437514999999999
597	0.64168425
598	0.5141577500000001
599	0.5139530000000001
600	0.4648077500000001
601	0.22784964999999996
602	0.23604512500000005
603	0.45802774999999996
604	0.5751037499999999
605	0.56277325
606	0.1930363
607	0.17844232499999996
608	0.37242850000000005
609	0.376964
610	0.18552972500000003
611	0.22201905
612	0.15574580000000002
613	0.15089362499999998
614	0.14823935000000002
615	0.28455775000000005
616	0.47941950000000005
617	0.58584225
618	0.601283
619	0.33601349999999996
620	0.26269957499999996
621	0.06686929999999999
622	0.06397287499999998
623	0.06427089999999999
624	0.18913402499999996
625	0.5583680000000001
626	0.6094417499999999
627	0.19862435
628	0.12276757499999999
629	0.5163465
630	0.034813057499999994
631	0.047954075
632	0.0291971116
633	0.0189059625
634	0.0135787625
635	0.016586945250000002
636	0.66475325
637	0.6579259999999999
638	0.49909875
639	0.23445257499999997
640	0.23898812500000002
641	0.09863697500000003
642	0.3308627499999999
643	0.30984325
644	0.58542325
645	0.59087125
646	0.028219208500000002
647	0.17918734999999997
648	0.5976325
649	0.58295475
650	0.6316164999999999
651	0.6436777500000003
652	0.6571809999999999
653	0.053160175000000004
654	0.1373894
655	0.52201825
656	0.5006355
657	0.503364
658	0.0300911775
659	0.017956005
660	0.02361848
661	0.014780165750000001
662	0.007841763100000001
663	0.01145533
664	0.0148826075
665	0.013429745250000003
666	0.0186638166
667	0.01702464375
668	0.020079422500000003
669	0.035278697500000004
670	0.592352
671	0.43218225999999993
672	0.28764025000000004
673	0.05352337750000001
674	0.5079645
675	0.46602675
676	0.49175075000000007
677	0.010207365
678	0.29660900000000007
679	0.31257215000000005
680	0.3466955
681	0.35278717500000006
682	0.45747775
683	0.33642377500000004
684	0.22029590000000002
685	0.01722025
686	0.018691757500000006
687	0.01518996075
688	0.018170217500000002
689	0.01812365
690	0.022910667500000002
691	0.022444987500000003
692	0.021979310000000002
693	0.012451847250000002
694	0.019241235
695	0.020573005000000002
696	0.0080839265
697	0.011390132000000002
698	0.0122842075
699	0.023329762500000004
700	0.019203989999999997
701	0.3880652500000001
702	0.11934032500000001
703	0.017015345
704	0.0128989025
705	0.00730159325
706	0.010142168750000003
707	0.01465911
708	0.011492570000000002
709	0.014379695250000001
710	0.013541512500000002
711	0.012209698750000003
712	0.018691722500000004
713	0.0239164975
714	0.016316847
715	0.009005930500000002
716	0.01623305
717	0.007618261750000002
718	0.013746416249999999
719	0.018933904749999998
720	0.012097953500000001
721	0.012992015250000002
722	0.01785354425
723	0.0201725515
724	0.008950057499999999
725	0.0138395175
726	0.0182353625
727	0.009881398000000001
728	0.02074066225
729	0.01898976225
730	0.01057990325
731	0.023339092500000005
732	0.025844320000000004
733	0.01705262625
734	0.009145649500000002
735	0.00923877375
736	0.0180770565
737	0.0118557875
738	0.011893073250000002
739	0.015571802250000003
740	0.0049732875000000005
741	0.01774179275
742	0.0146590641
743	0.007646193500000001
744	0.017937365
745	0.019418170000000002
746	0.016670789499999998
747	0.0176020825
748	0.00690113675
749	0.027790795
750	0.007394734750000003
751	0.01730406
752	0.0160001975
753	0.008773106000000001
754	0.00785109
755	0.015450712499999998
756	0.0168384067
757	0.023329754
758	0.016028164999999997
759	0.016801128250000002
760	0.005485504999999999
761	0.004293418750000001
762	0.0126660725
763	0.007534451750000001
764	0.013215520000000001
765	0.013643959000000004
766	0.016773206750000002
767	0.00583941625
768	0.015767359999999998
769	0.0196975775
770	0.019557902500000002
771	0.019120166600000002
772	0.0226591825
773	0.011632288250000001
774	0.00959266915
775	0.0044144895
776	0.0172575275
777	0.013532191750000002
778	0.019194666000000003
779	0.022826870000000003
780	0.010533312500000001
781	0.015068870000000003
782	0.00872652875
783	-0.0011268975000000006
784	0.01603745375
785	0.015609077499999999
786	0.014975752
787	0.013066547500000003
788	0.019231925
789	0.0179187475
790	0.00365080175
791	0.018319204000000002
792	0.009425030000000001
793	0.008652027500000001
794	0.005792852750000002
795	0.0146032045
796	0.0204333275
797	0.0160281525
798	0.015422784250000002
799	0.0137184475
800	0.00831674935
801	0.001033776
802	0.016838411499999997
803	0.01646586475
804	0.011604349250000002
805	0.0177324845
806	0.026785005
807	0.0191946625
808	0.0183099425
809	0.01487331875
810	0.010766155
811	0.017089880000000002
812	0.019362301250000002
813	0.014100322249999998
814	0.00948090925
815	0.0165497025
816	0.016195789999999998
817	0.00610951575
818	0.00759963025
819	0.01664284
820	0.01196754575
821	0.0169781
822	0.0073016115
823	0.0066124322499999996
824	0.012088634000000003
825	0.0228454575
826	0.0090338775
827	0.024782617500000003
828	0.018579963750000004
829	0.01491053
830	0.01364395825
831	0.0225008825
832	0.025825745
833	0.0151527125
834	0.020926955000000004
835	0.008605465500000001
836	0.024465984499999996
837	0.00906181725
838	0.015273805250000003
839	0.025713962500000003
840	0.02848001
841	0.0381379
842	0.007059470250000001
843	0.0097789455
844	0.011324936249999999
845	0.009788238150000001
846	0.00420961475
847	0.0251365225
848	0.0108499675
849	0.0186358575
850	0.022612682499999995
851	0.017285405
852	0.04893197500000001
853	0.020051507500000003
854	0.02208180275
855	0.036452162499999996
856	0.028386920000000003
857	0.033648880000000006
858	0.01332733
859	0.030752432500000006
860	0.15636060000000002
861	0.063497975
862	0.014267940000000003
863	0.022025906999999997
864	0.17528505000000003
865	0.0172854425
866	0.017546234000000004
867	0.016484525
868	0.017574172250000006
869	0.448062
870	0.026077192500000002
871	0.013979239250000003
872	0.050319665
873	0.05122305
874	0.011166624250000002
875	0.0067800625
876	0.30971275
877	0.012740548499999999
878	0.017583465000000006
879	0.5723655
880	0.04913684000000001
881	0.0385942
882	0.04131365000000001
883	0.154209125
884	0.22078070000000005
885	0.039311374999999996
886	0.0284613825
887	0.19809355
888	0.0555537
889	0.041052905
890	0.27752645000000004
891	0.2918785000000001
892	0.28246229999999994
893	0.24069245000000003
894	0.3396830000000001
895	0.38178874999999995
896	0.516589
897	0.27998525
898	0.26961955
899	0.2973545
900	0.31436
901	0.34054
902	0.57114575
903	0.4146270000000001
904	0.49369725000000003
905	0.54823575
906	0.54445375
907	0.569516
908	0.24185675000000004
909	0.39801225
910	0.30801775
911	0.38384675
912	0.474465
913	0.5754577500000001
914	0.5016875000000001
915	0.40958925000000007
916	0.41120975000000004
917	0.4918625000000001
918	0.41279299999999997
919	0.57497325
920	0.644301
921	0.49510325
922	0.6180752500000001
923	0.6034349999999999
924	0.34735725
925	0.35434150000000003
926	0.5630987500000001
927	0.5389780000000001
928	0.5514015000000001
929	0.64589375
930	0.63019225
931	0.650262
932	0.6728085000000001
933	0.65546775
934	0.6272860000000001
935	0.6005007499999999
936	0.4698275
937	0.558014
938	0.635565
939	0.5982472500000001
940	0.6328925000000002
941	0.66360725
942	0.6010225
943	0.5847525
944	0.60051
945	0.5865305000000001
946	0.5790900000000001
947	0.5372175000000001
948	0.516086
949	0.51741775
950	0.56846375
951	0.6041237500000001
952	0.6087805
953	0.617153
954	0.5999515
955	0.61985375
956	0.62636375
957	0.68603375
958	0.6486595000000002
959	0.64580075
960	0.6656842500000001
961	0.66156825
962	0.6603665000000001
963	0.6579915000000001
964	0.5785494999999999
965	0.58060825
966	0.60947875
967	0.6795332500000002
968	0.6806412499999999
969	0.6854657500000001
970	0.66570325
971	0.6830442500000001
972	0.6610002499999998
973	0.6581867500000002
974	0.670881
975	0.668702
976	0.672744
977	0.66064575
978	0.7038965
979	0.6872912499999999
980	0.63916975
981	0.6285337500000001
982	0.6716635000000001
983	0.6448595
984	0.6429415
985	0.6267084999999999
986	0.6414605000000002
987	0.6201800000000001
988	0.6833515
989	0.6928325
990	0.69020575
991	0.7079665000000002
992	0.6955612499999999
993	0.67143075
994	0.65637125
995	0.6937545
996	0.6965017500000001
997	0.69877425
998	0.6927109999999999
999	0.67974725
1000	0.7111517500000001
1001	0.6969584999999999
1002	0.68714225
1003	0.691389
1004	0.6704899999999999
1005	0.6606087500000001
1006	0.6854564999999999
1007	0.6955055000000001
1008	0.6593140000000001
1009	0.6749885000000002
1010	0.672576
1011	0.7136100000000001
1012	0.7109185000000001
1013	0.7117570000000002
1014	0.7226065000000002
1015	0.727068
1016	0.6949559999999999
1017	0.6703690000000002
1018	0.6793187500000001
1019	0.70249025
1020	0.7047995000000001
1021	0.6999102500000001
1022	0.70653225
1023	0.68952625
1024	0.7070350000000001
1025	0.7062897499999999
1026	0.7103322499999999
1027	0.6999667500000001
1028	0.6871327500000001
1029	0.700795
1030	0.6709465
1031	0.6970142500000001
1032	0.7138522500000001
1033	0.70343975
1034	0.7164972500000001
1035	0.7234074999999999
1036	0.7085622500000001
1037	0.717019
1038	0.69353025
1039	0.6931027500000002
1040	0.696586
1041	0.70174525
1042	0.695524
1043	0.7136942500000001
1044	0.70486525
1045	0.7068767499999998
1046	0.7051072500000001
1047	0.7077895000000002
1048	0.7125670000000001
1049	0.7100897500000001
1050	0.7261642500000001
1051	0.7185647500000001
1052	0.7038500000000001
1053	0.70249025
1054	0.7182202500000001
1055	0.72279275
1056	0.7176894999999999
1057	0.7170839999999999
1058	0.7211442499999999
1059	0.72435775
1060	0.72788725
1061	0.71035975
1062	0.7186022499999999
1063	0.71217575
1064	0.7136475000000001
1065	0.72748725
1066	0.71753125
1067	0.7057682500000001
1068	0.7164415
1069	0.7307564999999999
1070	0.72035275
1071	0.7291262500000001
1072	0.7183967500000001
1073	0.7352355
1074	0.72337075
1075	0.7126977500000001
1076	0.72320275
1077	0.69604575
1078	0.7071372499999999
1079	0.70036675
1080	0.7145320000000001
1081	0.7121107500000001
1082	0.7231190000000001
1083	0.72479575
1084	0.7299085
1085	0.7288187500000001
1086	0.72453475
1087	0.71263275
1088	0.7260625
1089	0.7237245000000003
1090	0.7175595
1091	0.7159475000000001
1092	0.7293675000000002
1093	0.7224670000000001
1094	0.7168135
1095	0.7168235000000002
1096	0.7212840000000001
1097	0.7157525000000001
1098	0.71920675
1099	0.7131725
1100	0.7172797500000001
1101	0.72767325
1102	0.7213587499999999
1103	0.7231749999999999
1104	0.7236590000000003
1105	0.72523275
1106	0.7270680000000002
1107	0.7175215
1108	0.7207349999999999
1109	0.7191052499999999
1110	0.732907
1111	0.71347025
1112	0.71155225
1113	0.72223375
1114	0.7144762500000001
1115	0.7248607499999999
1116	0.7367445
1117	0.7307000000000001
1118	0.7182855000000002
1119	0.7181175000000001
1120	0.72242975
1121	0.7213772500000002
1122	0.7262202500000001
1123	0.72629475
1124	0.719319
1125	0.7258942500000001
1126	0.7196827499999999
1127	0.7319857499999999
1128	0.7323485000000001
1129	0.7160505
1130	0.72786875
1131	0.71140325
1132	0.721927
1133	0.7203997500000001
1134	0.7248605
1135	0.73613025
1136	0.7191607499999999
1137	0.7257820000000001
1138	0.7263042499999999
1139	0.7279617500000002
1140	0.7217870000000001
1141	0.7213122500000001
1142	0.7235385000000001
1143	0.7273470000000001
1144	0.7240502499999999
1145	0.7226160000000001
1146	0.7293405
1147	0.7262855
1148	0.72508375
1149	0.7342765
1150	0.72785
1151	0.7234542500000001
1152	0.7263317499999999
1153	0.7305137500000001
1154	0.731687
1155	0.7164600000000001
1156	0.7285112499999999
1157	0.72780325
1158	0.7227560000000001
1159	0.7257452500000001
1160	0.7441580000000002
1161	0.72274625
1162	0.732125
1163	0.7313702500000002
1164	0.7281015000000001
1165	0.73103525
1166	0.71751275
1167	0.7283992499999999
1168	0.7307742500000001
1169	0.7226255
1170	0.7391937499999999
1171	0.7264160000000001
1172	0.7166089999999999
1173	0.7227747499999999
1174	0.7260995
1175	0.73758275
1176	0.7282877499999999
1177	0.719347
1178	0.713806
1179	0.7297777499999999
1180	0.7261275
1181	0.7448660000000001
1182	0.7313332500000002
1183	0.7297967500000001
1184	0.7210515000000001
1185	0.72964725
1186	0.7362877499999999
1187	0.72316575
1188	0.73330775
1189	0.720092
1190	0.7355430000000002
1191	0.7295355000000001
1192	0.73042025
1193	0.72947975
1194	0.7323947500000001
1195	0.73734075
1196	0.7293959999999999
1197	0.7324697499999999
1198	0.7197197500000001
1199	0.724628
1200	0.734835
1201	0.7337550000000002
1202	0.7212000000000001
1203	0.7281387500000003
1204	0.7328515000000002
1205	0.7353195000000001
1206	0.72595
1207	0.7233052499999999
1208	0.729424
1209	0.7434130000000002
1210	0.7272637500000001
1211	0.7272635
1212	0.7234822500000001
1213	0.7301592500000001
1214	0.7315847499999998
1215	0.7212842500000001
1216	0.72514
1217	0.7316782500000002
1218	0.7216845000000001
1219	0.7296665000000001
1220	0.7337825000000001
1221	0.7221785
1222	0.7192167500000002
1223	0.7178292500000001
1224	0.7237337500000001
1225	0.7261645000000001
1226	0.7267134999999999
1227	0.7166372500000002
1228	0.7244974999999999
1229	0.71853675
1230	0.7237525000000001
1231	0.7226162500000001
1232	0.7247765000000002
1233	0.7242919999999999
1234	0.72469325
1235	0.7263689999999999
1236	0.7253825000000002
1237	0.7141597499999999
1238	0.7163210000000001
1239	0.730793
1240	0.71414125
1241	0.716935
1242	0.7239665000000001
1243	0.7067557500000001
1244	0.71207325
1245	0.7221504999999999
1246	0.70248075
1247	0.7168237500000001
1248	0.710993
1249	0.729238
1250	0.7148580000000001
1251	0.72486975
1252	0.7240972500000001
1253	0.7163572500000001
1254	0.7110212500000002
1255	0.70501425
1256	0.7143832499999999
1257	0.71733575
1258	0.7152955
1259	0.7172145000000001
1260	0.7239575
1261	0.7048654999999999
1262	0.7159197500000002
1263	0.7025557499999999
1264	0.7037382500000001
1265	0.7016987500000001
1266	0.7129024999999999
1267	0.7221975
1268	0.7128375000000001
1269	0.7032447500000001
1270	0.7009717500000001
1271	0.6878035000000001
1272	0.7071470000000001
1273	0.7047345
1274	0.7063087499999999
1275	0.7147470000000001
1276	0.7153607500000001
1277	0.7182575
1278	0.7126882500000002
1279	0.7155475000000001
1280	0.7070165
1281	0.7018102500000001
1282	0.6949932500000001
1283	0.7001712499999999
1284	0.701233
1285	0.70054375
1286	0.7001989999999999
1287	0.7007485
1288	0.71833225
1289	0.707417
1290	0.69485325
1291	0.7140947500000001
1292	0.6983737499999999
1293	0.6892935000000001
1294	0.69117475
1295	0.7051727500000001
1296	0.712288
1297	0.7155565
1298	0.6973960000000002
1299	0.6897310000000002
1300	0.67257575
1301	0.70087925
1302	0.6989515000000001
1303	0.680967
1304	0.691156
1305	0.7045112499999999
1306	0.6843385000000001
1307	0.7045860000000002
1308	0.69246925
1309	0.70733325
1310	0.7151370000000001
1311	0.7100334999999999
1312	0.7064855000000001
1313	0.70438075
1314	0.68022225
1315	0.6583175000000001
1316	0.6534559999999999
1317	0.6664572500000001
1318	0.668757
1319	0.69615725
1320	0.69108125
1321	0.699035
1322	0.6954682499999998
1323	0.702667
1324	0.6931862500000001
1325	0.7048932500000002
1326	0.7079102500000002
1327	0.6911375000000001
1328	0.691007
1329	0.6932977499999999
1330	0.6828955000000001
1331	0.7020337500000001
1332	0.66134425
1333	0.6783877500000002
1334	0.64897625
1335	0.6521990000000001
1336	0.6502340000000001
1337	0.66592675
1338	0.646378
1339	0.6591279999999999
1340	0.6603755
1341	0.69223625
1342	0.6809767500000001
1343	0.69129575
1344	0.6749515000000001
1345	0.68443175
1346	0.6931022499999999
1347	0.6680315
1348	0.684525
1349	0.6558032500000001
1350	0.66243375
1351	0.6619405
1352	0.66397075
1353	0.6558405
1354	0.5469595
1355	0.5744985
1356	0.6319985
1357	0.697135
1358	0.69515125
1359	0.6998825
1360	0.6208687500000001
1361	0.5850132499999999
1362	0.5895580000000001
1363	0.5763985000000001
1364	0.5676625
1365	0.57437725
1366	0.6975822500000001
1367	0.69400625
1368	0.69094175
1369	0.6972840000000001
1370	0.66022725
1371	0.6780155000000001
1372	0.6781919999999999
1373	0.6303217500000001
1374	0.63605
1375	0.6623225000000003
1376	0.6096840000000001
1377	0.6217727500000001
1378	0.6176560000000001
1379	0.6473557500000001
1380	0.650653
1381	0.6106525
1382	0.63371225
1383	0.6344292500000001
1384	0.66992125
1385	0.6794867500000001
1386	0.678127
1387	0.69214325
1388	0.6326225000000001
1389	0.599253
1390	0.5785315000000001
1391	0.5452175
1392	0.546484
1393	0.54970725
1394	0.5381585
1395	0.59824725
1396	0.6031924999999999
1397	0.66581475
1398	0.646909
1399	0.59892725
1400	0.55834925
1401	0.18131115
1402	0.2726365
1403	0.28156824999999996
1404	0.41115375
1405	0.4109400000000001
1406	0.49874475
1407	0.4974875000000001
1408	0.22640595000000002
1409	0.15905205000000003
1410	0.12354065
1411	0.08946325
1412	0.0962248
1413	0.08868102500000001
1414	0.09872072500000001
1415	0.389705
1416	0.17409305000000003
1417	0.082823025
1418	0.053085675
1419	0.05531155000000001
1420	0.0333974025
1421	0.028247170000000002
1422	0.027902597499999997
1423	0.33589260000000004
1424	0.29649725
1425	0.15937795
1426	0.08425717500000002
1427	0.11542882500000001
1428	0.1054823
1429	0.14143145000000001
1430	0.27191974999999996
1431	0.19489897499999997
1432	0.171438625
1433	0.1515176
1434	0.145063525
1435	0.6574607500000001
1436	0.318765675
1437	0.5543355000000001
1438	0.23353985000000002
1439	0.15988095000000002
1440	0.09519102499999998
1441	0.0436606525
1442	0.11000847500000001
1443	0.12144515
1444	0.1346421
1445	0.333778
1446	0.20278745
1447	0.195979425
1448	0.58164175
1449	0.55820975
1450	0.5380462500000001
1451	0.51558275
1452	0.12367104999999999
1453	0.39301125
1454	0.39743575
1455	0.48300575
1456	0.50679125
1457	0.51069375
1458	0.395591
1459	0.12362450000000001
1460	0.08585910000000002
1461	0.192859375
1462	0.017257516
1463	0.0276697305
1464	0.10525867500000001
1465	0.08711635
1466	0.3265604999999999
1467	0.4866464999999999
1468	0.073509675
1469	0.106255225
1470	0.3072915
1471	0.17737124999999998
1472	0.07754227500000001
1473	0.027194765000000003
1474	0.0091363215
1475	0.026384501750000004
1476	0.03706683
1477	0.4399315
1478	0.4453147500000001
1479	0.0452159075
1480	0.12954775
1481	0.28326369999999995
1482	0.5814650000000001
1483	0.0286942025
1484	0.032335699999999995
1485	0.019297092499999998
1486	0.008642719500000002
1487	0.0277815075
1488	0.017127125000000003
1489	0.35007625000000003
1490	0.205832975
1491	0.0825063
1492	0.025313507250000002
1493	0.023935122499999996
1494	0.02826579
1495	0.00797217
1496	0.149245225
1497	0.189832475
1498	0.016875663500000002
1499	0.006034998000000001
1500	0.061784275
1501	0.0564104675
1502	0.136663025
1503	0.0145938875
1504	0.012377339250000001
1505	0.026319315000000003
1506	0.008214310500000002
1507	0.007730021
1508	0.017741785
1509	0.046184525000000004
1510	0.0334253325
1511	0.014212064999999998
1512	0.014957122250000001
1513	0.024242480000000004
1514	0.0044331134
1515	0.0155531825
1516	0.0100490175
1517	0.04091322500000001
1518	0.3739932500000001
1519	0.0095926735
1520	0.0237488175
1521	0.017946680000000003
1522	0.0163820573
1523	0.01226558175
1524	-0.0037066825
1525	0.02549976
1526	0.0164100095
1527	0.01805844225
1528	0.019967645249999996
1529	0.019231924999999997
1530	0.01080338925
1531	0.008167742500000002
1532	0.006919756749999999
1533	0.022575360000000003
1534	0.016419305000000002
1535	0.011734712000000001
1536	0.0034924825000000005
1537	0.014016484749999997
1538	0.007329546500000002
1539	0.01691291075
1540	0.020582325
1541	0.0189339125
1542	0.016912922250000004
1543	0.013625334749999997
1544	0.018989767500000004
1545	0.010039736750000002
1546	-4.65675000000002e-05
1547	0.0131689575
1548	0.0154600625
1549	0.0036880645
1550	0.02419592275
1551	0.0168570225
1552	0.014826748300000001
1553	0.017332015000000006
1554	0.018077084499999996
1555	0.019595144000000002
1556	0.0076089616
1557	0.013634636
1558	0.009425044249999999
1559	0.022351865000000002
1560	0.017052625
1561	0.023329754750000004
1562	0.006910441749999999
1563	0.013066520000000002
1564	0.028573137749999998
1565	0.0125729285
1566	0.024363557499999997
1567	0.019213288500000005
1568	0.02209110425
1569	0.013550825000000002
1570	0.013411102500000001
1571	0.005969809750000002
1572	0.01108279475
1573	0.017946700000000003
1574	0.0181888175
1575	0.01421204375
1576	0.024382135
1577	0.015264457499999997
1578	0.016093350000000003
1579	0.0137463865
1580	0.0175927825
1581	0.00354836225
1582	0.01371845775
1583	0.0154879875
1584	0.014519393250000002
1585	0.006295776500000001
1586	0.013774347750000002
1587	0.017127129999999997
1588	0.012302835000000002
1589	0.017965298249999997
1590	0.0143703915
1591	0.011436701700000001
1592	0.0081956895
1593	0.019250543250000002
1594	0.006761435999999999
1595	0.01441695175
1596	0.011781289500000004
1597	0.0078045275
1598	0.0019278475000000005
1599	0.016316870900000002
1600	0.011278369100000003
1601	0.015534535
1602	0.023031709999999997
1603	0.017248174999999998
1604	0.014193427250000001
1605	0.007450620750000001
1606	0.009546105
1607	0.01516202
1608	0.017061947499999997
1609	0.020349502500000005
1610	0.0103191041
1611	0.025034087500000003
1612	0.011529845249999999
1613	0.013038609999999999
1614	0.014603222500000002
1615	0.012591535000000001
1616	0.022594024999999997
1617	0.017574150250000004
1618	0.006537925
1619	0.010905843250000002
1620	0.018570692750000003
1621	0.011669545000000003
1622	0.0012666142500000004
1623	0.020619614000000005
1624	0.005047789999999999
1625	0.018840775
1626	0.01752761
1627	0.017490362500000002
1628	0.013578777500000002
1629	0.00776728525
1630	0.023273900000000004
1631	0.0232552475
1632	0.023748829999999995
1633	0.020852445
1634	0.01071026425
1635	0.010812728749999998
1636	0.012554325
1637	0.01841235075
1638	0.015739454
1639	0.0269526225
1640	0.0107940825
1641	0.00977893825
1642	0.01321554275
1643	0.01182787025
1644	0.01784422925
1645	0.01858931825
1646	0.014137549999999999
1647	0.0126194775
1648	0.0175275675
1649	0.051856374999999996
1650	0.041574425
1651	0.04885745000000001
1652	0.018244695000000005
1653	0.034356645000000005
1654	0.07486937500000002
1655	0.0307338475
1656	0.0520705
1657	0.0663571
1658	0.0312926425
1659	0.009983835250000002
1660	0.036983025
1661	0.1314197
1662	0.029038802500000002
1663	0.07990789999999999
1664	0.023516042749999997
1665	0.018272655750000002
1666	0.333201125
1667	0.29749402499999994
1668	0.014035129000000002
1669	0.05139068500000001
1670	0.0159257125
1671	0.31247875
1672	0.392424125
1673	0.0755306
1674	0.08111862499999999
1675	0.224301175
1676	0.6130925
1677	0.08241320000000002
1678	0.06767957499999999
1679	0.189916475
1680	0.09922360000000001
1681	0.22002639999999998
1682	0.014985060000000001
1683	0.037970250000000004
1684	0.422842
1685	0.15946182499999997
1686	0.146535
1687	0.34328700000000006
1688	0.37063075000000006
1689	0.045532625
1690	0.24916734999999998
1691	0.037681530000000005
1692	0.20700632500000002
1693	0.42013175
1694	0.398245
1695	0.47863750000000005
1696	0.219197475
1697	0.25496022500000004
1698	0.29244605
1699	0.27293524999999996
1700	0.087861425
1701	0.0833724
1702	0.544426
1703	0.20149292500000004
1704	0.25009877500000005
1705	0.5686967500000001
1706	0.297643025
1707	0.28635499999999997
1708	0.5291715
1709	0.59307875
1710	0.5622705
1711	0.30668575000000003
1712	0.3135965
1713	0.24460389999999996
1714	0.26686237500000004
1715	0.3005115
1716	0.55948575
1717	0.5393692500000001
1718	0.448388
1719	0.470423
1720	0.5243932500000001
1721	0.52104975
1722	0.48127300000000006
1723	0.48226025000000006
1724	0.58487375
1725	0.4683280000000001
1726	0.44739175000000003
1727	0.50906375
1728	0.5038292500000001
1729	0.4581765
1730	0.5456745
1731	0.5864844999999999
1732	0.58636375
1733	0.6817777500000001
1734	0.6696887499999999
1735	0.526992
1736	0.46914724999999996
1737	0.4608492500000001
1738	0.6409392499999998
1739	0.660199
1740	0.6272580000000001
1741	0.67900225
1742	0.61634275
1743	0.68664825
1744	0.6855585
1745	0.5696837499999999
1746	0.6207110000000001
1747	0.6294092500000001
1748	0.6791325000000001
1749	0.5625032500000001
1750	0.59189575
1751	0.6154207500000001
1752	0.61263625
1753	0.55732475
1754	0.5602772500000001
1755	0.6180752500000001
1756	0.5885245
1757	0.6613912500000001
1758	0.6668950000000001
1759	0.63574225
1760	0.6772325000000001
1761	0.6457447500000001
1762	0.6833420000000001
1763	0.6487065
1764	0.5876582500000002
1765	0.5719839999999999
1766	0.56975825
1767	0.607253
1768	0.6789185000000001
1769	0.6152442499999999
1770	0.6448230000000001
1771	0.6564732499999999
1772	0.6680774999999999
1773	0.6663737500000001
1774	0.6757055
1775	0.6866575
1776	0.6747922500000001
1777	0.6356582500000001
1778	0.6726040000000001
1779	0.6771955
1780	0.6223962500000001
1781	0.6943225000000001
1782	0.69422
1783	0.6726975000000001
1784	0.6715795
1785	0.6974892500000002
1786	0.71808075
1787	0.6835377499999999
1788	0.6928509999999999
1789	0.6905602500000001
1790	0.6510067500000001
1791	0.68593125
1792	0.6553277500000001
1793	0.666597
1794	0.69272975
1795	0.7041670000000001
1796	0.72012925
1797	0.7129767500000002
1798	0.6894702500000001
1799	0.7016055000000001
1800	0.7071374999999999
1801	0.65320475
1802	0.6778660000000001
1803	0.7179685000000002
1804	0.6696797500000001
1805	0.6718405
1806	0.6653487500000002
1807	0.66719325
1808	0.66682075
1809	0.7037755
1810	0.692227
1811	0.6948442500000002
1812	0.71736375
1813	0.72566125
1814	0.706839
1815	0.70983825
1816	0.7082740000000001
1817	0.6966510000000001
1818	0.6603295
1819	0.7105277500000001
1820	0.7111425
1821	0.71022025
1822	0.7025832500000001
1823	0.70428775
1824	0.71247425
1825	0.71985925
1826	0.6804830000000002
1827	0.682411
1828	0.688017
1829	0.6897309999999999
1830	0.6921245
1831	0.72062275
1832	0.7092055
1833	0.7156870000000001
1834	0.6807812500000001
1835	0.6955145
1836	0.6895635000000001
1837	0.7313424999999999
1838	0.7183785
1839	0.7142244999999999
1840	0.705685
1841	0.708525
1842	0.7003947500000001
1843	0.716181
1844	0.6937359999999999
1845	0.7081620000000001
1846	0.7080132499999999
1847	0.7132842500000001
1848	0.70520075
1849	0.6989234999999999
1850	0.7109095
1851	0.71335825
1852	0.70196875
1853	0.7056470000000001
1854	0.702658
1855	0.7057035
1856	0.7154827500000002
1857	0.7169907500000001
1858	0.7211632500000001
1859	0.720055
1860	0.7179965
1861	0.7184344999999999
1862	0.70723125
1863	0.6988209999999999
1864	0.7044269999999999
1865	0.7040547500000001
1866	0.7084035
1867	0.717261
1868	0.7138617500000001
1869	0.71109575
1870	0.7138335000000001
1871	0.7148485
1872	0.7266859999999999
1873	0.7208840000000001
1874	0.70371925
1875	0.7143642500000001
1876	0.7157152500000001
1877	0.7253262500000001
1878	0.7148117500000001
1879	0.709661
1880	0.715491
1881	0.7263322500000001
1882	0.7256615
1883	0.720688
1884	0.71592025
1885	0.7122319999999999
1886	0.7251772500000001
1887	0.7255780000000002
1888	0.7161805
1889	0.73068175
1890	0.7238082499999998
1891	0.7313615
1892	0.71831325
1893	0.7190495000000001
1894	0.7216567500000001
1895	0.7180992500000001
1896	0.7141040000000001
1897	0.71796875
1898	0.7216847500000001
1899	0.72297
1900	0.7255497500000001
1901	0.7347415
1902	0.7315942500000001
1903	0.71628325
1904	0.717885
1905	0.7228585000000001
1906	0.7158640000000002
1907	0.7284465000000001
1908	0.72799925
1909	0.72246725
1910	0.728763
1911	0.7222715000000002
1912	0.7226812499999999
1913	0.7230635
1914	0.7106210000000001
1915	0.73328
1916	0.73138025
1917	0.73108175
1918	0.7212377499999999
1919	0.7193940000000001
1920	0.72038075
1921	0.7197007499999999
1922	0.721061
1923	0.72562375
1924	0.7243482500000001
1925	0.72987125
1926	0.7393057500000001
1927	0.7176615
1928	0.7167302500000001
1929	0.7192635
1930	0.7200177499999999
1931	0.7152864999999999
1932	0.72156375
1933	0.7225604999999998
1934	0.73330725
1935	0.7149885
1936	0.7221965
1937	0.7204457500000001
1938	0.7315752499999999
1939	0.71585475
1940	0.7178015000000002
1941	0.7334945
1942	0.7314637500000001
1943	0.7163669999999999
1944	0.7224017500000001
1945	0.72031575
1946	0.7246650000000001
1947	0.7244975000000001
1948	0.73368025
1949	0.7327765
1950	0.7169352499999999
1951	0.72363125
1952	0.7304112500000001
1953	0.719254
1954	0.7262482500000002
1955	0.72703025
1956	0.722681
1957	0.72553125
1958	0.7224109999999999
1959	0.7265090000000001
1960	0.7272632500000001
1961	0.7325905000000001
1962	0.720279
1963	0.729452
1964	0.7219455
1965	0.7249907499999999
1966	0.730151
1967	0.7187417500000001
1968	0.72169375
1969	0.7345744999999998
1970	0.7238545000000001
1971	0.72790575
1972	0.7186857499999999
1973	0.718723
1974	0.720474
1975	0.7156682500000001
1976	0.726034
1977	0.7336802499999999
1978	0.7276455
1979	0.71532425
1980	0.7238265000000002
1981	0.7247299999999999
1982	0.735003
1983	0.7223179999999999
1984	0.727971
1985	0.7302625
1986	0.7313150000000003
1987	0.728074
1988	0.743031
1989	0.71605025
1990	0.7347322500000001
1991	0.7308119999999999
1992	0.7239387500000001
1993	0.7197567500000001
1994	0.7205112499999999
1995	0.7215172500000001
1996	0.7201950000000003
1997	0.7286139999999999
1998	0.726845
1999	0.72072575
2000	0.73471425
2001	0.7300760000000001
2002	0.73549625
2003	0.7291727499999999
2004	0.719496
2005	0.7219180000000001
2006	0.71709325
2007	0.7317060000000001
2008	0.7184717500000001
2009	0.7273565000000001
2010	0.7199899999999999
2011	0.73048575
2012	0.73079325
2013	0.7163205
2014	0.7217870000000001
2015	0.7323390000000001
2016	0.7203995000000001
2017	0.72093025
2018	0.7256712499999999
2019	0.7178572500000001
2020	0.7208840000000001
2021	0.714281
2022	0.7224485000000002
2023	0.7243205
2024	0.7257640000000001
2025	0.7171585
2026	0.72998275
2027	0.7260897500000002
2028	0.7260992500000001
2029	0.719226
2030	0.7227467500000002
2031	0.730253
2032	0.7154260000000001
2033	0.72820375
2034	0.7247675000000001
2035	0.7154637499999998
2036	0.7075477500000001
2037	0.7205579999999999
2038	0.72100525
2039	0.7247395
2040	0.7237522500000001
2041	0.7160877500000001
2042	0.712809
2043	0.7236035
2044	0.72337075
2045	0.7108534999999999
2046	0.716572
2047	0.7224392500000002
2048	0.7055077499999999
2049	0.7076965
2050	0.7043157500000001
2051	0.7236215000000001
2052	0.7168882499999999
2053	0.7114125000000001
2054	0.7306070000000001
2055	0.7159757499999999
2056	0.706588
2057	0.70033925
2058	0.7186392500000001
2059	0.7159009999999999
2060	0.7085062500000001
2061	0.7188815000000001
2062	0.7177732499999999
2063	0.6988117500000002
2064	0.7115147500000001
2065	0.7032447500000001
2066	0.70461375
2067	0.7068952500000001
2068	0.7113752500000001
2069	0.71131925
2070	0.707538
2071	0.694397
2072	0.6926182500000002
2073	0.6843290000000001
2074	0.6914915
2075	0.6927115000000001
2076	0.7093170000000001
2077	0.7095220000000001
2078	0.70027375
2079	0.6948162500000001
2080	0.7001615000000001
2081	0.6969675000000001
2082	0.70331925
2083	0.7075285
2084	0.714337
2085	0.71923575
2086	0.7144575000000001
2087	0.7100525000000001
2088	0.7078544999999999
2089	0.716143
2090	0.6988955000000001
2091	0.6989415
2092	0.6817405
2093	0.6830165000000001
2094	0.6938942499999999
2095	0.6873094999999999
2096	0.6948440000000002
2097	0.7029095
2098	0.6958962500000001
2099	0.6791422500000002
2100	0.65886725
2101	0.6359104999999999
2102	0.671403
2103	0.68183325
2104	0.694863
2105	0.6891630000000001
2106	0.6510437499999999
2107	0.644143
2108	0.6445062500000001
2109	0.6649025000000002
2110	0.6791512500000002
2111	0.69009425
2112	0.7022010000000001
2113	0.6903647500000001
2114	0.6886875
2115	0.69223625
2116	0.6831472500000001
2117	0.6730230000000001
2118	0.6760867500000001
2119	0.6673792500000001
2120	0.6780245
2121	0.6700337500000001
2122	0.69787075
2123	0.6992307500000001
2124	0.6914727500000001
2125	0.7055915000000001
2126	0.6700147500000001
2127	0.668609
2128	0.67720475
2129	0.70754725
2130	0.698262
2131	0.6998175000000001
2132	0.69834575
2133	0.6984855
2134	0.6698755
2135	0.67109525
2136	0.68472025
2137	0.6826902499999999
2138	0.6901225000000001
2139	0.6931307500000001
2140	0.6930095000000002
2141	0.65406125
2142	0.6533905
2143	0.6730974999999999
2144	0.6734422500000001
2145	0.6675187499999999
2146	0.66965175
2147	0.6596770000000001
2148	0.6827272500000001
2149	0.6782290000000001
2150	0.679002
2151	0.6230110000000001
2152	0.6367665000000001
2153	0.6660290000000001
2154	0.6308714999999999
2155	0.596515
2156	0.588906
2157	0.6521705
2158	0.6578615000000001
2159	0.6470955
2160	0.696418
2161	0.68015675
2162	0.6840682499999999
2163	0.64800775
2164	0.53650975
2165	0.53625825
2166	0.53243025
2167	0.613614
2168	0.628627
2169	0.6279565
2170	0.58283375
2171	0.6649204999999999
2172	0.66679275
2173	0.5610412499999999
2174	0.558461
2175	0.5141212500000001
2176	0.49007425000000004
2177	0.57133225
2178	0.56704775
2179	0.5597185
2180	0.56328525
2181	0.529609
2182	0.53953675
2183	0.5358115
2184	0.5376462499999999
2185	0.5409802499999999
2186	0.4604302500000001
2187	0.4099245
2188	0.597716
2189	0.6765062500000002
2190	0.621903
2191	0.6450742499999998
2192	0.66163325
2193	0.5267029999999999
2194	0.6748115
2195	0.6595562500000001
2196	0.6531485
2197	0.67463425
2198	0.66130725
2199	0.235644725
2200	0.21374914999999997
2201	0.22168410000000002
2202	0.21604030000000002
2203	0.39669975
2204	0.43034825
2205	0.407624
2206	0.37116175000000007
2207	0.26620155
2208	0.25865784999999997
2209	0.15046519999999997
2210	0.1301903
2211	0.114786175
2212	0.08832715000000001
2213	0.10700030000000002
2214	0.2582012500000001
2215	0.10796895000000002
2216	0.1069631
2217	0.065760955
2218	0.018095715000000002
2219	0.1427352
2220	0.16371789999999997
2221	0.04818686
2222	0.14108679999999998
2223	0.34205699999999994
2224	0.56467325
2225	0.5732970000000002
2226	0.33602250000000006
2227	0.183164225
2228	0.042058775
2229	0.04074556
2230	0.06769822500000001
2231	0.27269275000000004
2232	0.35880325
2233	0.26729055000000007
2234	0.13106575
2235	0.11240197500000003
2236	0.0907765
2237	0.068927525
2238	0.081751875
2239	0.07101370000000001
2240	0.0997918
2241	0.5197740000000001
2242	0.47491200000000006
2243	0.10388032500000004
2244	0.0771977
2245	0.077533075
2246	0.25047117500000005
2247	0.135955225
2248	0.09977315
2249	0.0854213
2250	0.10052750000000002
2251	0.08384745
2252	0.24332810000000002
2253	0.24486465000000002
2254	0.408574
2255	0.2737543
2256	0.28049732499999996
2257	0.2689395
2258	0.44412225
2259	0.4069625
2260	0.0335277975
2261	0.03971182
2262	0.069784375
2263	0.086687975
2264	0.032298417499999996
2265	0.203132
2266	0.013718445750000004
2267	0.027800105000000006
2268	0.04342779
2269	0.11999234999999998
2270	0.33217644999999996
2271	0.06943045
2272	0.3260295000000001
2273	0.3081666
2274	0.078650625
2275	0.02448461
2276	0.02146712275
2277	0.023208712499999996
2278	0.010654401
2279	0.63349775
2280	0.36643075
2281	0.24950295
2282	0.24167967499999998
2283	0.01163229175
2284	0.48583674999999993
2285	0.5391180000000001
2286	0.2850885
2287	0.52636725
2288	0.518405
2289	0.0116695366
2290	0.010384309999999999
2291	0.009993155
2292	0.0105146775
2293	0.006239888250000001
2294	0.005913938749999999
2295	0.016894303000000003
2296	0.0193995475
2297	0.014500769999999998
2298	0.01842169
2299	0.00791627905
2300	0.043437134999999995
2301	0.03536253000000001
2302	0.507583
2303	0.03209355999999999
2304	0.004349297000000001
2305	0.014817410500000001
2306	0.27667897500000005
2307	0.011650910749999998
2308	0.019818686000000002
2309	0.018263320000000003
2310	0.0127312475
2311	0.01440763925
2312	0.011641600250000002
2313	0.026496257500000002
2314	0.19719955
2315	0.034058649999999996
2316	0.020004920749999995
2317	0.017406524749999996
2318	0.0124146025
2319	0.012470495000000003
2320	0.0203681525
2321	-0.0030175016999999995
2322	0.0144169475
2323	0.013113119750000003
2324	0.015255123999999998
2325	0.016139895
2326	0.016940853999999998
2327	0.017695230000000003
2328	0.009480922499999999
2329	0.013411126
2330	0.0180398375
2331	0.024316969999999997
2332	0.0067707535
2333	0.009788256
2334	0.011520542250000002
2335	0.01402579
2336	0.007590334999999999
2337	0.00369736625
2338	0.0141748041
2339	0.008903488250000001
2340	0.024037577500000004
2341	0.005001234000000001
2342	0.0190270275
2343	0.00879173735
2344	0.010915164000000002
2345	0.01742513775
2346	0.018552045000000003
2347	0.013066515
2348	0.0163354875
2349	0.0136719125
2350	0.0180863825
2351	0.010421559999999998
2352	0.018784900000000004
2353	0.01233077975
2354	0.0157115
2355	0.019166735
2356	0.029476594999999998
2357	0.01586050975
2358	0.019809332499999995
2359	0.0205543825
2360	0.00864273425
2361	0.021355363000000002
2362	0.0055507175
2363	0.017779031749999997
2364	0.0135042575
2365	0.0103563775
2366	0.010058343
2367	0.0113156325
2368	0.0167918475
2369	0.007506485
2370	0.0182913
2371	0.010915179499999999
2372	0.0146777205
2373	0.012833700000000002
2374	0.0156742425
2375	0.01805846975
2376	0.0036228649999999994
2377	0.014547337500000002
2378	0.0170246725
2379	0.01084998825
2380	0.012246954999999999
2381	0.011194542250000002
2382	0.01706191575
2383	0.01803981675
2384	0.0113249575
2385	0.006137469249999999
2386	0.02170924675
2387	0.012666047749999998
2388	0.01308516
2389	0.009918657499999999
2390	0.011725420000000002
2391	0.008661337249999998
2392	0.0221749275
2393	0.023925795000000007
2394	0.024465968000000005
2395	0.0166055685
2396	0.0128243825
2397	0.018179525000000002
2398	0.022491566750000004
2399	0.009676490250000001
2400	0.0059604975
