Initial Temperature (K)	0.0190809
Excitation Current (A)	4.0000000000000003e-07
Field (T)	Resistance (Ohms)
0.0	-0.0061886703375
-0.0005	-0.0033597648750000003
-0.001	-0.0033946895625
-0.0015	-0.0051723654249999996
-0.002	-0.003954648124999999
-0.0025	-0.0045495273875
-0.003	-0.0011420436124999996
-0.0035	-0.006203807112499999
-0.004	-0.007622911
-0.0045000000000000005	1.3969349999999602e-05
-0.005	-0.0036519681999999986
-0.0055	-0.005163043574999999
-0.006	-0.0036531356874999997
-0.006500000000000001	-0.0020628941375000005
-0.007	-0.0028463686250000007
-0.0075	-0.0071421211874999994
-0.008	-0.0052165994375
-0.0085	-0.004333005175000001
-0.009000000000000001	-0.0023155187499999995
-0.0095	-0.0019162096874999997
-0.01	-0.0010221314999999994
-0.0105	-0.0010768509625000003
-0.011	-0.0026414763749999996
-0.0115	-0.005610087587499999
-0.012	-0.0012852347749999996
-0.0125	0.054649161875
-0.013000000000000001	0.035093570625
-0.0135	-0.0028941007500000006
-0.014	0.0011595076375
-0.0145	-0.0034331089625000005
-0.015	0.0014179477
-0.0155	0.10090355000000001
-0.016	0.0064622519375
-0.0165	0.26892675
-0.017	0.15497163125
-0.0175	0.36218356250000006
-0.018000000000000002	0.4248896875
-0.0185	0.004357448687499998
-0.019	0.005821962937499998
-0.0195	-0.0006344647250000002
-0.02	0.094285375
-0.0205	0.10063235624999996
-0.021	0.23657013749999997
-0.021500000000000002	0.26773813124999984
-0.022	0.7216928749999998
-0.0225	0.15777491875000002
-0.023	0.3228260562499999
-0.0235	0.3873154999999999
-0.024	0.5365855624999999
-0.0245	0.26132823750000006
-0.025	0.632843625
-0.025500000000000002	0.772855375
-0.026000000000000002	0.6515129999999999
-0.0265	0.3866048124999999
-0.027	1.0399578749999998
-0.0275	0.9896315624999997
-0.028	0.9231349374999998
-0.0285	1.0218785
-0.029	0.7098593749999997
-0.029500000000000002	0.9638932500000001
-0.03	1.0903111249999997
-0.0305	1.0852841249999998
-0.031	0.8808808124999998
-0.0315	0.8572556249999999
-0.032	1.0633155625
-0.0325	1.1097001874999999
-0.033	0.80980025
-0.0335	0.8339879375000001
-0.034	1.1272565
-0.0345	1.1354126249999998
-0.035	1.1442091250000004
-0.035500000000000004	1.1383250624999999
-0.036000000000000004	0.91925375
-0.0365	1.1307699375
-0.037	1.1347279375
-0.0375	0.9066633749999997
-0.038	0.9649668125
-0.0385	0.9574764374999998
-0.039	1.173875125
-0.0395	1.1912756875
-0.04	1.221549375
-0.0405	1.2378298749999999
-0.041	1.1360539375
-0.0415	1.0135048125
-0.042	1.210133625
-0.0425	1.2505509374999997
-0.043000000000000003	1.2103375625000004
-0.043500000000000004	1.1549656875
-0.044	1.1549202499999998
-0.0445	1.1409575624999997
-0.045	1.2227939999999997
-0.0455	1.1737251875
-0.046	1.1783965625
-0.0465	1.1902081249999996
-0.047	1.1780870624999995
-0.0475	1.1811474374999997
-0.048	1.1852605625
-0.0485	1.1814709374999999
-0.049	1.1784419375
-0.0495	1.1572650624999998
-0.05	1.2107193749999998
-0.0505	1.2083351875000001
-0.051000000000000004	1.1750265625
-0.051500000000000004	1.2379056875000003
-0.052000000000000005	1.2189485624999998
-0.0525	1.1793571249999995
-0.053	1.1878869374999994
-0.0535	1.187732
-0.054	1.1853571875
-0.0545	1.2346215624999999
-0.055	1.2173014999999998
-0.0555	1.2214612499999995
-0.056	1.2191420625
-0.0565	1.25920625
-0.057	1.2300118750000002
-0.0575	1.234073375
-0.058	1.2322806874999994
-0.0585	1.2312270624999997
-0.059000000000000004	1.2119753124999997
-0.059500000000000004	1.2095365624999996
-0.06	1.2420525
-0.0605	1.2132677499999995
-0.061	1.219687875
-0.0615	1.2175008749999998
-0.062	1.2143712500000001
-0.0625	1.2330326874999995
-0.063	1.2393377499999993
-0.0635	1.2551261875
-0.064	1.241063
-0.0645	1.2466451249999997
-0.065	1.2509826874999996
-0.0655	1.25873725
-0.066	1.2561376249999996
-0.0665	1.2408136874999995
-0.067	1.2440619999999998
-0.0675	1.2553995624999996
-0.068	1.2583784375
-0.0685	1.2547059374999998
-0.069	1.2499176249999997
-0.0695	1.2533006874999997
-0.07	1.2575111874999998
-0.07050000000000001	1.2568558124999998
-0.07100000000000001	1.2577196875
-0.07150000000000001	1.2588013125000002
-0.07200000000000001	1.2598547499999997
-0.0725	1.2523437499999996
-0.073	1.2551586875
-0.0735	1.2584218124999997
-0.074	1.2559268749999999
-0.0745	1.2572226875
-0.075	1.2545531875
-0.0755	1.2586811874999997
-0.076	1.25469875
-0.0765	1.2551610624999996
-0.077	1.2608245
-0.0775	1.2591481249999996
-0.078	1.2649060000000005
-0.0785	1.2626894375
-0.079	1.26073025
-0.0795	1.2617056874999992
-0.08	1.2629408124999995
-0.0805	1.2614542499999997
-0.081	1.26347175
-0.0815	1.2594286874999998
-0.082	1.2610874999999995
-0.0825	1.2566265625000002
-0.083	1.2617884999999998
-0.0835	1.26097475
-0.084	1.2532434999999995
-0.0845	1.2599840000000002
-0.085	1.2590609375
-0.0855	1.2580316250000003
-0.08600000000000001	1.2636149999999997
-0.08650000000000001	1.2616662499999998
-0.08700000000000001	1.2599793125000003
-0.08750000000000001	1.2599433749999995
-0.088	1.2593239374999998
-0.0885	1.2600293749999998
-0.089	1.257312375
-0.0895	1.264555625
-0.09	1.2648536874999998
-0.0905	1.263667375
-0.091	1.2650876249999998
-0.0915	1.2634473124999996
-0.092	1.2621994375
-0.0925	1.2635218750000001
-0.093	1.2611028125
-0.0935	1.2650703749999999
-0.094	1.2666196875
-0.0945	1.2672739375
-0.095	1.2662132499999998
-0.0955	1.2646651874999997
-0.096	1.2650189375000005
-0.0965	1.261816375
-0.097	1.264917625
-0.0975	1.2649236249999998
-0.098	1.2701899375000005
-0.0985	1.2688921250000003
-0.099	1.2673169999999998
-0.0995	1.2715055624999998
-0.1	1.267966625
-0.0995	1.2698419999999995
-0.099	1.2659839999999998
-0.0985	1.2682053125000001
-0.098	1.2600165625000002
-0.0975	1.263546375
-0.097	1.2655545625000002
-0.0965	1.2666045625000002
-0.096	1.2576789375000001
-0.0955	1.2581481250000004
-0.095	1.2599178125000001
-0.0945	1.2566929374999998
-0.094	1.2557964999999995
-0.0935	1.2518466875
-0.093	1.2560026249999998
-0.0925	1.2528723124999999
-0.092	1.2514670625
-0.0915	1.2503681875
-0.091	1.25143925
-0.0905	1.2555018749999995
-0.09	1.2534412499999998
-0.0895	1.2486196875000004
-0.089	1.2535740624999998
-0.0885	1.2482855
-0.088	1.2466508125
-0.0875	1.2461691875000005
-0.087	1.2422539375
-0.0865	1.2367591874999997
-0.086	1.234432
-0.08549999999999999	1.2324028124999995
-0.08499999999999999	1.2478986875000002
-0.08449999999999999	1.2462119375000005
-0.08399999999999999	1.2421900000000001
-0.08349999999999999	1.22280225
-0.08299999999999999	1.22365175
-0.08249999999999999	1.2408198124999996
-0.08199999999999999	1.2269524374999998
-0.08149999999999999	1.219255875
-0.08099999999999999	1.2422188124999998
-0.08049999999999999	1.2310771874999997
-0.07999999999999999	1.2297895
-0.07949999999999999	1.2361515
-0.07899999999999999	1.2367453125
-0.07849999999999999	1.2325101249999997
-0.07799999999999999	1.2312967500000003
-0.07749999999999999	1.2319255624999998
-0.07699999999999999	1.2316706249999998
-0.07649999999999998	1.2377812499999998
-0.07599999999999998	1.2323994999999999
-0.07549999999999998	1.2175750624999997
-0.07499999999999998	1.2173234999999996
-0.07449999999999998	1.2038520624999998
-0.07399999999999998	1.2112305625000002
-0.07349999999999998	1.21586375
-0.07299999999999998	1.217022125
-0.07249999999999998	1.1969102500000002
-0.07199999999999998	1.2013874374999995
-0.07149999999999998	1.2310976875000004
-0.07099999999999998	1.2288034374999999
-0.07049999999999998	1.2150536875000002
-0.06999999999999998	1.2295727499999998
-0.06949999999999998	1.2241630000000001
-0.06899999999999998	1.1979273125
-0.06849999999999998	1.2134725624999998
-0.06799999999999998	1.192161375
-0.06749999999999998	1.1946494999999997
-0.06699999999999998	1.1792917500000002
-0.06649999999999998	1.1810229999999997
-0.06599999999999998	1.1835598124999998
-0.06549999999999997	1.1842569375
-0.06499999999999997	1.2175379375
-0.06449999999999997	1.2204389374999998
-0.06399999999999997	1.2225216874999998
-0.06349999999999997	1.1571368750000002
-0.06299999999999997	1.1737168124999997
-0.06249999999999997	1.1935573124999996
-0.06199999999999997	1.1015811249999998
-0.06149999999999997	1.1082679374999997
-0.06099999999999997	1.1524862500000002
-0.06049999999999997	1.1447898124999998
-0.05999999999999997	1.2117831874999998
-0.05949999999999997	1.1423439375000002
-0.05899999999999997	1.1741776874999998
-0.05849999999999997	1.1735958124999997
-0.05799999999999997	1.1628018124999997
-0.05749999999999997	1.1185089999999998
-0.05699999999999997	1.1799088749999997
-0.05649999999999997	1.1811183125000002
-0.055999999999999966	1.1709903124999999
-0.055499999999999966	1.1086919374999997
-0.054999999999999966	0.9698564374999998
-0.054499999999999965	1.1678202499999994
-0.053999999999999965	1.1347023749999998
-0.053499999999999964	1.0279681875000002
-0.052999999999999964	1.0867790624999996
-0.05249999999999996	1.1710043125
-0.05199999999999996	1.0725668749999997
-0.05149999999999996	1.0550405
-0.05099999999999996	1.0516574999999997
-0.05049999999999996	1.1027895624999997
-0.04999999999999996	1.1148956249999997
-0.04949999999999996	0.8429618749999999
-0.04899999999999996	0.8330424999999999
-0.04849999999999996	0.8340679375
-0.04799999999999996	0.43031806250000004
-0.04749999999999996	0.46726749999999995
-0.04699999999999996	0.9734583749999998
-0.04649999999999996	0.9196194374999996
-0.04599999999999996	0.5003091874999999
-0.04549999999999996	0.7991095625
-0.04499999999999996	0.8150654999999999
-0.044499999999999956	0.8091912499999998
-0.043999999999999956	0.06596825625
-0.043499999999999955	0.05413575750000001
-0.042999999999999955	0.22449765624999998
-0.042499999999999954	0.006617085962499999
-0.041999999999999954	0.5448511249999999
-0.041499999999999954	0.6488356875000001
-0.04099999999999995	0.17841695625000004
-0.04049999999999995	0.2410707437499999
-0.03999999999999995	0.06140942125
-0.03949999999999995	0.06374821874999999
-0.03899999999999995	0.014457704449999997
-0.03849999999999995	0.05235575624999998
-0.03799999999999995	0.8989997500000001
-0.03749999999999995	0.904325875
-0.03699999999999995	0.8038348125
-0.03649999999999995	0.009669517050000001
-0.03599999999999995	0.517233354375
-0.03549999999999995	0.35729075
-0.03499999999999995	0.325644375
-0.03449999999999995	0.16808355625000002
-0.03399999999999995	0.05883070000000002
-0.033499999999999946	0.06056538749999998
-0.032999999999999946	0.02923670437499999
-0.032499999999999946	0.02447762293749999
-0.031999999999999945	0.022440341125000006
-0.031499999999999945	0.03467099625
-0.030999999999999944	0.026631335624999985
-0.030499999999999944	0.15306010625
-0.029999999999999943	0.013174796387499996
-0.029499999999999943	0.0266930213125
-0.028999999999999942	0.0704398325
-0.028499999999999942	0.004079221212499999
-0.02799999999999994	0.02686182625000001
-0.02749999999999994	0.024527677499999997
-0.02699999999999994	0.0042584950124999995
-0.02649999999999994	0.00457165675
-0.02599999999999994	0.0020815200625
-0.02549999999999994	0.0017532248749999998
-0.02499999999999994	0.0009615941875000002
-0.02449999999999994	0.07038741249999997
-0.023999999999999938	0.021027062624999995
-0.023499999999999938	0.02437865368750001
-0.022999999999999937	0.0032759413749999995
-0.022499999999999937	0.0071851905374999995
-0.021999999999999936	0.011236467374999998
-0.021499999999999936	0.013115426
-0.020999999999999935	-0.00012456237499999982
-0.020499999999999935	0.0011851138125000002
-0.019999999999999934	0.0034773454374999995
-0.019499999999999934	0.0034703546124999997
-0.018999999999999934	0.0039173934375
-0.018499999999999933	0.0026787311874999996
-0.017999999999999933	-0.00015134035000000006
-0.017499999999999932	-0.0013248128750000003
-0.016999999999999932	-0.0014458873749999999
-0.01649999999999993	0.0020791887499999996
-0.01599999999999993	-0.0018556680625000002
-0.01549999999999993	0.00352973895
-0.01499999999999993	0.0034482404375
-0.01449999999999993	-0.000870793
-0.01399999999999993	0.0017695253124999997
-0.013499999999999929	0.0008544954625000005
-0.012999999999999928	0.00024680462499999966
-0.012499999999999928	0.0010617160625000003
-0.011999999999999927	0.005419158850000001
-0.011499999999999927	0.00262984
-0.010999999999999927	0.0010675348624999998
-0.010499999999999926	0.0021595168625000005
-0.009999999999999926	0.0016286591874999999
-0.009499999999999925	0.0045402213875000005
-0.008999999999999925	-0.0025890855124999996
-0.008499999999999924	0.003993072762499999
-0.007999999999999924	0.0017834946999999999
-0.007499999999999923	-0.0026892109375000004
-0.006999999999999923	0.0029266960499999993
-0.0064999999999999225	0.0016926851249999997
-0.005999999999999922	-0.0011001324375
-0.005499999999999922	0.0027730287125
-0.004999999999999921	0.000895238125
-0.004499999999999921	-0.001047744312499999
-0.00399999999999992	0.0002630977125000002
-0.00349999999999992	0.0011804598749999991
-0.0029999999999999194	0.0027241327
-0.002499999999999919	0.0010873244999999997
-0.0019999999999999185	0.00029569754999999996
-0.001499999999999918	-0.00035739784999999977
-0.0009999999999999176	0.0003760208000000001
-0.0004999999999999172	0.0023131875625
8.326672684688674e-17	0.0014144538250000002
0.0005000000000000837	0.000813745675
0.0010000000000000842	0.0033434673499999987
0.0015000000000000846	0.0026472980624999997
0.002000000000000085	0.00041676861249999997
0.0025000000000000855	0.0027322824999999984
0.003000000000000086	-0.0014959430625
0.0035000000000000864	0.0008160792125000002
0.004000000000000087	0.0014796428874999997
0.004500000000000087	0.0010477403750000006
0.005000000000000088	7.916006249999992e-05
0.005500000000000088	-0.000849836875
0.006000000000000089	0.0012503095125000001
0.006500000000000089	-0.0019080558500000015
0.0070000000000000895	-0.0008835974500000002
0.00750000000000009	0.0040733919375
0.00800000000000009	-0.00021187946249999988
0.00850000000000009	-0.000889419125
0.009000000000000091	0.009238775250000003
0.009500000000000092	0.0034528945999999995
0.010000000000000092	-0.00037369422500000077
0.010500000000000093	0.0106101558125
0.011000000000000093	0.00036670872500000023
0.011500000000000093	0.049700343125000004
0.012000000000000094	0.0016286591249999992
0.012500000000000094	0.005945364062499999
0.013000000000000095	0.14740578749999994
0.013500000000000095	0.00074157
0.014000000000000096	0.13939990624999996
0.014500000000000096	0.11747304375000002
0.015000000000000097	0.2844832499999999
0.015500000000000097	0.020994443974999992
0.016000000000000097	0.0016484481125
0.016500000000000098	0.0019453128624999998
0.0170000000000001	0.0019814028125000006
0.0175000000000001	0.07261562187499998
0.0180000000000001	-0.0016868672625000003
0.0185000000000001	0.3249201875000001
0.0190000000000001	0.14698669375000004
0.0195000000000001	0.9508746875
0.0200000000000001	0.972969875
0.0205000000000001	0.02454048249999999
0.021000000000000102	0.05262701875
0.021500000000000102	0.7949769375
0.022000000000000103	0.7727960625
0.022500000000000103	0.2422257375
0.023000000000000104	0.45752449999999995
0.023500000000000104	0.8557704374999996
0.024000000000000105	0.17738289999999998
0.024500000000000105	0.3361613124999998
0.025000000000000105	0.5394599999999999
0.025500000000000106	0.5366497499999998
0.026000000000000106	0.5769353749999999
0.026500000000000107	1.024612125
0.027000000000000107	0.700194875
0.027500000000000108	0.98052225
0.028000000000000108	0.9732005624999998
0.02850000000000011	0.6283897500000001
0.02900000000000011	0.6039247500000001
0.02950000000000011	1.15281775
0.03000000000000011	0.9031640624999997
0.03050000000000011	0.8934735625000002
0.03100000000000011	0.8858286875
0.03150000000000011	0.9907923125000001
0.03200000000000011	0.9389292499999996
0.03250000000000011	0.8187140625000001
0.03300000000000011	0.8910498125000003
0.03350000000000011	1.2243445625
0.03400000000000011	1.2059021249999997
0.034500000000000114	1.1888973125000002
0.035000000000000114	0.9695882500000002
0.035500000000000115	1.0587786874999998
0.036000000000000115	1.1403555625
0.036500000000000116	1.1503474374999996
0.037000000000000116	1.1316721250000001
0.03750000000000012	1.1663489375000002
0.03800000000000012	1.14972475
0.03850000000000012	1.2093758125
0.03900000000000012	1.2245506249999998
0.03950000000000012	1.171472375
0.04000000000000012	1.1700158125
0.04050000000000012	1.0698579374999997
0.04100000000000012	1.1660763750000003
0.04150000000000012	0.9833345
0.04200000000000012	1.2105668125000002
0.04250000000000012	1.2268114375000005
0.04300000000000012	1.2178369999999998
0.04350000000000012	1.2188601875000002
0.04400000000000012	1.1379619374999996
0.04450000000000012	1.138526625
0.04500000000000012	1.218389875
0.045500000000000124	1.1612520624999998
0.046000000000000124	1.2062444999999997
0.046500000000000125	1.2052838125
0.047000000000000125	1.2150021875
0.047500000000000125	1.1935993124999995
0.048000000000000126	1.1574815
0.048500000000000126	1.15560575
0.04900000000000013	1.1561137500000003
0.04950000000000013	1.2341654374999995
0.05000000000000013	1.225209625
0.05050000000000013	1.2141429999999998
0.05100000000000013	1.2338905625000003
0.05150000000000013	1.21109425
0.05200000000000013	1.2388452499999998
0.05250000000000013	1.2297915624999995
0.05300000000000013	1.2183396874999997
0.05350000000000013	1.2085436250000001
0.05400000000000013	1.2144353749999997
0.05450000000000013	1.2531668749999998
0.05500000000000013	1.256106125
0.05550000000000013	1.252911625
0.05600000000000013	1.2598235000000002
0.05650000000000013	1.246928
0.057000000000000134	1.2476043749999997
0.057500000000000134	1.2570049374999999
0.058000000000000135	1.2231373749999996
0.058500000000000135	1.2371456874999998
0.059000000000000136	1.2510142499999994
0.059500000000000136	1.2535111250000002
0.06000000000000014	1.2539956875
0.06050000000000014	1.2390221874999998
0.06100000000000014	1.2383785625
0.06150000000000014	1.2514124375000002
0.06200000000000014	1.2600246874999999
0.06250000000000014	1.2572751249999998
0.06300000000000014	1.2295040625000002
0.06350000000000014	1.239754375
0.06400000000000014	1.2386625
0.06450000000000014	1.2547161874999995
0.06500000000000014	1.2530141874999996
0.06550000000000014	1.24301525
0.06600000000000014	1.2430977499999996
0.06650000000000014	1.2535554375000002
0.06700000000000014	1.247391375
0.06750000000000014	1.2522763124999998
0.06800000000000014	1.2566999999999995
0.06850000000000014	1.256994375
0.06900000000000014	1.2517512499999994
0.06950000000000014	1.253172625
0.07000000000000015	1.258006
0.07050000000000015	1.2580968125
0.07100000000000015	1.2526124999999997
0.07150000000000015	1.2654962500000002
0.07200000000000015	1.2496348125
0.07250000000000015	1.2584181874999998
0.07300000000000015	1.268613875
0.07350000000000015	1.2532890624999997
0.07400000000000015	1.261067625
0.07450000000000015	1.2581235625
0.07500000000000015	1.2549792499999999
0.07550000000000015	1.2595392499999998
0.07600000000000015	1.2563807499999995
0.07650000000000015	1.2586044375
0.07700000000000015	1.2622122499999993
0.07750000000000015	1.2669410624999997
0.07800000000000015	1.2603135
0.07850000000000015	1.2622469375
0.07900000000000015	1.2603052499999994
0.07950000000000015	1.2589969374999996
0.08000000000000015	1.264101625
0.08050000000000015	1.262765125
0.08100000000000016	1.2651246875
0.08150000000000016	1.2687268124999997
0.08200000000000016	1.2597452499999997
0.08250000000000016	1.263517375
0.08300000000000016	1.2636764374999998
0.08350000000000016	1.2670865
0.08400000000000016	1.2698430625000001
0.08450000000000016	1.2637978125
0.08500000000000016	1.2648641874999997
0.08550000000000016	1.2627336249999996
0.08600000000000016	1.2676303124999997
0.08650000000000016	1.2656673125000002
0.08700000000000016	1.26418325
0.08750000000000016	1.2667604999999995
0.08800000000000016	1.2665974375
0.08850000000000016	1.2683216249999998
0.08900000000000016	1.2643216249999998
0.08950000000000016	1.2690399374999997
0.09000000000000016	1.2728805625
0.09050000000000016	1.2668688750000001
0.09100000000000016	1.2674358124999998
0.09150000000000016	1.2654043750000006
0.09200000000000016	1.2674090624999996
0.09250000000000017	1.2660165
0.09300000000000017	1.2692344374999995
0.09350000000000017	1.2667312499999999
0.09400000000000017	1.2688128124999996
0.09450000000000017	1.2669013125000002
0.09500000000000017	1.2718118750000003
0.09550000000000017	1.2702799375
0.09600000000000017	1.2693229999999998
0.09650000000000017	1.269762875
0.09700000000000017	1.2684159374999995
0.09750000000000017	1.269514
0.09800000000000017	1.2668083749999999
0.09850000000000017	1.2702867499999997
0.09900000000000017	1.2719840625000003
0.09950000000000017	1.2678815
0.1	1.2694754375
0.0995	1.268554375
0.099	1.2702369374999993
0.0985	1.270252875
0.098	1.2632110625000004
0.0975	1.2652425
0.097	1.2642075625
0.0965	1.2617475624999992
0.096	1.264219125
0.0955	1.2588779999999997
0.095	1.2619246250000002
0.0945	1.2585031874999997
0.094	1.2619095625
0.0935	1.2591944375
0.093	1.2587581874999998
0.0925	1.2572658124999998
0.092	1.2533155624999999
0.0915	1.2554428749999997
0.091	1.2487545624999998
0.0905	1.2539361875000004
0.09	1.2504470625
0.0895	1.2500618124999996
0.089	1.2539931874999999
0.0885	1.2458206875
0.088	1.24216775
0.0875	1.2420503125
0.087	1.2446055624999999
0.0865	1.2246671249999996
0.086	1.239648625
0.08549999999999999	1.2399828125
0.08499999999999999	1.2420456250000003
0.08449999999999999	1.2198962500000001
0.08399999999999999	1.2340488125
0.08349999999999999	1.2465111250000003
0.08299999999999999	1.2413399999999997
0.08249999999999999	1.2435800625
0.08199999999999999	1.2314645624999996
0.08149999999999999	1.2301966874999999
0.08099999999999999	1.2416415625
0.08049999999999999	1.239936125
0.07999999999999999	1.2398941874999996
0.07949999999999999	1.2314715
0.07899999999999999	1.235971125
0.07849999999999999	1.2389884374999998
0.07799999999999999	1.2339161250000001
0.07749999999999999	1.228941875
0.07699999999999999	1.2278113124999996
0.07649999999999998	1.2210709999999998
0.07599999999999998	1.2151316874999996
0.07549999999999998	1.2271816875000001
0.07499999999999998	1.2327009999999998
0.07449999999999998	1.2170639999999997
0.07399999999999998	1.2017192500000002
0.07349999999999998	1.215649375
0.07299999999999998	1.2330478125
0.07249999999999998	1.2326670625
0.07199999999999998	1.2315098124999995
0.07149999999999998	1.1978880625
0.07099999999999998	1.1965865624999998
0.07049999999999998	1.2226646875000002
0.06999999999999998	1.19084725
0.06949999999999998	1.1830473750000006
0.06899999999999998	1.1056196249999997
0.06849999999999998	1.1081715
0.06799999999999998	1.1034915625
0.06749999999999998	1.2146554375000003
0.06699999999999998	1.1848600624999996
0.06649999999999998	1.2018810624999998
0.06599999999999998	1.1856864999999999
0.06549999999999997	1.192807625
0.06499999999999997	1.1430319999999998
0.06449999999999997	1.1511099375
0.06399999999999997	1.1572846249999997
0.06349999999999997	1.2017692500000001
0.06299999999999997	1.1523836874999995
0.06249999999999997	1.1553019999999998
0.06199999999999997	1.1823232499999998
0.06149999999999997	1.0221740624999998
0.06099999999999997	1.20039775
0.06049999999999997	1.2090918124999996
0.05999999999999997	1.20965775
0.05949999999999997	1.1992665624999999
0.05899999999999997	0.9847282499999997
0.05849999999999997	1.1323613125
0.05799999999999997	1.1280098124999998
0.05749999999999997	1.194860125
0.05699999999999997	1.1986413125
0.05649999999999997	1.1416521874999999
0.055999999999999966	0.8500484375
0.055499999999999966	0.85537325
0.054999999999999966	0.96216225
0.054499999999999965	1.0861829374999998
0.053999999999999965	0.7803466874999997
0.053499999999999964	0.963561375
0.052999999999999964	1.1281111874999996
0.05249999999999996	1.133369375
0.05199999999999996	0.8594501250000001
0.05149999999999996	0.8511472499999999
0.05099999999999996	1.0039946249999998
0.05049999999999996	1.0899769999999998
0.04999999999999996	1.091244625
0.04949999999999996	0.9590013125
0.04899999999999996	0.5170264375000001
0.04849999999999996	0.9496649375000001
0.04799999999999996	0.8433895625000001
0.04749999999999996	0.31360918749999994
0.04699999999999996	0.17120115
0.04649999999999996	0.16975526249999995
0.04599999999999996	1.2110059375
0.04549999999999996	0.19464645624999996
0.04499999999999996	0.9570784999999998
0.044499999999999956	0.8199434375
0.043999999999999956	0.46068518749999987
0.043499999999999955	0.5218334375000001
0.042999999999999955	0.040533694999999995
0.042499999999999954	0.04427645437500001
0.041999999999999954	0.38747062499999996
0.041499999999999954	0.34133763125000016
0.04099999999999995	0.23846550625
0.04049999999999995	0.016214410624999995
0.03999999999999995	0.0176544889375
0.03949999999999995	0.7183680624999998
0.03899999999999995	0.19145544999999992
0.03849999999999995	0.9371014375000002
0.03799999999999995	0.05419978812499998
0.03749999999999995	0.026960770624999998
0.03699999999999995	0.09093480625
0.03649999999999995	0.034009755625
0.03599999999999995	0.013923339750000001
0.03549999999999995	0.011265574849999998
0.03499999999999995	0.019928073749999994
0.03449999999999995	1.0468333749999994
0.03399999999999995	0.035240255
0.033499999999999946	0.050388311874999994
0.032999999999999946	1.1594454375
0.032499999999999946	0.03816694812499999
0.031999999999999945	0.023855958125000007
0.031499999999999945	0.41751368750000006
0.030999999999999944	0.03237644249999999
0.030499999999999944	0.7768559999999998
0.029999999999999943	0.70417115
0.029499999999999943	0.15521519124999997
0.028999999999999942	0.015561315124999996
0.028499999999999942	0.02329484474999999
0.02799999999999994	0.024424083124999992
0.02749999999999994	0.14021589375000001
0.02699999999999994	0.0178232923125
0.02649999999999994	0.017882658125000003
0.02599999999999994	0.08099288125
0.02549999999999994	0.02988513624999999
0.02499999999999994	0.023809389999999996
0.02449999999999994	0.018656824375
0.023999999999999938	0.060634043124999995
0.023499999999999938	0.07374594187500003
0.022999999999999937	0.031863023124999994
0.022499999999999937	0.26366024374999997
0.021999999999999936	0.2453828625
0.021499999999999936	0.23402885625000003
0.020999999999999935	0.2648416375
0.020499999999999935	0.0179769484375
0.019999999999999934	0.0192808075625
0.019499999999999934	0.017250512937499997
0.018999999999999934	0.017903603125
0.018499999999999933	1.0492524374999999
0.017999999999999933	0.018399555999999997
0.017499999999999932	0.014579928374999995
0.016999999999999932	0.021791899999999996
0.01649999999999993	0.016549690875000002
0.01599999999999993	0.02317610375
0.01549999999999993	0.018458927312499998
0.01499999999999993	0.024273902499999996
0.01449999999999993	0.017923400187499994
0.01399999999999993	0.0177092075375
0.013499999999999929	0.019316899375
0.012999999999999928	0.020545085624999997
0.012499999999999928	0.020280837375
0.011999999999999927	0.025299531249999997
0.011499999999999927	0.01824238812499999
0.010999999999999927	0.022627759625
0.010499999999999926	0.021730203687499994
0.009999999999999926	0.022301799999999997
0.009499999999999925	0.021337878249999997
0.008999999999999925	0.021354179375
0.008499999999999924	0.023482273749999994
0.007999999999999924	0.0194542625
0.007499999999999923	0.0209793204375
0.006999999999999923	0.022739522499999998
0.0064999999999999225	0.018460085562499996
0.005999999999999922	0.022390293125000002
0.005499999999999922	0.022675504999999995
0.004999999999999921	0.022044524374999996
0.004499999999999921	0.025458987500000002
0.00399999999999992	0.024523027375000006
0.00349999999999992	0.024634797499999993
0.0029999999999999194	0.026162150625000002
0.002499999999999919	0.024287876249999996
0.0019999999999999185	0.022335570437499994
0.001499999999999918	0.02179888874999999
0.0009999999999999176	0.023654557562499994
0.0004999999999999172	0.025545160624999994
-8.326672684688674e-17	0.023938619374999998
-0.0005000000000000837	0.02375932250000001
-0.0010000000000000842	0.024133023249999996
-0.0015000000000000846	0.024630113749999998
-0.002000000000000085	0.024950269374999997
-0.0025000000000000855	0.0221271850625
-0.003000000000000086	0.026307674374999986
-0.0035000000000000864	0.023067822500000005
-0.004000000000000087	0.029233228124999996
-0.004500000000000087	0.027552168124999995
-0.005000000000000088	0.027989889999999996
-0.005500000000000088	0.02368832824999999
-0.006000000000000089	0.0236685125
-0.006500000000000089	0.027805943749999996
-0.0070000000000000895	0.025216870625
-0.00750000000000009	0.024590533749999994
-0.00800000000000009	0.02569882875
-0.00850000000000009	0.024421757500000002
-0.009000000000000091	0.028513756249999987
-0.009500000000000092	0.0213576925
-0.010000000000000092	0.028277439375
-0.010500000000000093	0.028526578125
-0.011000000000000093	0.03199228062499999
-0.011500000000000093	0.030065589
-0.012000000000000094	0.030439281875000005
-0.012500000000000094	0.09087887499999998
-0.013000000000000095	0.027526545
-0.013500000000000095	0.025824545000000004
-0.014000000000000096	0.026789640624999996
-0.014500000000000096	0.10373018124999998
-0.015000000000000097	0.1096615375
-0.015500000000000097	0.028466026874999998
-0.016000000000000097	0.03272103124999999
-0.016500000000000098	0.09310367500000001
-0.0170000000000001	0.04456170624999998
-0.0175000000000001	0.18045736249999997
-0.0180000000000001	0.20214024375
-0.0185000000000001	0.27471596875000004
-0.0190000000000001	0.44913325
-0.0195000000000001	0.04050457687499999
-0.0200000000000001	0.042988952500000004
-0.0205000000000001	0.0775411375
-0.021000000000000102	0.15091103749999996
-0.021500000000000102	0.26699999375000005
-0.022000000000000103	0.1223799875
-0.022500000000000103	0.9526021249999999
-0.023000000000000104	0.8697594374999997
-0.023500000000000104	0.9132163750000001
-0.024000000000000105	0.8751868124999997
-0.024500000000000105	0.5495053124999998
-0.025000000000000105	0.226447875
-0.025500000000000106	0.40376031250000005
-0.026000000000000106	1.188543375
-0.026500000000000107	1.2151849375000001
-0.027000000000000107	0.4488969374999999
-0.027500000000000108	1.0125060625
-0.028000000000000108	1.0079936874999997
-0.02850000000000011	0.795446125
-0.02900000000000011	0.9862193125000001
-0.02950000000000011	0.47812068750000003
-0.03000000000000011	0.8103076874999999
-0.03050000000000011	0.7289121249999998
-0.03100000000000011	0.631170125
-0.03150000000000011	1.1674523749999999
-0.03200000000000011	1.1830975000000001
-0.03250000000000011	0.765123375
-0.03300000000000011	0.8821453125
-0.03350000000000011	0.8728703749999996
-0.03400000000000011	1.09448575
-0.034500000000000114	1.0169296875
-0.035000000000000114	1.0513746875
-0.035500000000000115	1.028538625
-0.036000000000000115	0.9566301875
-0.036500000000000116	0.9596696874999996
-0.037000000000000116	1.1133205624999993
-0.03750000000000012	1.155298625
-0.03800000000000012	1.1800916874999998
-0.03850000000000012	0.9986093749999999
-0.03900000000000012	0.9919784374999998
-0.03950000000000012	1.2596801249999996
-0.04000000000000012	1.2153479374999998
-0.04050000000000012	1.0142451874999998
-0.04100000000000012	1.010001875
-0.04150000000000012	0.9972683750000002
-0.04200000000000012	1.256105125
-0.04250000000000012	1.2704056249999995
-0.04300000000000012	1.0960133125
-0.04350000000000012	1.0799814999999997
-0.04400000000000012	1.1317420624999996
-0.04450000000000012	1.2388885625000001
-0.04500000000000012	1.2425777500000001
-0.045500000000000124	1.1734838125000002
-0.046000000000000124	1.2734871250000004
-0.046500000000000125	1.138547625
-0.047000000000000125	1.2223014375000003
-0.047500000000000125	1.1658226249999997
-0.048000000000000126	1.2306507500000001
-0.048500000000000126	1.2427788124999999
-0.04900000000000013	1.2442805624999997
-0.04950000000000013	1.2203898124999997
-0.05000000000000013	1.1937181874999996
-0.05050000000000013	1.2583586875000001
-0.05100000000000013	1.2776325624999998
-0.05150000000000013	1.2544218124999997
-0.05200000000000013	1.2530466874999997
-0.05250000000000013	1.2480329999999997
-0.05300000000000013	1.2568606249999998
-0.05350000000000013	1.2512540625
-0.05400000000000013	1.267110875
-0.05450000000000013	1.263744375
-0.05500000000000013	1.2183839374999998
-0.05550000000000013	1.2201967499999993
-0.05600000000000013	1.286657125
-0.05650000000000013	1.246231875
-0.057000000000000134	1.2514378125
-0.057500000000000134	1.2545461250000003
-0.058000000000000135	1.272217
-0.058500000000000135	1.2626661874999996
-0.059000000000000136	1.2842508124999998
-0.059500000000000136	1.2815941874999999
-0.06000000000000014	1.2732299999999994
-0.06050000000000014	1.264241375
-0.06100000000000014	1.2654321875
-0.06150000000000014	1.2814498749999992
-0.06200000000000014	1.2826547499999998
-0.06250000000000014	1.2585228124999999
-0.06300000000000014	1.2608886250000004
-0.06350000000000014	1.2828118125000003
-0.06400000000000014	1.278225
-0.06450000000000014	1.2780216249999998
-0.06500000000000014	1.2818954374999996
-0.06550000000000014	1.2927130625
-0.06600000000000014	1.2902519999999997
-0.06650000000000014	1.2863204375000001
-0.06700000000000014	1.2843451875
-0.06750000000000014	1.2842032499999996
-0.06800000000000014	1.2919377500000002
-0.06850000000000014	1.2925709375000003
-0.06900000000000014	1.2910854374999996
-0.06950000000000014	1.2931703750000003
-0.07000000000000015	1.2885722499999996
-0.07050000000000015	1.2939795625000001
-0.07100000000000015	1.2876430624999995
-0.07150000000000015	1.2877373125000002
-0.07200000000000015	1.28719375
-0.07250000000000015	1.2892274374999997
-0.07300000000000015	1.2908305000000004
-0.07350000000000015	1.2911972500000002
-0.07400000000000015	1.2952694999999996
-0.07450000000000015	1.2892809375
-0.07500000000000015	1.2907024375
-0.07550000000000015	1.2894267499999996
-0.07600000000000015	1.2854510624999997
-0.07650000000000015	1.2858013124999996
-0.07700000000000015	1.291304625
-0.07750000000000015	1.2902716875000002
-0.07800000000000015	1.2928620000000002
-0.07850000000000015	1.2882531875
-0.07900000000000015	1.2867455
-0.07950000000000015	1.2898107499999998
-0.08000000000000015	1.2949948124999997
-0.08050000000000015	1.2940493124999997
-0.08100000000000016	1.2926781875
-0.08150000000000016	1.2976176874999998
-0.08200000000000016	1.29862475
-0.08250000000000016	1.2943847499999999
-0.08300000000000016	1.2947584374999996
-0.08350000000000016	1.2870795624999993
-0.08400000000000016	1.2961590625000001
-0.08450000000000016	1.2964278125000004
-0.08500000000000016	1.2993779999999995
-0.08550000000000016	1.2921566249999998
-0.08600000000000016	1.2996641249999998
-0.08650000000000016	1.2980763124999999
-0.08700000000000016	1.3006537499999995
-0.08750000000000016	1.2957549999999998
-0.08800000000000016	1.2953872500000003
-0.08850000000000016	1.299852625
-0.08900000000000016	1.2999585625
-0.08950000000000016	1.2988586249999998
-0.09000000000000016	1.2977025624999998
-0.09050000000000016	1.2925383750000001
-0.09100000000000016	1.2957991249999998
-0.09150000000000016	1.2931228124999996
-0.09200000000000016	1.2932624375000001
-0.09250000000000017	1.3016188749999997
-0.09300000000000017	1.303551375
-0.09350000000000017	1.2990469374999998
-0.09400000000000017	1.29877025
-0.09450000000000017	1.303899375
-0.09500000000000017	1.2992275624999994
-0.09550000000000017	1.3011111875
-0.09600000000000017	1.3012342499999994
-0.09650000000000017	1.3023066874999996
-0.09700000000000017	1.29735225
-0.09750000000000017	1.30250125
-0.09800000000000017	1.3036152499999998
-0.09850000000000017	1.3014859375
-0.09900000000000017	1.3014173749999995
-0.09950000000000017	1.3023615624999996
-0.1	1.3045151249999998
-0.0995	1.3009538749999998
-0.099	1.3023184374999999
-0.0985	1.296912125
-0.098	1.2970515625
-0.0975	1.2972705624999998
-0.097	1.2965745624999996
-0.0965	1.2925955
-0.096	1.2966164374999993
-0.0955	1.2951017499999995
-0.095	1.2892940625000002
-0.0945	1.29437675
-0.094	1.2913626875000004
-0.0935	1.2866675625
-0.093	1.2905523125
-0.0925	1.2875860625000002
-0.092	1.2852603749999998
-0.0915	1.2859806249999997
-0.091	1.2909283749999994
-0.0905	1.2861004999999996
-0.09	1.2855349999999999
-0.0895	1.2848248124999997
-0.089	1.2841645
-0.0885	1.2835963750000001
-0.088	1.27115625
-0.0875	1.2809923125
-0.087	1.2801529999999997
-0.0865	1.2668945624999999
-0.086	1.2679456875000001
-0.08549999999999999	1.2751668749999998
-0.08499999999999999	1.2761239999999996
-0.08449999999999999	1.2624799375000004
-0.08399999999999999	1.2516600624999996
-0.08349999999999999	1.2780596874999999
-0.08299999999999999	1.2718644999999997
-0.08249999999999999	1.2508243124999994
-0.08199999999999999	1.2633696249999995
-0.08149999999999999	1.2640375
-0.08099999999999999	1.2729699999999995
-0.08049999999999999	1.2769595624999996
-0.07999999999999999	1.2624369374999995
-0.07949999999999999	1.2635556875
-0.07899999999999999	1.2670831249999994
-0.07849999999999999	1.2791694374999998
-0.07799999999999999	1.2654648750000002
-0.07749999999999999	1.2643030624999998
-0.07699999999999999	1.2735555624999992
-0.07649999999999998	1.267401875
-0.07599999999999998	1.2551060000000003
-0.07549999999999998	1.2601818749999998
-0.07499999999999998	1.2600688125000001
-0.07449999999999998	1.2718711249999992
-0.07399999999999998	1.273122625
-0.07349999999999998	1.272122625
-0.07299999999999998	1.2635196874999997
-0.07249999999999998	1.2570818750000001
-0.07199999999999998	1.2596627499999997
-0.07149999999999998	1.2345880000000002
-0.07099999999999998	1.2284015625
-0.07049999999999998	1.256375125
-0.06999999999999998	1.2606683749999998
-0.06949999999999998	1.212071
-0.06899999999999998	1.1861987499999995
-0.06849999999999998	1.1851683749999997
-0.06799999999999998	1.2659535625000005
-0.06749999999999998	1.2317113125
-0.06699999999999998	1.2279346875
-0.06649999999999998	1.2496265624999998
-0.06599999999999998	1.17604525
-0.06549999999999997	1.2547173749999998
-0.06499999999999997	1.2659956875000005
-0.06449999999999997	1.2645649374999994
-0.06399999999999997	1.2623866874999998
-0.06349999999999997	1.2669630625000001
-0.06299999999999997	1.2631016250000002
-0.06249999999999997	1.26545675
-0.06199999999999997	1.1769355624999998
-0.06149999999999997	1.185863375
-0.06099999999999997	1.1917366249999999
-0.06049999999999997	1.2501106874999999
-0.05999999999999997	1.2348405
-0.05949999999999997	1.1827005625
-0.05899999999999997	1.1706701874999996
-0.05849999999999997	1.2167287499999995
-0.05799999999999997	1.2134166875
-0.05749999999999997	1.2403634374999999
-0.05699999999999997	1.242207375
-0.05649999999999997	1.0978360625
-0.055999999999999966	1.2326380000000001
-0.055499999999999966	1.232849875
-0.054999999999999966	1.2390116249999998
-0.054499999999999965	1.241079375
-0.053999999999999965	0.9325424999999998
-0.053499999999999964	1.0577321249999998
-0.052999999999999964	1.1473197499999999
-0.05249999999999996	0.9090894999999999
-0.05199999999999996	1.1136800624999998
-0.05149999999999996	1.0785926875
-0.05099999999999996	1.0976754999999998
-0.05049999999999996	0.8813782499999998
-0.04999999999999996	0.9291876875
-0.04949999999999996	0.9795137499999998
-0.04899999999999996	0.84309275
-0.04849999999999996	0.816368375
-0.04799999999999996	1.2377254375
-0.04749999999999996	1.0547669999999998
-0.04699999999999996	1.0535993749999997
-0.04649999999999996	1.0374037499999997
-0.04599999999999996	1.0622466874999998
-0.04549999999999996	1.0221589999999994
-0.04499999999999996	0.9880225624999999
-0.044499999999999956	0.17992545624999995
-0.043999999999999956	0.774034375
-0.043499999999999955	1.09487225
-0.042999999999999955	0.0475652325
-0.042499999999999954	0.040963260624999984
-0.041999999999999954	0.037717613124999994
-0.041499999999999954	0.13143946875
-0.04099999999999995	0.20365139375
-0.04049999999999995	0.6249135624999999
-0.03999999999999995	0.12058839375000002
-0.03949999999999995	0.39206381250000005
-0.03899999999999995	0.12756979999999996
-0.03849999999999995	0.047245100000000005
-0.03799999999999995	0.0471019025
-0.03749999999999995	0.05596116874999999
-0.03699999999999995	0.041352122499999984
-0.03649999999999995	0.0315370875
-0.03599999999999995	0.032605772499999984
-0.03549999999999995	0.10348341874999999
-0.03499999999999995	0.1027021375
-0.03449999999999995	0.05221955
-0.03399999999999995	0.030483515625
-0.033499999999999946	0.03345097
-0.032999999999999946	0.03701096124999998
-0.032499999999999946	0.034036546249999994
-0.031999999999999945	0.04129275000000001
-0.031499999999999945	0.8240132499999998
-0.030999999999999944	0.0491589625
-0.030499999999999944	0.04288181249999999
-0.029999999999999943	0.2541696375
-0.029499999999999943	0.09409324375
-0.028999999999999942	0.06902068750000001
-0.028499999999999942	0.3906549375
-0.02799999999999994	0.4200200000000001
-0.02749999999999994	0.023811731874999992
-0.02699999999999994	0.025429905624999992
-0.02649999999999994	0.023893212500000004
-0.02599999999999994	0.026249465000000007
-0.02549999999999994	0.027126103499999995
-0.02499999999999994	0.02657542575
-0.02449999999999994	0.13207047687499995
-0.023999999999999938	0.028096979375
-0.023499999999999938	0.023896708125
-0.022999999999999937	0.023351885062499998
-0.022499999999999937	0.02234604981249999
-0.021999999999999936	0.02249971812499999
-0.021499999999999936	0.024141174999999997
-0.020999999999999935	0.019279645625
-0.020499999999999935	0.026018961249999997
-0.019999999999999934	0.02360917
-0.019499999999999934	0.023655738125000002
-0.018999999999999934	0.020953708124999998
-0.018499999999999933	0.020731359999999994
-0.017999999999999933	0.027769881249999996
-0.017499999999999932	0.0203425275
-0.016999999999999932	0.02215162125
-0.01649999999999993	0.020181880624999995
-0.01599999999999993	0.021909490062499995
-0.01549999999999993	0.023248264250000004
-0.01499999999999993	0.023243618749999993
-0.01449999999999993	0.021010755875000005
-0.01399999999999993	0.023027085625
-0.013499999999999929	0.022191218749999995
-0.012999999999999928	0.020382105062500003
-0.012499999999999928	0.021326243874999998
-0.011999999999999927	0.020096883125
-0.011499999999999927	0.019593973750000004
-0.010999999999999927	0.022514850625
-0.010499999999999926	0.020153921250000005
-0.009999999999999926	0.023233141875
-0.009499999999999925	0.021763945624999996
-0.008999999999999925	0.01817369775
-0.008499999999999924	0.017446101624999998
-0.007999999999999924	0.017274979000000003
-0.007499999999999923	0.0201446225
-0.006999999999999923	0.015582264725
-0.0064999999999999225	0.017598608912499997
-0.005999999999999922	0.017865179
-0.005499999999999922	0.0180898805625
-0.004999999999999921	0.01784773440000001
-0.004499999999999921	0.017193469625000003
-0.00399999999999992	0.019690601874999998
-0.00349999999999992	0.016898945624999998
-0.0029999999999999194	0.020052659575000006
-0.002499999999999919	0.020910637812500004
-0.0019999999999999185	0.019747662100000004
-0.001499999999999918	0.016830260750000003
-0.0009999999999999176	0.019217940499999996
-0.0004999999999999172	0.0146695760875
0.0	0.02071389
