Initial Temperature (K)	0.0249571
Resistor	201600.0	Excitation Current (A)	6.12e-08
Axis 1,2	x,z
Angle	0
Field (T)	Current (A)	Resistance (Ohms)	Actual X-Field	Actual Y-Field	Actual Z-Field	Compliance Pass
-0.02	-40.0	-0.27615181	-0.02	-0.0	-0.0	True
-0.02	-39.0	0.1244205	-0.02	-0.0	-0.0	True
-0.02	-38.0	-0.02077725	-0.02	0.0	-0.0	True
-0.02	-37.0	0.04885914	-0.02	0.0	0.0	True
-0.02	-36.0	-0.01136257	-0.02	-0.0	-0.0	True
-0.02	-35.0	-0.01339163	-0.02	0.0	-0.0	True
-0.02	-34.0	0.08526008	-0.02	0.0	-0.0	True
-0.02	-33.0	0.01014513	-0.02	-0.0	-0.0	True
-0.02	-32.0	0.08785716	-0.02	0.0	-0.0	True
-0.02	-31.0	0.04102702	-0.02	0.0	0.0001	True
-0.02	-30.0	-0.04958955	-0.02	0.0	-0.0001	True
-0.02	-29.0	0.01067273	-0.02	-0.0	-0.0001	True
-0.02	-28.0	0.07978161	-0.02	0.0	-0.0	True
-0.02	-27.0	0.06119583	-0.02	-0.0	0.0	True
-0.02	-26.0	0.00219137	-0.02	-0.0	-0.0001	True
-0.02	-25.0	-0.04488227	-0.02	-0.0	0.0	True
-0.02	-24.0	0.09073863	-0.02	-0.0	0.0001	True
-0.02	-23.0	-0.04902146	-0.02	0.0	-0.0	True
-0.02	-22.0	0.0740192	-0.02	0.0	0.0	True
-0.02	-21.0	0.09503998	-0.02	0.0	0.0001	True
-0.02	-20.0	-0.02520063	-0.02	0.0	-0.0	True
-0.02	-19.0	0.06935251	-0.02	0.0	-0.0001	True
-0.02	-18.0	-0.00726392	-0.02	0.0	0.0	True
-0.02	-17.0	-0.01684096	-0.02	-0.0	-0.0	True
-0.02	-16.0	0.0129858	-0.02	-0.0	-0.0	True
-0.02	-15.0	-0.03011077	-0.02	-0.0	0.0001	True
-0.02	-14.0	0.01383797	-0.02	-0.0	-0.0	True
-0.02	-13.0	-0.03875462	-0.02	0.0	0.0	True
-0.02	-12.0	0.0511318	-0.02	-0.0	0.0	True
-0.02	-11.0	0.06618711	-0.02	0.0	0.0001	True
-0.02	-10.0	0.0297862	-0.02	-0.0	-0.0	True
-0.02	-9.0	0.00397688	-0.02	-0.0	0.0	True
-0.02	-8.0	0.0316124	-0.02	-0.0	-0.0001	True
-0.02	-7.0	1.03200882	-0.02	0.0	-0.0	True
-0.02	-6.79487	1.25609586	-0.02	-0.0	0.0001	True
-0.02	-6.58974	1.38222004	-0.02	0.0	0.0001	True
-0.02	-6.38462	1.23994553	-0.02	-0.0	-0.0	True
-0.02	-6.17949	1.4182146	-0.02	-0.0	-0.0	True
-0.02	-6.0	1.35077124	-0.02	0.0	0.0	True
-0.02	-5.97436	1.58268736	-0.02	0.0	0.0001	True
-0.02	-5.76923	1.34525054	-0.02	0.0	-0.0	True
-0.02	-5.5641	1.36777342	-0.02	0.0	0.0	True
-0.02	-5.35897	1.4657342	-0.02	-0.0	-0.0	True
-0.02	-5.15385	1.58049673	-0.02	0.0	-0.0	True
-0.02	-5.0	1.64250654	-0.02	0.0	-0.0	True
-0.02	-4.94872	1.8607451	-0.02	0.0	0.0001	True
-0.02	-4.74359	1.95323529	-0.02	-0.0	0.0	True
-0.02	-4.53846	2.30750109	-0.02	0.0	0.0001	True
-0.02	-4.33333	2.31598584	-0.02	-0.0	-0.0	True
-0.02	-4.12821	2.31683769	-0.02	-0.0	-0.0	True
-0.02	-4.0	2.19258061	-0.02	0.0	0.0	True
-0.02	-3.92308	2.21006863	-0.02	-0.0	0.0001	True
-0.02	-3.71795	2.16888017	-0.02	-0.0	-0.0001	True
-0.02	-3.51282	2.05574074	-0.02	-0.0	-0.0	True
-0.02	-3.30769	1.92628758	-0.02	-0.0	0.0	True
-0.02	-3.10256	1.7067037	-0.02	0.0	0.0	True
-0.02	-3.0	1.83924074	-0.02	-0.0	-0.0	True
-0.02	-2.89744	1.62566231	-0.02	0.0	0.0	True
-0.02	-2.69231	1.20041808	-0.02	0.0	0.0	True
-0.02	-2.48718	0.84562048	-0.02	-0.0	0.0001	True
-0.02	-2.28205	0.50640661	-0.02	0.0	-0.0	True
-0.02	-2.07692	0.03291095	-0.02	0.0	0.0	True
-0.02	-2.0	0.01797729	-0.02	0.0	-0.0	True
-0.02	-1.87179	0.15351698	-0.02	-0.0	-0.0001	True
-0.02	-1.66667	-0.04329942	-0.02	0.0	0.0	True
-0.02	-1.46154	-0.26487028	-0.02	0.0	0.0001	True
-0.02	-1.25641	-0.11804935	-0.02	-0.0	-0.0	True
-0.02	-1.05128	-0.10851285	-0.02	0.0	-0.0	True
-0.02	-1.0	0.01318873	-0.02	-0.0	-0.0001	True
-0.02	-0.84615	0.00012182	-0.02	-0.0	-0.0	True
-0.02	-0.79487	-0.02337451	-0.02	0.0	0.0001	True
-0.02	-0.64103	-0.04833167	-0.02	-0.0	0.0	True
-0.02	-0.58974	0.014325	-0.02	0.0	-0.0	True
-0.02	-0.4359	-0.12584063	-0.02	0.0	0.0	True
-0.02	-0.38462	0.04386782	-0.02	0.0	0.0001	True
-0.02	-0.23077	0.04070253	-0.02	-0.0	0.0001	True
-0.02	-0.17949	-0.09374172	-0.02	-0.0	-0.0001	True
-0.02	-0.02564	0.01684097	-0.02	0.0	0.0001	True
-0.02	0.0	-0.00600606	-0.02	-0.0	-0.0	True
-0.02	0.02564	-0.00864377	-0.02	-0.0	-0.0	True
-0.02	0.17949	-0.03295151	-0.02	0.0	-0.0	True
-0.02	0.23077	-0.02946153	-0.02	0.0	0.0001	True
-0.02	0.38462	0.04760125	-0.02	0.0	-0.0	True
-0.02	0.4359	-0.08278458	-0.02	0.0	-0.0	True
-0.02	0.58974	-0.0977995	-0.02	0.0	0.0001	True
-0.02	0.64103	0.05705646	-0.02	0.0	0.0001	True
-0.02	0.79487	0.11115059	-0.02	0.0	0.0001	True
-0.02	0.84615	0.15793999	-0.02	-0.0	-0.0	True
-0.02	1.0	0.0243888	-0.02	0.0	-0.0	True
-0.02	1.05128	-0.00320584	-0.02	-0.0	-0.0001	True
-0.02	1.25641	0.18277565	-0.02	0.0	0.0001	True
-0.02	1.46154	0.59568399	-0.02	0.0	0.0001	True
-0.02	1.66667	0.79408279	-0.02	0.0	0.0	True
-0.02	1.87179	0.73154847	-0.02	-0.0	0.0001	True
-0.02	2.0	0.79087691	-0.02	-0.0	-0.0	True
-0.02	2.07692	1.00822876	-0.02	0.0	-0.0	True
-0.02	2.28205	0.98148366	-0.02	0.0	-0.0001	True
-0.02	2.48718	1.43749129	-0.02	-0.0	0.0001	True
-0.02	2.69231	1.33977342	-0.02	0.0	-0.0	True
-0.02	2.89744	1.3794183	-0.02	0.0	0.0	True
-0.02	3.0	1.55667538	-0.02	-0.0	-0.0	True
-0.02	3.10256	1.69156645	-0.02	-0.0	0.0001	True
-0.02	3.30769	1.86070697	-0.02	0.0	0.0	True
-0.02	3.51282	1.98902397	-0.02	-0.0	-0.0	True
-0.02	3.71795	1.77609477	-0.02	-0.0	0.0	True
-0.02	3.92308	1.58613725	-0.02	0.0	-0.0	True
-0.02	4.0	1.72309695	-0.02	0.0	-0.0	True
-0.02	4.12821	1.61288126	-0.02	-0.0	-0.0	True
-0.02	4.33333	1.71684749	-0.02	0.0	0.0001	True
-0.02	4.53846	1.82349129	-0.02	-0.0	-0.0	True
-0.02	4.74359	1.48310349	-0.02	0.0	-0.0	True
-0.02	4.94872	1.66733769	-0.02	0.0	-0.0	True
-0.02	5.0	1.51155011	-0.02	-0.0	0.0	True
-0.02	5.15385	1.41334532	-0.02	0.0	0.0	True
-0.02	5.35897	1.42340741	-0.02	0.0	-0.0	True
-0.02	5.5641	1.2127146	-0.02	0.0	0.0	True
-0.02	5.76923	1.31096078	-0.02	-0.0	0.0001	True
-0.02	5.97436	1.39427233	-0.02	-0.0	-0.0001	True
-0.02	6.0	1.39001198	-0.02	0.0	-0.0	True
-0.02	6.17949	1.26064161	-0.02	-0.0	0.0001	True
-0.02	6.38462	1.31704684	-0.02	0.0	-0.0	True
-0.02	6.58974	1.34642702	-0.02	0.0	0.0	True
-0.02	6.79487	1.21080719	-0.02	0.0	-0.0	True
-0.02	7.0	1.26672767	-0.02	0.0	-0.0	True
-0.02	8.0	0.20241697	-0.02	-0.0	-0.0001	True
-0.02	9.0	-0.05011718	-0.02	0.0	-0.0001	True
-0.02	10.0	0.04480102	-0.02	0.0	-0.0	True
-0.02	11.0	0.06529435	-0.02	0.0	0.0	True
-0.02	12.0	-0.05007654	-0.02	0.0	-0.0	True
-0.02	13.0	0.0053974	-0.02	0.0	-0.0001	True
-0.02	14.0	-0.05742159	-0.02	0.0	-0.0	True
-0.02	15.0	0.05965364	-0.02	-0.0	0.0	True
-0.02	16.0	0.03437184	-0.02	0.0	0.0001	True
-0.02	17.0	-0.03136891	-0.02	-0.0	-0.0	True
-0.02	18.0	-0.05336366	-0.02	0.0	-0.0001	True
-0.02	19.0	0.00933353	-0.02	-0.0	-0.0	True
-0.02	20.0	0.03441254	-0.02	0.0	0.0	True
-0.02	21.0	0.02402376	-0.02	0.0	-0.0	True
-0.02	22.0	-0.00555963	-0.02	0.0	-0.0001	True
-0.02	23.0	-0.0193571	-0.02	-0.0	-0.0001	True
-0.02	24.0	0.0673235	-0.02	-0.0	-0.0	True
-0.02	25.0	0.00568124	-0.02	0.0	0.0	True
-0.02	26.0	-0.03420966	-0.02	-0.0	0.0	True
-0.02	27.0	0.12653069	-0.02	0.0	-0.0001	True
-0.02	28.0	0.10725488	-0.02	0.0	-0.0001	True
-0.02	29.0	-0.08262246	-0.02	-0.0	0.0	True
-0.02	30.0	-0.03644145	-0.02	-0.0	0.0	True
-0.02	31.0	0.08241953	-0.02	0.0	-0.0	True
-0.02	32.0	0.04045898	-0.02	-0.0	0.0	True
-0.02	33.0	-0.05336361	-0.02	-0.0	0.0001	True
-0.02	34.0	0.00373338	-0.02	0.0	-0.0	True
-0.02	35.0	-0.00949589	-0.02	-0.0	-0.0	True
-0.02	36.0	0.06184508	-0.02	-0.0	-0.0	True
-0.02	37.0	0.00499137	-0.02	-0.0	-0.0001	True
-0.02	38.0	0.0321805	-0.02	-0.0	-0.0	True
-0.02	39.0	-0.02970505	-0.02	0.0	-0.0	True
-0.02	40.0	0.14933693	-0.02	0.0	0.0	True
-0.02	41.0	-0.0237398	-0.02	0.0	0.0	True
-0.02	42.0	0.09881392	-0.02	-0.0	-0.0	True
-0.02	43.0	-0.0288123	-0.02	0.0	-0.0001	True
-0.02	44.0	-0.01797733	-0.02	0.0	0.0	True
-0.02	45.0	0.11528998	-0.02	0.0	0.0	True
-0.02	46.0	-0.07028571	-0.02	-0.0	-0.0001	True
-0.02	47.0	0.06196669	-0.02	0.0	-0.0	True
-0.02	48.0	-0.0102263	-0.02	0.0	0.0001	True
-0.02	49.0	0.12320296	-0.02	0.0	-0.0	True
-0.02	50.0	0.04196048	-0.02	0.0	0.0	True
-0.02	51.0	-0.01862656	-0.02	-0.0	0.0001	True
-0.02	52.0	0.00020296	-0.02	-0.0	0.0	True
-0.02	53.0	-0.05092874	-0.02	0.0	0.0001	True
-0.02	54.0	-0.01854547	-0.02	-0.0	-0.0001	True
-0.02	55.0	-0.02483543	-0.02	0.0	-0.0	True
-0.02	56.0	0.04321842	-0.02	0.0	-0.0	True
-0.02	57.0	-0.00527548	-0.02	0.0	-0.0	True
-0.02	58.0	0.00064927	-0.02	0.0	0.0	True
-0.02	59.0	-0.01992511	-0.02	0.0	0.0001	True
-0.02	60.0	-0.08521936	-0.02	0.0	-0.0	True
-0.02	61.0	0.02840657	-0.02	-0.0	-0.0001	True
-0.02	62.0	0.0005681	-0.02	0.0	-0.0	True
-0.02	63.0	0.09057625	-0.02	0.0	0.0	True
-0.02	64.0	0.01627294	-0.02	0.0	-0.0	True
-0.02	65.0	0.00048691	-0.02	0.0	-0.0	True
-0.0198	-40.0	0.84042828	-0.0198	-0.0	0.0	True
-0.0198	-39.0	0.01684111	-0.0198	0.0	0.0001	True
-0.0198	-38.0	0.08493568	-0.0198	-0.0	0.0	True
-0.0198	-37.0	-0.05977538	-0.0198	0.0	0.0	True
-0.0198	-36.0	0.02479487	-0.0198	-0.0	-0.0001	True
-0.0198	-35.0	-0.00860309	-0.0198	-0.0	0.0001	True
-0.0198	-34.0	0.02617456	-0.0198	0.0	-0.0	True
-0.0198	-33.0	-0.01529897	-0.0198	0.0	0.0	True
-0.0198	-32.0	0.06342779	-0.0198	-0.0	0.0001	True
-0.0198	-31.0	-0.04674888	-0.0198	-0.0	-0.0	True
-0.0198	-30.0	0.11496521	-0.0198	0.0	-0.0	True
-0.0198	-29.0	0.01680056	-0.0198	0.0	-0.0001	True
-0.0198	-28.0	0.0461808	-0.0198	0.0	0.0	True
-0.0198	-27.0	0.0243078	-0.0198	-0.0	-0.0	True
-0.0198	-26.0	0.03201822	-0.0198	0.0	-0.0	True
-0.0198	-25.0	-0.02081805	-0.0198	-0.0	-0.0001	True
-0.0198	-24.0	-0.04054011	-0.0198	-0.0	-0.0	True
-0.0198	-23.0	0.01951935	-0.0198	0.0	0.0001	True
-0.0198	-22.0	-0.03319514	-0.0198	0.0	-0.0001	True
-0.0198	-21.0	0.11261149	-0.0198	0.0	0.0	True
-0.0198	-20.0	0.09889532	-0.0198	0.0	0.0001	True
-0.0198	-19.0	-0.01448732	-0.0198	0.0	0.0	True
-0.0198	-18.0	0.03295156	-0.0198	0.0	0.0001	True
-0.0198	-17.0	-0.0216702	-0.0198	0.0	0.0001	True
-0.0198	-16.0	-0.01793671	-0.0198	0.0	0.0	True
-0.0198	-15.0	0.01643526	-0.0198	0.0	-0.0	True
-0.0198	-14.0	0.02016869	-0.0198	0.0	0.0	True
-0.0198	-13.0	-0.03238351	-0.0198	0.0	0.0001	True
-0.0198	-12.0	0.04394891	-0.0198	0.0	-0.0	True
-0.0198	-11.0	-0.08306859	-0.0198	-0.0	0.0	True
-0.0198	-10.0	0.12539449	-0.0198	0.0	0.0	True
-0.0198	-9.0	0.05056355	-0.0198	0.0	0.0001	True
-0.0198	-8.0	-0.05705659	-0.0198	0.0	-0.0	True
-0.0198	-7.79487	-0.00884662	-0.0198	0.0	0.0	True
-0.0198	-7.58974	0.00470748	-0.0198	-0.0	-0.0	True
-0.0198	-7.38462	-0.08477321	-0.0198	-0.0	0.0	True
-0.0198	-7.17949	0.08452971	-0.0198	0.0	0.0	True
-0.0198	-7.0	0.97353148	-0.0198	0.0	-0.0	True
-0.0198	-6.97436	1.26794444	-0.0198	0.0	0.0	True
-0.0198	-6.76923	1.19968954	-0.0198	0.0	0.0	True
-0.0198	-6.5641	1.22042484	-0.0198	0.0	-0.0	True
-0.0198	-6.35897	1.19007081	-0.0198	-0.0	0.0001	True
-0.0198	-6.15385	1.15809368	-0.0198	-0.0	-0.0	True
-0.0198	-6.0	1.25268627	-0.0198	-0.0	0.0	True
-0.0198	-5.94872	1.27127342	-0.0198	-0.0	-0.0	True
-0.0198	-5.74359	1.34634858	-0.0198	0.0	-0.0	True
-0.0198	-5.53846	1.41837908	-0.0198	0.0	0.0001	True
-0.0198	-5.33333	1.38177451	-0.0198	0.0	-0.0001	True
-0.0198	-5.12821	1.4781122	-0.0198	-0.0	-0.0	True
-0.0198	-5.0	1.39204139	-0.0198	0.0	0.0001	True
-0.0198	-4.92308	1.48115468	-0.0198	-0.0	-0.0	True
-0.0198	-4.71795	1.87133878	-0.0198	0.0	-0.0	True
-0.0198	-4.51282	1.48176253	-0.0198	0.0	0.0001	True
-0.0198	-4.30769	1.70223965	-0.0198	0.0	-0.0	True
-0.0198	-4.10256	1.7659085	-0.0198	0.0	0.0	True
-0.0198	-4.0	1.74711874	-0.0198	0.0	0.0001	True
-0.0198	-3.89744	1.78960893	-0.0198	-0.0	-0.0001	True
-0.0198	-3.69231	1.62955991	-0.0198	0.0	-0.0001	True
-0.0198	-3.48718	1.92494662	-0.0198	0.0	0.0001	True
-0.0198	-3.28205	1.82450763	-0.0198	0.0	0.0	True
-0.0198	-3.07692	1.66620261	-0.0198	-0.0	-0.0	True
-0.0198	-3.0	1.95010458	-0.0198	0.0	-0.0	True
-0.0198	-2.87179	1.65894009	-0.0198	0.0	-0.0	True
-0.0198	-2.66667	1.48764782	-0.0198	0.0	0.0001	True
-0.0198	-2.46154	1.05668106	-0.0198	0.0	-0.0	True
-0.0198	-2.25641	0.23143224	-0.0198	-0.0	-0.0	True
-0.0198	-2.05128	1.25090065	-0.0198	-0.0	-0.0	True
-0.0198	-2.0	1.15833617	-0.0198	0.0	-0.0	True
-0.0198	-1.84615	0.83713998	-0.0198	0.0	-0.0	True
-0.0198	-1.64103	0.69961187	-0.0198	-0.0	0.0	True
-0.0198	-1.4359	0.44874227	-0.0198	0.0	0.0	True
-0.0198	-1.23077	0.36664717	-0.0198	-0.0	-0.0	True
-0.0198	-1.02564	0.14673981	-0.0198	0.0	0.0001	True
-0.0198	-1.0	0.09390378	-0.0198	-0.0	-0.0001	True
-0.0198	-0.82051	0.16252605	-0.0198	0.0	0.0001	True
-0.0198	-0.61538	0.08635559	-0.0198	-0.0	0.0	True
-0.0198	-0.41026	-0.0939038	-0.0198	0.0	-0.0	True
-0.0198	-0.20513	0.05725944	-0.0198	0.0	0.0	True
-0.0198	0.0	0.06935242	-0.0198	0.0	0.0001	True
-0.0198	1.0	0.1495805	-0.0198	0.0	0.0	True
-0.0198	2.0	0.81449521	-0.0198	-0.0	-0.0	True
-0.0198	3.0	1.37219717	-0.0198	0.0	0.0	True
-0.0198	3.20513	1.67805229	-0.0198	-0.0	-0.0	True
-0.0198	3.41026	1.83619608	-0.0198	-0.0	0.0001	True
-0.0198	3.61538	1.63065359	-0.0198	0.0	0.0001	True
-0.0198	3.82051	1.81927233	-0.0198	-0.0	-0.0001	True
-0.0198	4.0	1.80056754	-0.0198	-0.0	-0.0001	True
-0.0198	4.02564	1.75616993	-0.0198	-0.0	0.0	True
-0.0198	4.23077	1.62521678	-0.0198	-0.0	0.0	True
-0.0198	4.4359	1.64347821	-0.0198	-0.0	0.0001	True
-0.0198	4.64103	1.50420479	-0.0198	0.0	-0.0001	True
-0.0198	4.84615	1.49629303	-0.0198	0.0	-0.0	True
-0.0198	5.0	1.40543246	-0.0198	-0.0	0.0	True
-0.0198	5.05128	1.51402614	-0.0198	0.0	-0.0	True
-0.0198	5.25641	1.60448039	-0.0198	-0.0	-0.0	True
-0.0198	5.46154	1.46147495	-0.0198	0.0	-0.0	True
-0.0198	5.66667	1.40575599	-0.0198	0.0	0.0001	True
-0.0198	5.87179	1.32682789	-0.0198	0.0	-0.0	True
-0.0198	6.0	1.29923203	-0.0198	0.0	-0.0	True
-0.0198	6.07692	1.26457843	-0.0198	0.0	0.0001	True
-0.0198	6.28205	1.24870915	-0.0198	0.0	-0.0	True
-0.0198	6.48718	1.30686275	-0.0198	0.0	0.0	True
-0.0198	6.69231	1.16276144	-0.0198	0.0	0.0001	True
-0.0198	6.89744	1.23134314	-0.0198	0.0	-0.0	True
-0.0198	7.0	1.3340915	-0.0198	0.0	-0.0	True
-0.0198	7.10256	1.28137691	-0.0198	0.0	-0.0001	True
-0.0198	7.30769	0.38296044	-0.0198	-0.0	0.0001	True
-0.0198	7.51282	0.08753258	-0.0198	0.0	0.0	True
-0.0198	7.71795	0.00876549	-0.0198	0.0	0.0	True
-0.0198	7.92308	0.09767773	-0.0198	0.0	-0.0	True
-0.0198	8.0	-0.01440616	-0.0198	-0.0	0.0	True
-0.0198	8.12821	0.08943995	-0.0198	0.0	0.0001	True
-0.0198	8.33333	0.04873745	-0.0198	-0.0	-0.0	True
-0.0198	8.53846	0.1315221	-0.0198	0.0	-0.0	True
-0.0198	8.74359	-0.0381053	-0.0198	0.0	-0.0	True
-0.0198	8.94872	-0.01598884	-0.0198	0.0	-0.0	True
-0.0198	9.0	0.008319	-0.0198	0.0	-0.0	True
-0.0198	9.15385	-0.03692845	-0.0198	0.0	0.0001	True
-0.0198	9.35897	0.03875463	-0.0198	0.0	0.0	True
-0.0198	9.5641	-0.03745605	-0.0198	0.0	-0.0001	True
-0.0198	9.76923	0.09678515	-0.0198	0.0	-0.0001	True
-0.0198	9.97436	-0.06010012	-0.0198	-0.0	-0.0	True
-0.0198	10.0	0.03891685	-0.0198	-0.0	0.0001	True
-0.0198	10.17949	-0.07154385	-0.0198	-0.0	0.0001	True
-0.0198	10.38462	-0.09325442	-0.0198	0.0	-0.0	True
-0.0198	10.58974	0.00734511	-0.0198	-0.0	0.0	True
-0.0198	10.79487	0.01452791	-0.0198	-0.0	0.0	True
-0.0198	11.0	-0.00702035	-0.0198	0.0	0.0	True
-0.0198	12.0	-0.03851107	-0.0198	0.0	-0.0	True
-0.0198	13.0	0.08542241	-0.0198	0.0	-0.0	True
-0.0198	14.0	0.08907467	-0.0198	0.0	-0.0001	True
-0.0198	15.0	0.00624947	-0.0198	0.0	-0.0	True
-0.0198	16.0	0.00113633	-0.0198	0.0	0.0001	True
-0.0198	17.0	-0.07665696	-0.0198	0.0	0.0	True
-0.0198	18.0	-0.03911985	-0.0198	-0.0	-0.0	True
-0.0198	19.0	-0.02727026	-0.0198	-0.0	-0.0	True
-0.0198	20.0	0.01643523	-0.0198	-0.0	-0.0	True
-0.0198	21.0	0.02832528	-0.0198	0.0	-0.0	True
-0.0198	22.0	-0.05458094	-0.0198	0.0	0.0001	True
-0.0198	23.0	-0.0074263	-0.0198	-0.0	-0.0001	True
-0.0198	24.0	0.05750291	-0.0198	0.0	0.0	True
-0.0198	25.0	0.04756053	-0.0198	0.0	-0.0	True
-0.0198	26.0	0.05332307	-0.0198	0.0	0.0001	True
-0.0198	27.0	-0.08586888	-0.0198	-0.0	-0.0001	True
-0.0198	28.0	0.02020918	-0.0198	0.0	0.0001	True
-0.0198	29.0	0.07604813	-0.0198	0.0	-0.0001	True
-0.0198	30.0	0.04346194	-0.0198	-0.0	0.0001	True
-0.0198	31.0	-0.07519607	-0.0198	-0.0	0.0001	True
-0.0198	32.0	0.07961928	-0.0198	0.0	-0.0	True
-0.0198	33.0	-0.04118943	-0.0198	0.0	-0.0001	True
-0.0198	34.0	-0.11541171	-0.0198	-0.0	0.0001	True
-0.0198	35.0	-0.00166383	-0.0198	-0.0	-0.0	True
-0.0198	36.0	0.06298133	-0.0198	0.0	-0.0001	True
-0.0198	37.0	0.05100996	-0.0198	-0.0	-0.0	True
-0.0198	38.0	0.07503363	-0.0198	-0.0	0.0001	True
-0.0198	39.0	-0.04216338	-0.0198	-0.0	-0.0	True
-0.0198	40.0	-0.03729371	-0.0198	0.0	0.0001	True
-0.0198	41.0	-0.00868423	-0.0198	0.0	-0.0	True
-0.0198	42.0	0.00146098	-0.0198	0.0	-0.0	True
-0.0198	43.0	0.08663972	-0.0198	0.0	0.0	True
-0.0198	44.0	-0.02520069	-0.0198	0.0	0.0	True
-0.0198	45.0	0.00844076	-0.0198	0.0	-0.0001	True
-0.0198	46.0	0.13606739	-0.0198	-0.0	0.0	True
-0.0198	47.0	0.01955988	-0.0198	0.0	0.0	True
-0.0198	48.0	-0.04520696	-0.0198	-0.0	0.0001	True
-0.0198	49.0	-0.01732796	-0.0198	0.0	-0.0	True
-0.0198	50.0	-0.02386153	-0.0198	0.0	-0.0	True
-0.0198	51.0	-0.04581563	-0.0198	0.0	0.0001	True
-0.0198	52.0	-0.0387951	-0.0198	0.0	0.0	True
-0.0198	53.0	0.07978177	-0.0198	0.0	-0.0	True
-0.0198	54.0	0.01493372	-0.0198	0.0	0.0	True
-0.0198	55.0	-0.047033	-0.0198	0.0	-0.0001	True
-0.0198	56.0	-0.01087556	-0.0198	-0.0	0.0	True
-0.0198	57.0	0.02240062	-0.0198	-0.0	0.0001	True
-0.0198	58.0	0.07215249	-0.0198	0.0	-0.0001	True
-0.0198	59.0	0.08347456	-0.0198	0.0	0.0001	True
-0.0198	60.0	-0.03299217	-0.0198	-0.0	-0.0	True
-0.0198	61.0	-0.09463429	-0.0198	0.0	-0.0001	True
-0.0198	62.0	-0.02576878	-0.0198	0.0	0.0	True
-0.0198	63.0	0.01992508	-0.0198	-0.0	0.0001	True
-0.0198	64.0	0.03867342	-0.0198	-0.0	-0.0001	True
-0.0198	65.0	-0.01497427	-0.0198	0.0	0.0001	True
-0.0196	-40.0	2.58823831	-0.0196	-0.0	-0.0	True
-0.0196	-39.0	0.01282342	-0.0196	-0.0	0.0	True
-0.0196	-38.0	0.12218843	-0.0196	-0.0	0.0001	True
-0.0196	-37.0	-0.02130492	-0.0196	0.0	-0.0001	True
-0.0196	-36.0	-0.03246459	-0.0196	-0.0	0.0	True
-0.0196	-35.0	-0.03027314	-0.0196	-0.0	-0.0001	True
-0.0196	-34.0	0.01680041	-0.0196	0.0	-0.0001	True
-0.0196	-33.0	0.03416895	-0.0196	0.0	-0.0	True
-0.0196	-32.0	-0.10530707	-0.0196	-0.0	-0.0	True
-0.0196	-31.0	0.05105069	-0.0196	0.0	-0.0	True
-0.0196	-30.0	-0.08128322	-0.0196	0.0	0.0001	True
-0.0196	-29.0	0.12523224	-0.0196	-0.0	0.0	True
-0.0196	-28.0	0.05770581	-0.0196	0.0	0.0	True
-0.0196	-27.0	0.12437996	-0.0196	0.0	-0.0	True
-0.0196	-26.0	-0.05843618	-0.0196	0.0	-0.0	True
-0.0196	-25.0	0.0445577	-0.0196	0.0	0.0	True
-0.0196	-24.0	0.01960045	-0.0196	0.0	0.0001	True
-0.0196	-23.0	0.05279556	-0.0196	0.0	-0.0001	True
-0.0196	-22.0	0.02499773	-0.0196	0.0	0.0	True
-0.0196	-21.0	0.02860939	-0.0196	0.0	0.0001	True
-0.0196	-20.0	-0.05518984	-0.0196	-0.0	-0.0	True
-0.0196	-19.0	0.11017667	-0.0196	0.0	-0.0	True
-0.0196	-18.0	-0.02317158	-0.0196	-0.0	-0.0	True
-0.0196	-17.0	0.03623858	-0.0196	-0.0	0.0001	True
-0.0196	-16.0	0.02560657	-0.0196	0.0	0.0	True
-0.0196	-15.0	-0.07462796	-0.0196	-0.0	0.0001	True
-0.0196	-14.0	-0.00113629	-0.0196	-0.0	-0.0	True
-0.0196	-13.0	0.01801786	-0.0196	0.0	0.0	True
-0.0196	-12.0	0.05214629	-0.0196	-0.0	-0.0	True
-0.0196	-11.0	0.08806002	-0.0196	0.0	0.0001	True
-0.0196	-10.0	-0.00909005	-0.0196	-0.0	-0.0001	True
-0.0196	-9.0	0.06350871	-0.0196	0.0	0.0	True
-0.0196	-8.0	0.04743881	-0.0196	0.0	0.0	True
-0.0196	-7.0	0.96143813	-0.0196	0.0	0.0001	True
-0.0196	-6.0	1.14823094	-0.0196	0.0	-0.0001	True
-0.0196	-5.0	1.45778214	-0.0196	-0.0	0.0001	True
-0.0196	-4.0	1.33802614	-0.0196	-0.0	-0.0	True
-0.0196	-3.0	1.75276253	-0.0196	0.0	-0.0001	True
-0.0196	-2.79487	1.60277451	-0.0196	0.0	-0.0	True
-0.0196	-2.58974	1.75361329	-0.0196	-0.0	-0.0	True
-0.0196	-2.38462	1.36643355	-0.0196	0.0	-0.0	True
-0.0196	-2.17949	1.30921569	-0.0196	0.0	-0.0	True
-0.0196	-2.0	1.4744183	-0.0196	0.0	0.0	True
-0.0196	-1.97436	1.28645098	-0.0196	0.0	0.0001	True
-0.0196	-1.76923	0.90357081	-0.0196	-0.0	0.0	True
-0.0196	-1.5641	0.7483476	-0.0196	0.0	-0.0001	True
-0.0196	-1.35897	0.96549564	-0.0196	0.0	-0.0	True
-0.0196	-1.15385	0.75528824	-0.0196	0.0	0.0	True
-0.0196	-1.0	0.51172331	-0.0196	0.0	-0.0	True
-0.0196	-0.94872	0.46598878	-0.0196	-0.0	-0.0001	True
-0.0196	-0.74359	0.3211963	-0.0196	-0.0	0.0	True
-0.0196	-0.53846	0.22437092	-0.0196	-0.0	-0.0001	True
-0.0196	-0.33333	0.19884554	-0.0196	0.0	0.0001	True
-0.0196	-0.12821	0.20959946	-0.0196	0.0	-0.0	True
-0.0196	0.0	0.10007208	-0.0196	-0.0	0.0	True
-0.0196	0.07692	0.16155198	-0.0196	0.0	0.0	True
-0.0196	0.28205	0.00844087	-0.0196	-0.0	0.0001	True
-0.0196	0.48718	0.09990967	-0.0196	0.0	-0.0	True
-0.0196	0.69231	0.25131651	-0.0196	0.0	0.0	True
-0.0196	0.89744	0.30191993	-0.0196	-0.0	-0.0	True
-0.0196	1.0	0.29640174	-0.0196	-0.0	0.0001	True
-0.0196	1.10256	0.63196471	-0.0196	-0.0	0.0	True
-0.0196	1.30769	0.38657204	-0.0196	-0.0	-0.0	True
-0.0196	1.51282	0.63585915	-0.0196	0.0	-0.0001	True
-0.0196	1.71795	0.78889041	-0.0196	0.0	-0.0	True
-0.0196	1.92308	0.94220359	-0.0196	0.0	0.0001	True
-0.0196	2.0	1.21287691	-0.0196	-0.0	-0.0	True
-0.0196	2.12821	1.12485686	-0.0196	-0.0	-0.0001	True
-0.0196	2.33333	1.23880828	-0.0196	0.0	0.0	True
-0.0196	2.53846	1.4570512	-0.0196	0.0	-0.0	True
-0.0196	2.74359	1.26133007	-0.0196	0.0	0.0	True
-0.0196	2.94872	1.53553268	-0.0196	0.0	0.0001	True
-0.0196	3.0	1.62087364	-0.0196	0.0	-0.0	True
-0.0196	3.15385	1.50846514	-0.0196	-0.0	0.0001	True
-0.0196	3.35897	1.55825817	-0.0196	-0.0	-0.0	True
-0.0196	3.5641	1.75081373	-0.0196	0.0	0.0	True
-0.0196	3.76923	1.68064924	-0.0196	0.0	0.0	True
-0.0196	3.97436	1.62781481	-0.0196	0.0	-0.0001	True
-0.0196	4.0	1.75823965	-0.0196	0.0	0.0	True
-0.0196	4.17949	1.52331808	-0.0196	0.0	0.0	True
-0.0196	4.38462	1.46236601	-0.0196	-0.0	0.0001	True
-0.0196	4.58974	1.4169183	-0.0196	-0.0	0.0001	True
-0.0196	4.79487	1.2812146	-0.0196	-0.0	-0.0001	True
-0.0196	5.0	1.35308388	-0.0196	0.0	-0.0	True
-0.0196	5.20513	1.467561	-0.0196	-0.0	0.0	True
-0.0196	5.41026	1.3356329	-0.0196	0.0	0.0	True
-0.0196	5.61538	1.19469717	-0.0196	0.0	0.0001	True
-0.0196	5.82051	1.43570588	-0.0196	-0.0	0.0001	True
-0.0196	6.0	1.28259477	-0.0196	0.0	-0.0	True
-0.0196	6.02564	1.17773529	-0.0196	0.0	-0.0001	True
-0.0196	6.23077	1.25159259	-0.0196	0.0	0.0	True
-0.0196	6.4359	1.23616993	-0.0196	0.0	-0.0	True
-0.0196	6.64103	1.1880817	-0.0196	0.0	-0.0	True
-0.0196	6.84615	1.19579412	-0.0196	-0.0	0.0	True
-0.0196	7.0	1.36878758	-0.0196	0.0	-0.0	True
-0.0196	7.05128	1.16831808	-0.0196	0.0	0.0	True
-0.0196	7.25641	0.30054149	-0.0196	0.0	0.0001	True
-0.0196	7.46154	-0.02881235	-0.0196	0.0	-0.0	True
-0.0196	7.66667	0.12113344	-0.0196	0.0	0.0001	True
-0.0196	7.87179	0.00783217	-0.0196	0.0	0.0001	True
-0.0196	8.0	-0.01412214	-0.0196	0.0	0.0001	True
-0.0196	8.07692	8.115e-05	-0.0196	0.0	-0.0	True
-0.0196	8.28205	-0.03765892	-0.0196	-0.0	0.0	True
-0.0196	8.48718	0.03899808	-0.0196	0.0	0.0	True
-0.0196	8.69231	0.00884657	-0.0196	0.0	-0.0	True
-0.0196	8.89744	0.05498698	-0.0196	0.0	-0.0	True
-0.0196	9.0	-0.04029656	-0.0196	0.0	0.0001	True
-0.0196	9.10256	0.06464505	-0.0196	0.0	-0.0	True
-0.0196	9.30769	0.0213861	-0.0196	-0.0	0.0001	True
-0.0196	9.51282	0.00495076	-0.0196	-0.0	0.0	True
-0.0196	9.71795	0.04760125	-0.0196	0.0	-0.0	True
-0.0196	9.92308	0.0116872	-0.0196	0.0	0.0	True
-0.0196	10.0	0.08351514	-0.0196	0.0	-0.0001	True
-0.0196	10.12821	-0.00840016	-0.0196	0.0	-0.0	True
-0.0196	10.33333	-0.01761209	-0.0196	0.0	-0.0	True
-0.0196	10.53846	-0.01874825	-0.0196	-0.0	0.0001	True
-0.0196	10.74359	-0.05328252	-0.0196	0.0	0.0001	True
-0.0196	10.94872	0.00527553	-0.0196	0.0	-0.0001	True
-0.0196	11.0	-0.00068978	-0.0196	-0.0	0.0	True
-0.0196	11.15385	0.0277573	-0.0196	0.0	0.0	True
-0.0196	11.35897	-0.02966456	-0.0196	0.0	-0.0001	True
-0.0196	11.5641	-0.04492282	-0.0196	0.0	-0.0	True
-0.0196	11.76923	0.02637744	-0.0196	-0.0	-0.0	True
-0.0196	11.97436	0.04723601	-0.0196	0.0	0.0001	True
-0.0196	12.0	-0.01984403	-0.0196	-0.0	0.0001	True
-0.0196	12.17949	0.06070873	-0.0196	-0.0	0.0001	True
-0.0196	12.38462	-0.00036522	-0.0196	0.0	0.0	True
-0.0196	12.58974	0.0616017	-0.0196	-0.0	-0.0001	True
-0.0196	12.79487	-0.02203533	-0.0196	0.0	0.0	True
-0.0196	13.0	-0.06501039	-0.0196	0.0	-0.0	True
-0.0196	14.0	0.00641173	-0.0196	0.0	-0.0001	True
-0.0196	15.0	0.03725305	-0.0196	0.0	-0.0	True
-0.0196	16.0	0.00158264	-0.0196	0.0	-0.0	True
-0.0196	17.0	0.0526333	-0.0196	-0.0	0.0001	True
-0.0196	18.0	-0.06809449	-0.0196	0.0	-0.0	True
-0.0196	19.0	-0.00840022	-0.0196	0.0	0.0001	True
-0.0196	20.0	-0.01152492	-0.0196	0.0	0.0001	True
-0.0196	21.0	-0.0096583	-0.0196	0.0	-0.0	True
-0.0196	22.0	0.04021558	-0.0196	0.0	-0.0	True
-0.0196	23.0	-0.08067432	-0.0196	0.0	0.0001	True
-0.0196	24.0	0.00669583	-0.0196	-0.0	-0.0	True
-0.0196	25.0	0.04492289	-0.0196	-0.0	-0.0	True
-0.0196	26.0	0.04942751	-0.0196	0.0	0.0	True
-0.0196	27.0	-0.00592488	-0.0196	-0.0	-0.0	True
-0.0196	28.0	0.02800069	-0.0196	-0.0	0.0001	True
-0.0196	29.0	0.05669117	-0.0196	-0.0	-0.0	True
-0.0196	30.0	0.00324645	-0.0196	0.0	0.0	True
-0.0196	31.0	0.01858598	-0.0196	-0.0	0.0001	True
-0.0196	32.0	-0.03457488	-0.0196	-0.0	-0.0001	True
-0.0196	33.0	0.0200063	-0.0196	0.0	-0.0001	True
-0.0196	34.0	0.00580308	-0.0196	0.0	-0.0	True
-0.0196	35.0	-0.00677691	-0.0196	-0.0	0.0	True
-0.0196	36.0	-0.00324651	-0.0196	-0.0	-0.0001	True
-0.0196	37.0	0.05109115	-0.0196	-0.0	-0.0	True
-0.0196	38.0	0.02459201	-0.0196	0.0	0.0001	True
-0.0196	39.0	-0.0204933	-0.0196	0.0	-0.0	True
-0.0196	40.0	-0.00284064	-0.0196	-0.0	-0.0	True
-0.0196	41.0	-0.02893402	-0.0196	0.0	-0.0	True
-0.0196	42.0	0.02483538	-0.0196	0.0	0.0	True
-0.0196	43.0	-0.05916669	-0.0196	-0.0	-0.0001	True
-0.0196	44.0	0.03185594	-0.0196	0.0	-0.0	True
-0.0196	45.0	0.05758408	-0.0196	-0.0	0.0001	True
-0.0196	46.0	0.01996573	-0.0196	-0.0	0.0	True
-0.0196	47.0	-0.0241455	-0.0196	-0.0	-0.0	True
-0.0196	48.0	-0.04605917	-0.0196	-0.0	-0.0	True
-0.0196	49.0	-0.07085392	-0.0196	0.0	-0.0	True
-0.0196	50.0	0.06326548	-0.0196	0.0	0.0	True
-0.0196	51.0	0.03851111	-0.0196	-0.0	0.0001	True
-0.0196	52.0	-0.05592017	-0.0196	-0.0	-0.0	True
-0.0196	53.0	-0.03051678	-0.0196	-0.0	-0.0	True
-0.0196	54.0	-0.01704391	-0.0196	0.0	0.0	True
-0.0196	55.0	0.02532237	-0.0196	-0.0	0.0001	True
-0.0196	56.0	0.02625574	-0.0196	0.0	0.0001	True
-0.0196	57.0	0.00657415	-0.0196	0.0	0.0	True
-0.0196	58.0	-0.06959592	-0.0196	-0.0	-0.0	True
-0.0196	59.0	0.04910257	-0.0196	-0.0	-0.0	True
-0.0196	60.0	0.01866706	-0.0196	-0.0	0.0	True
-0.0196	61.0	0.02933984	-0.0196	-0.0	0.0001	True
-0.0196	62.0	0.00669585	-0.0196	0.0	0.0001	True
-0.0196	63.0	-0.02373971	-0.0196	0.0	-0.0001	True
-0.0196	64.0	0.07085398	-0.0196	0.0	0.0	True
-0.0196	65.0	0.05880156	-0.0196	-0.0	0.0001	True
-0.0194	-40.0	-0.91509613	-0.0194	-0.0	0.0	True
-0.0194	-39.0	0.07008293	-0.0194	0.0	-0.0	True
-0.0194	-38.0	0.13156279	-0.0194	-0.0	-0.0001	True
-0.0194	-37.0	0.00466671	-0.0194	0.0	-0.0	True
-0.0194	-36.0	-0.017815	-0.0194	0.0	-0.0001	True
-0.0194	-35.0	0.0454098	-0.0194	-0.0	-0.0001	True
-0.0194	-34.0	-0.06626842	-0.0194	-0.0	0.0	True
-0.0194	-33.0	0.10173581	-0.0194	-0.0	0.0	True
-0.0194	-32.0	0.03104426	-0.0194	0.0	-0.0001	True
-0.0194	-31.0	0.01010456	-0.0194	0.0	0.0	True
-0.0194	-30.0	0.06083052	-0.0194	-0.0	0.0	True
-0.0194	-29.0	0.18614379	-0.0194	0.0	0.0	True
-0.0194	-28.0	0.04045895	-0.0194	-0.0	-0.0001	True
-0.0194	-27.0	-0.10400844	-0.0194	-0.0	-0.0	True
-0.0194	-26.0	-0.11025769	-0.0194	-0.0	-0.0	True
-0.0194	-25.0	0.03088196	-0.0194	-0.0	0.0001	True
-0.0194	-24.0	-0.04922443	-0.0194	-0.0	-0.0	True
-0.0194	-23.0	-0.07073225	-0.0194	0.0	0.0	True
-0.0194	-22.0	0.06062751	-0.0194	0.0	0.0	True
-0.0194	-21.0	0.07982217	-0.0194	0.0	0.0	True
-0.0194	-20.0	0.02938037	-0.0194	-0.0	-0.0	True
-0.0194	-19.0	0.04549098	-0.0194	0.0	-0.0	True
-0.0194	-18.0	-0.02718917	-0.0194	0.0	0.0	True
-0.0194	-17.0	0.03433114	-0.0194	0.0	0.0	True
-0.0194	-16.0	0.00162324	-0.0194	0.0	0.0001	True
-0.0194	-15.0	-0.02357742	-0.0194	0.0	-0.0	True
-0.0194	-14.0	0.05823328	-0.0194	-0.0	-0.0001	True
-0.0194	-13.0	-0.02645865	-0.0194	0.0	-0.0	True
-0.0194	-12.0	0.11675073	-0.0194	-0.0	-0.0	True
-0.0194	-11.79487	-0.0096177	-0.0194	0.0	-0.0	True
-0.0194	-11.58974	0.06192623	-0.0194	0.0	-0.0	True
-0.0194	-11.38462	-0.01984393	-0.0194	0.0	-0.0001	True
-0.0194	-11.17949	0.06038413	-0.0194	0.0	0.0001	True
-0.0194	-11.0	0.11224646	-0.0194	0.0	-0.0	True
-0.0194	-10.97436	0.06898733	-0.0194	0.0	0.0	True
-0.0194	-10.76923	0.05312021	-0.0194	-0.0	0.0001	True
-0.0194	-10.5641	-0.07694106	-0.0194	-0.0	0.0	True
-0.0194	-10.35897	0.10660566	-0.0194	-0.0	0.0	True
-0.0194	-10.15385	0.04459822	-0.0194	0.0	0.0001	True
-0.0194	-10.0	-0.04902148	-0.0194	0.0	0.0	True
-0.0194	-9.94872	0.02378034	-0.0194	0.0	-0.0	True
-0.0194	-9.74359	-0.01014517	-0.0194	0.0	-0.0	True
-0.0194	-9.53846	-0.03250519	-0.0194	-0.0	-0.0	True
-0.0194	-9.33333	0.08440791	-0.0194	-0.0	0.0	True
-0.0194	-9.12821	-0.00393631	-0.0194	0.0	-0.0001	True
-0.0194	-9.0	-0.05182161	-0.0194	0.0	0.0	True
-0.0194	-8.92308	0.04857524	-0.0194	-0.0	0.0001	True
-0.0194	-8.71795	0.14093693	-0.0194	0.0	0.0	True
-0.0194	-8.51282	-0.03534566	-0.0194	-0.0	0.0001	True
-0.0194	-8.30769	-0.05867977	-0.0194	-0.0	-0.0	True
-0.0194	-8.10256	-0.01091613	-0.0194	0.0	-0.0	True
-0.0194	-8.0	-0.06383344	-0.0194	-0.0	-0.0	True
-0.0194	-7.89744	-0.02718905	-0.0194	0.0	0.0	True
-0.0194	-7.69231	-0.07470905	-0.0194	0.0	-0.0	True
-0.0194	-7.48718	0.05234923	-0.0194	0.0	-0.0	True
-0.0194	-7.28205	0.02629626	-0.0194	-0.0	0.0	True
-0.0194	-7.07692	0.88226481	-0.0194	-0.0	-0.0	True
-0.0194	-7.0	1.14539216	-0.0194	0.0	-0.0	True
-0.0194	-6.87179	1.18438998	-0.0194	-0.0	-0.0	True
-0.0194	-6.66667	1.2586122	-0.0194	0.0	0.0001	True
-0.0194	-6.46154	1.11974619	-0.0194	0.0	-0.0	True
-0.0194	-6.25641	1.17639542	-0.0194	0.0	0.0001	True
-0.0194	-6.05128	1.30101743	-0.0194	-0.0	0.0	True
-0.0194	-6.0	1.16799455	-0.0194	-0.0	-0.0	True
-0.0194	-5.84615	1.1846732	-0.0194	-0.0	0.0	True
-0.0194	-5.64103	1.30649782	-0.0194	0.0	0.0001	True
-0.0194	-5.4359	1.18422767	-0.0194	0.0	-0.0001	True
-0.0194	-5.23077	1.29343137	-0.0194	-0.0	0.0001	True
-0.0194	-5.02564	1.33770261	-0.0194	-0.0	0.0001	True
-0.0194	-5.0	1.32183551	-0.0194	0.0	-0.0001	True
-0.0194	-4.82051	1.28117429	-0.0194	-0.0	0.0	True
-0.0194	-4.61538	1.42685839	-0.0194	-0.0	-0.0001	True
-0.0194	-4.41026	1.41740414	-0.0194	0.0	-0.0	True
-0.0194	-4.20513	1.5093976	-0.0194	-0.0	-0.0	True
-0.0194	-4.0	1.66981373	-0.0194	0.0	0.0	True
-0.0194	-3.0	1.86561765	-0.0194	0.0	-0.0	True
-0.0194	-2.0	0.97292364	-0.0194	0.0	-0.0	True
-0.0194	-1.0	0.67116416	-0.0194	0.0	0.0	True
-0.0194	0.0	0.25537469	-0.0194	-0.0	0.0	True
-0.0194	1.0	0.57644935	-0.0194	0.0	-0.0	True
-0.0194	2.0	1.27001525	-0.0194	0.0	-0.0	True
-0.0194	3.0	1.7332451	-0.0194	0.0	-0.0001	True
-0.0194	3.20513	1.55375272	-0.0194	-0.0	-0.0	True
-0.0194	3.41026	1.52319608	-0.0194	-0.0	-0.0	True
-0.0194	3.61538	1.51536492	-0.0194	0.0	0.0001	True
-0.0194	3.82051	1.50347386	-0.0194	-0.0	-0.0	True
-0.0194	4.0	1.48083007	-0.0194	0.0	-0.0	True
-0.0194	4.02564	1.47336275	-0.0194	-0.0	-0.0	True
-0.0194	4.23077	1.42202941	-0.0194	0.0	0.0	True
-0.0194	4.4359	1.29334967	-0.0194	0.0	0.0001	True
-0.0194	4.64103	1.45120806	-0.0194	0.0	-0.0	True
-0.0194	4.84615	1.33461765	-0.0194	-0.0	-0.0001	True
-0.0194	5.0	1.23629194	-0.0194	0.0	0.0	True
-0.0194	5.05128	1.29253704	-0.0194	0.0	-0.0001	True
-0.0194	5.25641	1.42701961	-0.0194	-0.0	-0.0	True
-0.0194	5.46154	1.2267146	-0.0194	-0.0	0.0	True
-0.0194	5.66667	1.19818736	-0.0194	-0.0	0.0001	True
-0.0194	5.87179	1.20573638	-0.0194	-0.0	0.0	True
-0.0194	6.0	1.13325817	-0.0194	0.0	-0.0001	True
-0.0194	6.07692	1.26433333	-0.0194	0.0	0.0001	True
-0.0194	6.28205	1.18126688	-0.0194	-0.0	-0.0	True
-0.0194	6.48718	1.10968083	-0.0194	0.0	-0.0	True
-0.0194	6.69231	1.11698475	-0.0194	0.0	0.0	True
-0.0194	6.89744	1.26818954	-0.0194	0.0	0.0001	True
-0.0194	7.0	1.1812658	-0.0194	0.0	-0.0	True
-0.0194	7.10256	1.11718736	-0.0194	0.0	0.0	True
-0.0194	7.30769	0.20030663	-0.0194	-0.0	-0.0	True
-0.0194	7.51282	0.00702048	-0.0194	0.0	-0.0001	True
-0.0194	7.71795	0.07604834	-0.0194	-0.0	0.0	True
-0.0194	7.92308	0.01866712	-0.0194	0.0	0.0001	True
-0.0194	8.0	0.00369282	-0.0194	-0.0	-0.0001	True
-0.0194	8.12821	0.11934804	-0.0194	0.0	-0.0	True
-0.0194	8.33333	-0.00977993	-0.0194	0.0	0.0001	True
-0.0194	8.53846	0.10145191	-0.0194	-0.0	0.0	True
-0.0194	8.74359	0.00904946	-0.0194	0.0	0.0	True
-0.0194	8.94872	0.01842365	-0.0194	0.0	0.0001	True
-0.0194	9.0	0.02276578	-0.0194	-0.0	-0.0	True
-0.0194	9.15385	-0.01306702	-0.0194	-0.0	0.0	True
-0.0194	9.35897	-0.0710569	-0.0194	0.0	0.0001	True
-0.0194	9.5641	-0.02110199	-0.0194	0.0	-0.0	True
-0.0194	9.76923	-0.05742174	-0.0194	0.0	0.0	True
-0.0194	9.97436	-0.0254442	-0.0194	0.0	-0.0	True
-0.0194	10.0	-0.05445935	-0.0194	0.0	0.0	True
-0.0194	10.17949	0.0286905	-0.0194	0.0	0.0	True
-0.0194	10.38462	-0.01955992	-0.0194	0.0	0.0001	True
-0.0194	10.58974	0.04346204	-0.0194	0.0	0.0	True
-0.0194	10.79487	-0.03583281	-0.0194	-0.0	-0.0	True
-0.0194	11.0	0.05973479	-0.0194	0.0	-0.0	True
-0.0194	12.0	-0.05376947	-0.0194	-0.0	0.0001	True
-0.0194	13.0	-0.01513674	-0.0194	-0.0	0.0001	True
-0.0194	14.0	0.04877807	-0.0194	0.0	-0.0	True
-0.0194	15.0	-0.05023886	-0.0194	-0.0	0.0	True
-0.0194	16.0	0.03282987	-0.0194	0.0	-0.0	True
-0.0194	17.0	0.07848319	-0.0194	0.0	0.0	True
-0.0194	18.0	0.07982233	-0.0194	0.0	-0.0	True
-0.0194	19.0	0.06675536	-0.0194	-0.0	-0.0001	True
-0.0194	20.0	0.06371179	-0.0194	-0.0	-0.0	True
-0.0194	21.0	-0.06306252	-0.0194	0.0	0.0001	True
-0.0194	22.0	-0.04123005	-0.0194	0.0	-0.0	True
-0.0194	23.0	-0.00466668	-0.0194	0.0	-0.0	True
-0.0194	24.0	-0.04910247	-0.0194	0.0	-0.0	True
-0.0194	25.0	-0.02877179	-0.0194	0.0	0.0001	True
-0.0194	26.0	0.1848451	-0.0194	0.0	-0.0001	True
-0.0194	27.0	-0.08972395	-0.0194	-0.0	-0.0001	True
-0.0194	28.0	-0.05600126	-0.0194	0.0	0.0	True
-0.0194	29.0	0.07568304	-0.0194	-0.0	-0.0	True
-0.0194	30.0	0.03546758	-0.0194	0.0	-0.0001	True
-0.0194	31.0	0.04342146	-0.0194	0.0	-0.0	True
-0.0194	32.0	0.03895749	-0.0194	0.0	0.0	True
-0.0194	33.0	0.0008116	-0.0194	0.0	-0.0	True
-0.0194	34.0	-0.06200742	-0.0194	-0.0	-0.0	True
-0.0194	35.0	-0.07223376	-0.0194	0.0	0.0	True
-0.0194	36.0	-0.00344938	-0.0194	-0.0	0.0	True
-0.0194	37.0	-0.02349621	-0.0194	-0.0	0.0	True
-0.0194	38.0	0.02597171	-0.0194	0.0	0.0	True
-0.0194	39.0	0.00718276	-0.0194	0.0	-0.0	True
-0.0194	40.0	-0.00332765	-0.0194	0.0	-0.0001	True
-0.0194	41.0	-0.02938051	-0.0194	-0.0	-0.0	True
-0.0194	42.0	0.00507254	-0.0194	0.0	0.0	True
-0.0194	43.0	-0.092727	-0.0194	0.0	0.0	True
-0.0194	44.0	0.04524739	-0.0194	0.0	0.0	True
-0.0194	45.0	-0.03035439	-0.0194	0.0	-0.0	True
-0.0194	46.0	0.06427984	-0.0194	0.0	0.0001	True
-0.0194	47.0	-0.06200723	-0.0194	-0.0	-0.0001	True
-0.0194	48.0	-0.01379744	-0.0194	0.0	-0.0001	True
-0.0194	49.0	0.02524119	-0.0194	-0.0	0.0001	True
-0.0194	50.0	0.07207135	-0.0194	-0.0	-0.0001	True
-0.0194	51.0	0.07933525	-0.0194	0.0	0.0	True
-0.0194	52.0	-0.04175758	-0.0194	-0.0	0.0001	True
-0.0194	53.0	0.07608879	-0.0194	0.0	-0.0	True
-0.0194	54.0	-0.00413924	-0.0194	0.0	-0.0	True
-0.0194	55.0	-0.02422681	-0.0194	-0.0	0.0	True
-0.0194	56.0	-0.03157183	-0.0194	-0.0	-0.0	True
-0.0194	57.0	0.02037148	-0.0194	-0.0	-0.0	True
-0.0194	58.0	-0.09702843	-0.0194	-0.0	0.0001	True
-0.0194	59.0	-0.0439083	-0.0194	-0.0	-0.0	True
-0.0194	60.0	0.01667864	-0.0194	0.0	0.0	True
-0.0194	61.0	0.0143251	-0.0194	-0.0	-0.0	True
-0.0194	62.0	0.00300298	-0.0194	0.0	0.0	True
-0.0194	63.0	0.12060594	-0.0194	0.0	0.0	True
-0.0194	64.0	-0.08258173	-0.0194	0.0	0.0	True
-0.0194	65.0	0.02649922	-0.0194	0.0	-0.0001	True
-0.0192	-40.0	2.12914913	-0.0193	0.0	0.0	True
-0.0192	-39.0	0.00523492	-0.0193	0.0	0.0	True
-0.0192	-38.0	-0.01339173	-0.0193	-0.0	0.0	True
-0.0192	-37.0	0.02081798	-0.0193	0.0	0.0	True
-0.0192	-36.0	-0.05815224	-0.0193	0.0	-0.0	True
-0.0192	-35.0	0.02889346	-0.0193	0.0	0.0001	True
-0.0192	-34.0	-0.04467932	-0.0193	0.0	-0.0001	True
-0.0192	-33.0	0.04256912	-0.0193	0.0	0.0	True
-0.0192	-32.0	-0.02179185	-0.0193	0.0	0.0	True
-0.0192	-31.0	-0.02605279	-0.0193	0.0	-0.0001	True
-0.0192	-30.0	-0.08221647	-0.0193	-0.0	0.0	True
-0.0192	-29.0	0.05616379	-0.0193	-0.0	0.0	True
-0.0192	-28.0	0.00900893	-0.0193	0.0	0.0	True
-0.0192	-27.0	-0.0057219	-0.0193	-0.0	0.0001	True
-0.0192	-26.0	-0.05827401	-0.0193	-0.0	-0.0	True
-0.0192	-25.0	0.00438267	-0.0193	0.0	-0.0	True
-0.0192	-24.0	-0.00994239	-0.0193	0.0	0.0	True
-0.0192	-23.0	0.03761829	-0.0193	0.0	0.0	True
-0.0192	-22.0	0.09873286	-0.0193	-0.0	0.0001	True
-0.0192	-21.0	0.09280805	-0.0193	0.0	0.0	True
-0.0192	-20.0	-0.07438453	-0.0193	0.0	-0.0	True
-0.0192	-19.0	-0.00389574	-0.0193	0.0	-0.0	True
-0.0192	-18.0	0.07998464	-0.0193	-0.0	-0.0001	True
-0.0192	-17.0	0.02106141	-0.0193	-0.0	0.0	True
-0.0192	-16.0	0.0624943	-0.0193	-0.0	0.0001	True
-0.0192	-15.0	0.0848543	-0.0193	-0.0	0.0	True
-0.0192	-14.0	-0.04829109	-0.0193	0.0	-0.0	True
-0.0192	-13.0	-0.06018126	-0.0193	0.0	-0.0	True
-0.0192	-12.0	0.09999087	-0.0193	0.0	-0.0001	True
-0.0192	-11.0	-0.1022633	-0.0193	0.0	-0.0	True
-0.0192	-10.0	0.08116146	-0.0193	-0.0	0.0001	True
-0.0192	-9.0	0.04528815	-0.0193	0.0	-0.0	True
-0.0192	-8.0	0.04431412	-0.0193	0.0	-0.0	True
-0.0192	-7.0	1.00546895	-0.0193	0.0	0.0001	True
-0.0192	-6.79487	1.12619826	-0.0193	0.0	0.0	True
-0.0192	-6.58974	1.2848671	-0.0193	-0.0	0.0	True
-0.0192	-6.38462	1.19534641	-0.0193	-0.0	0.0	True
-0.0192	-6.17949	1.22428214	-0.0193	-0.0	0.0	True
-0.0192	-6.0	1.23625163	-0.0193	0.0	0.0	True
-0.0192	-5.97436	1.24668192	-0.0193	-0.0	-0.0001	True
-0.0192	-5.76923	1.28434096	-0.0193	0.0	-0.0001	True
-0.0192	-5.5641	1.39764161	-0.0193	0.0	0.0	True
-0.0192	-5.35897	1.17988562	-0.0193	0.0	0.0	True
-0.0192	-5.15385	1.26157298	-0.0193	0.0	0.0	True
-0.0192	-5.0	1.30953922	-0.0193	-0.0	0.0	True
-0.0192	-4.94872	1.41350763	-0.0193	-0.0	-0.0	True
-0.0192	-4.74359	1.41257625	-0.0193	0.0	0.0	True
-0.0192	-4.53846	1.62018301	-0.0193	-0.0	-0.0	True
-0.0192	-4.33333	1.61685512	-0.0193	0.0	0.0	True
-0.0192	-4.12821	1.70406427	-0.0193	-0.0	-0.0	True
-0.0192	-4.0	1.79890087	-0.0193	0.0	0.0	True
-0.0192	-3.92308	1.7077963	-0.0193	0.0	0.0	True
-0.0192	-3.71795	1.87450218	-0.0193	-0.0	-0.0	True
-0.0192	-3.51282	1.97283442	-0.0193	0.0	-0.0	True
-0.0192	-3.30769	1.93204684	-0.0193	-0.0	-0.0	True
-0.0192	-3.10256	1.80559913	-0.0193	-0.0	-0.0	True
-0.0192	-3.0	1.99811329	-0.0193	0.0	0.0001	True
-0.0192	-2.89744	1.77216122	-0.0193	-0.0	0.0	True
-0.0192	-2.69231	1.72094662	-0.0193	-0.0	-0.0	True
-0.0192	-2.48718	1.40672985	-0.0193	0.0	0.0	True
-0.0192	-2.28205	1.23357298	-0.0193	0.0	0.0001	True
-0.0192	-2.07692	1.44885294	-0.0193	-0.0	-0.0	True
-0.0192	-2.0	0.59195117	-0.0193	0.0	0.0001	True
-0.0192	-1.87179	1.06191612	-0.0193	0.0	-0.0	True
-0.0192	-1.66667	0.66739041	-0.0193	0.0	-0.0	True
-0.0192	-1.46154	0.64584227	-0.0193	-0.0	0.0	True
-0.0192	-1.25641	0.48948388	-0.0193	-0.0	-0.0001	True
-0.0192	-1.05128	0.21227796	-0.0193	0.0	0.0001	True
-0.0192	-1.0	0.08927748	-0.0193	0.0	-0.0	True
-0.0192	-0.84615	0.20781394	-0.0193	-0.0	0.0	True
-0.0192	-0.79487	0.007832	-0.0193	0.0	-0.0001	True
-0.0192	-0.64103	0.06983945	-0.0193	-0.0	0.0	True
-0.0192	-0.58974	0.11496514	-0.0193	0.0	0.0	True
-0.0192	-0.4359	0.14260071	-0.0193	-0.0	0.0001	True
-0.0192	-0.38462	-0.00389573	-0.0193	-0.0	-0.0	True
-0.0192	-0.23077	0.12084947	-0.0193	-0.0	0.0001	True
-0.0192	-0.17949	-0.01899166	-0.0193	0.0	0.0	True
-0.0192	-0.02564	0.04553158	-0.0193	-0.0	-0.0	True
-0.0192	0.0	-0.00580303	-0.0193	-0.0	-0.0001	True
-0.0192	0.02564	0.09069788	-0.0193	-0.0	0.0	True
-0.0192	0.17949	0.11991601	-0.0193	0.0	-0.0001	True
-0.0192	0.23077	0.08128308	-0.0193	0.0	0.0	True
-0.0192	0.38462	0.25172233	-0.0193	-0.0	-0.0	True
-0.0192	0.4359	0.30979325	-0.0193	0.0	-0.0	True
-0.0192	0.58974	0.39606754	-0.0193	-0.0	0.0	True
-0.0192	0.64103	0.54065708	-0.0193	-0.0	0.0001	True
-0.0192	0.79487	0.52775229	-0.0193	0.0	-0.0	True
-0.0192	0.84615	0.51630915	-0.0193	-0.0	-0.0001	True
-0.0192	1.0	0.89220861	-0.0193	0.0	0.0	True
-0.0192	1.05128	0.70346688	-0.0193	0.0	0.0001	True
-0.0192	1.25641	0.79104031	-0.0193	0.0	-0.0	True
-0.0192	1.46154	0.87090283	-0.0193	0.0	-0.0	True
-0.0192	1.66667	1.42121786	-0.0193	0.0	-0.0	True
-0.0192	1.87179	1.18236057	-0.0193	0.0	0.0001	True
-0.0192	2.0	1.16811765	-0.0193	-0.0	-0.0	True
-0.0192	2.07692	1.42896841	-0.0193	0.0	0.0	True
-0.0192	2.28205	1.3076329	-0.0193	0.0	-0.0001	True
-0.0192	2.48718	1.50566558	-0.0193	0.0	-0.0	True
-0.0192	2.69231	1.59323856	-0.0193	-0.0	0.0001	True
-0.0192	2.89744	1.31554684	-0.0193	-0.0	-0.0	True
-0.0192	3.0	1.53533115	-0.0193	0.0	-0.0	True
-0.0192	3.10256	1.59088453	-0.0193	-0.0	0.0	True
-0.0192	3.30769	1.41444336	-0.0193	0.0	-0.0	True
-0.0192	3.51282	1.43874728	-0.0193	0.0	-0.0	True
-0.0192	3.71795	1.52972985	-0.0193	0.0	0.0	True
-0.0192	3.92308	1.30483224	-0.0193	0.0	0.0	True
-0.0192	4.0	1.32248584	-0.0193	0.0	-0.0001	True
-0.0192	4.12821	1.29261765	-0.0193	-0.0	-0.0001	True
-0.0192	4.33333	1.26295316	-0.0193	0.0	0.0	True
-0.0192	4.53846	1.25715142	-0.0193	-0.0	-0.0	True
-0.0192	4.74359	1.3970719	-0.0193	0.0	0.0001	True
-0.0192	4.94872	1.21539434	-0.0193	0.0	-0.0001	True
-0.0192	5.0	1.18045316	-0.0193	0.0	0.0	True
-0.0192	5.15385	1.21316231	-0.0193	0.0	-0.0	True
-0.0192	5.35897	1.12960675	-0.0193	-0.0	-0.0	True
-0.0192	5.5641	1.20488344	-0.0193	-0.0	0.0	True
-0.0192	5.76923	1.25337691	-0.0193	0.0	0.0	True
-0.0192	5.97436	1.27594118	-0.0193	0.0	-0.0	True
-0.0192	6.0	1.1989183	-0.0193	-0.0	-0.0	True
-0.0192	6.17949	1.21717974	-0.0193	-0.0	0.0	True
-0.0192	6.38462	1.2425817	-0.0193	0.0	0.0	True
-0.0192	6.58974	1.27350545	-0.0193	-0.0	-0.0	True
-0.0192	6.79487	1.12258388	-0.0193	0.0	-0.0	True
-0.0192	7.0	1.09588344	-0.0193	-0.0	0.0	True
-0.0192	8.0	0.22773935	-0.0193	0.0	0.0	True
-0.0192	9.0	0.01310744	-0.0193	-0.0	-0.0	True
-0.0192	10.0	0.04772302	-0.0193	-0.0	-0.0	True
-0.0192	11.0	0.07483083	-0.0193	0.0	-0.0	True
-0.0192	12.0	0.0214671	-0.0193	0.0	0.0001	True
-0.0192	13.0	0.03514293	-0.0193	0.0	0.0001	True
-0.0192	14.0	0.05876099	-0.0193	-0.0	-0.0	True
-0.0192	15.0	-0.00417981	-0.0193	-0.0	0.0	True
-0.0192	16.0	-0.00328698	-0.0193	0.0	-0.0	True
-0.0192	17.0	-0.09670379	-0.0193	-0.0	0.0	True
-0.0192	18.0	-0.00458563	-0.0193	0.0	0.0	True
-0.0192	19.0	0.02479484	-0.0193	0.0	-0.0	True
-0.0192	20.0	-0.02069608	-0.0193	0.0	-0.0	True
-0.0192	21.0	-0.00101451	-0.0193	0.0	0.0	True
-0.0192	22.0	-0.01298582	-0.0193	0.0	0.0001	True
-0.0192	23.0	0.10108667	-0.0193	0.0	-0.0	True
-0.0192	24.0	0.03960683	-0.0193	-0.0	0.0001	True
-0.0192	25.0	0.03100371	-0.0193	0.0	-0.0001	True
-0.0192	26.0	-0.00166382	-0.0193	-0.0	-0.0001	True
-0.0192	27.0	0.12531313	-0.0193	-0.0	-0.0	True
-0.0192	28.0	0.02020918	-0.0193	-0.0	0.0	True
-0.0192	29.0	0.00572195	-0.0193	0.0	-0.0	True
-0.0192	30.0	0.08250069	-0.0193	0.0	0.0	True
-0.0192	31.0	-0.07523669	-0.0193	0.0	-0.0001	True
-0.0192	32.0	-0.03404731	-0.0193	0.0	0.0001	True
-0.0192	33.0	0.03794295	-0.0193	-0.0	0.0	True
-0.0192	34.0	-0.0320588	-0.0193	0.0	-0.0	True
-0.0192	35.0	0.13351056	-0.0193	0.0	-0.0	True
-0.0192	36.0	-0.02337451	-0.0193	0.0	-0.0	True
-0.0192	37.0	-0.07738737	-0.0193	0.0	-0.0	True
-0.0192	38.0	0.04232568	-0.0193	0.0	0.0001	True
-0.0192	39.0	-0.00073052	-0.0193	-0.0	-0.0	True
-0.0192	40.0	0.11159695	-0.0193	0.0	0.0001	True
-0.0192	41.0	-0.04991424	-0.0193	0.0	0.0	True
-0.0192	42.0	0.01408151	-0.0193	-0.0	-0.0	True
-0.0192	43.0	0.02455132	-0.0193	0.0	0.0	True
-0.0192	44.0	-0.0337226	-0.0193	-0.0	0.0001	True
-0.0192	45.0	0.02670214	-0.0193	0.0	0.0	True
-0.0192	46.0	0.02755424	-0.0193	-0.0	0.0	True
-0.0192	47.0	0.01586702	-0.0193	0.0	0.0	True
-0.0192	48.0	0.00758859	-0.0193	-0.0	-0.0	True
-0.0192	49.0	0.0171251	-0.0193	-0.0	-0.0	True
-0.0192	50.0	-0.00673648	-0.0193	0.0	-0.0	True
-0.0192	51.0	0.03928214	-0.0193	0.0	-0.0	True
-0.0192	52.0	0.00807554	-0.0193	-0.0	-0.0	True
-0.0192	53.0	0.02378025	-0.0193	0.0	0.0	True
-0.0192	54.0	0.01253962	-0.0193	0.0	0.0	True
-0.0192	55.0	-0.00551904	-0.0193	0.0	0.0	True
-0.0192	56.0	0.07000173	-0.0193	-0.0	-0.0	True
-0.0192	57.0	-0.06931194	-0.0193	-0.0	0.0	True
-0.0192	58.0	0.06878434	-0.0193	0.0	0.0001	True
-0.0192	59.0	-0.03587342	-0.0193	-0.0	-0.0	True
-0.0192	60.0	0.03461534	-0.0193	-0.0	-0.0	True
-0.0192	61.0	-0.06018118	-0.0193	0.0	0.0001	True
-0.0192	62.0	-0.01615105	-0.0193	-0.0	0.0001	True
-0.0192	63.0	-0.05989715	-0.0193	-0.0	0.0001	True
-0.0192	64.0	-0.02280634	-0.0193	0.0	-0.0	True
-0.0192	65.0	0.04265034	-0.0193	0.0	-0.0	True
-0.019	-40.0	2.24184	-0.019	0.0	-0.0	True
-0.019	-39.0	-0.08262221	-0.019	-0.0	0.0	True
-0.019	-38.0	-0.13135999	-0.019	-0.0	0.0001	True
-0.019	-37.0	0.13196841	-0.019	0.0	0.0	True
-0.019	-36.0	0.12482627	-0.019	0.0	0.0	True
-0.019	-35.0	-0.08282528	-0.019	0.0	-0.0	True
-0.019	-34.0	0.16983055	-0.019	-0.0	0.0	True
-0.019	-33.0	0.04281264	-0.019	0.0	0.0	True
-0.019	-32.0	0.16009095	-0.019	-0.0	0.0	True
-0.019	-31.0	0.16698972	-0.019	-0.0	-0.0	True
-0.019	-30.0	-0.05401297	-0.019	0.0	-0.0	True
-0.019	-29.0	0.03603571	-0.019	0.0	0.0001	True
-0.019	-28.0	-0.00170449	-0.019	0.0	0.0001	True
-0.019	-27.0	0.17543071	-0.019	0.0	-0.0	True
-0.019	-26.0	-0.06216975	-0.019	-0.0	-0.0	True
-0.019	-25.0	-0.08826301	-0.019	0.0	0.0	True
-0.019	-24.0	0.13387593	-0.019	0.0	0.0001	True
-0.019	-23.0	0.0703669	-0.019	0.0	-0.0001	True
-0.019	-22.0	0.08603123	-0.019	0.0	-0.0	True
-0.019	-21.0	-0.1215393	-0.019	0.0	0.0001	True
-0.019	-20.0	0.07109749	-0.019	0.0	0.0001	True
-0.019	-19.0	0.08412375	-0.019	0.0	-0.0	True
-0.019	-18.0	0.0858282	-0.019	0.0	-0.0	True
-0.019	-17.0	-0.02304988	-0.019	-0.0	-0.0	True
-0.019	-16.0	0.11922601	-0.019	-0.0	0.0001	True
-0.019	-15.0	0.0309631	-0.019	0.0	0.0	True
-0.019	-14.0	0.1848856	-0.019	0.0	-0.0001	True
-0.019	-13.0	-0.04021573	-0.019	0.0	0.0	True
-0.019	-12.0	0.06448271	-0.019	0.0	-0.0001	True
-0.019	-11.0	0.20874712	-0.019	0.0	-0.0	True
-0.019	-10.0	-0.08895286	-0.019	0.0	0.0	True
-0.019	-9.0	0.02848772	-0.019	0.0	0.0	True
-0.019	-8.0	0.056245	-0.019	-0.0	0.0	True
-0.019	-7.79487	-0.0860718	-0.019	0.0	0.0	True
-0.019	-7.58974	0.12726113	-0.019	-0.0	0.0	True
-0.019	-7.38462	-0.16865359	-0.019	0.0	-0.0001	True
-0.019	-7.17949	0.08789784	-0.019	-0.0	0.0001	True
-0.019	-7.0	1.36347059	-0.019	-0.0	0.0001	True
-0.019	-6.97436	1.53817102	-0.019	-0.0	0.0001	True
-0.019	-6.76923	1.38355991	-0.019	-0.0	-0.0001	True
-0.019	-6.5641	1.94949673	-0.019	0.0	0.0001	True
-0.019	-6.35897	1.70382353	-0.019	-0.0	0.0001	True
-0.019	-6.15385	2.28579194	-0.019	0.0	-0.0001	True
-0.019	-6.0	2.37612527	-0.019	0.0	0.0001	True
-0.019	-5.94872	2.46459041	-0.019	-0.0	-0.0	True
-0.019	-5.74359	2.453878	-0.019	-0.0	0.0	True
-0.019	-5.53846	2.50013943	-0.019	0.0	0.0	True
-0.019	-5.33333	2.53597168	-0.019	0.0	-0.0001	True
-0.019	-5.12821	2.48678758	-0.019	0.0	0.0001	True
-0.019	-5.0	2.55975163	-0.019	-0.0	-0.0	True
-0.019	-4.92308	2.33655991	-0.019	-0.0	-0.0001	True
-0.019	-4.71795	2.43910349	-0.019	-0.0	0.0	True
-0.019	-4.51282	2.58755011	-0.019	0.0	-0.0	True
-0.019	-4.30769	2.73380065	-0.019	0.0	-0.0	True
-0.019	-4.10256	2.76180283	-0.019	0.0	-0.0	True
-0.019	-4.0	1.22184412	-0.019	0.0	0.0	True
-0.019	-3.89744	1.45863399	-0.019	-0.0	-0.0001	True
-0.019	-3.69231	1.0546939	-0.019	0.0	0.0	True
-0.019	-3.48718	1.01662734	-0.019	-0.0	0.0001	True
-0.019	-3.28205	0.30833265	-0.019	-0.0	0.0001	True
-0.019	-3.07692	0.178961	-0.019	0.0	-0.0	True
-0.019	-3.0	-0.23674782	-0.019	0.0	-0.0	True
-0.019	-2.87179	0.12754548	-0.019	-0.0	0.0001	True
-0.019	-2.66667	0.19182501	-0.019	-0.0	-0.0	True
-0.019	-2.46154	0.00775086	-0.019	0.0	0.0	True
-0.019	-2.25641	0.16151138	-0.019	0.0	0.0001	True
-0.019	-2.05128	-0.00600587	-0.019	-0.0	-0.0	True
-0.019	-2.0	0.04861571	-0.019	0.0	0.0	True
-0.019	-1.84615	-0.10189817	-0.019	-0.0	-0.0001	True
-0.019	-1.64103	-0.15696618	-0.019	-0.0	0.0	True
-0.019	-1.4359	0.00085217	-0.019	0.0	-0.0	True
-0.019	-1.23077	-0.03084137	-0.019	-0.0	0.0	True
-0.019	-1.02564	-0.06655235	-0.019	0.0	0.0	True
-0.019	-1.0	-0.0606276	-0.019	-0.0	0.0001	True
-0.019	-0.82051	0.0034088	-0.019	0.0	-0.0001	True
-0.019	-0.61538	-0.05652894	-0.019	-0.0	-0.0	True
-0.019	-0.41026	-0.08639641	-0.019	-0.0	0.0	True
-0.019	-0.20513	-0.03319505	-0.019	0.0	0.0	True
-0.019	0.0	0.0299079	-0.019	-0.0	-0.0	True
-0.019	0.20513	-0.0605059	-0.019	0.0	-0.0001	True
-0.019	0.41026	-0.06509146	-0.019	0.0	-0.0	True
-0.019	0.61538	0.03047615	-0.019	-0.0	-0.0	True
-0.019	0.82051	-0.05234915	-0.019	0.0	0.0	True
-0.019	1.0	-0.03972856	-0.019	0.0	0.0	True
-0.019	1.02564	-0.00348989	-0.019	-0.0	-0.0001	True
-0.019	1.23077	-0.00941474	-0.019	0.0	-0.0	True
-0.019	1.4359	-0.04476065	-0.019	0.0	0.0001	True
-0.019	1.64103	0.14361512	-0.019	0.0	0.0001	True
-0.019	1.84615	0.17965094	-0.019	-0.0	-0.0	True
-0.019	2.0	0.29303377	-0.019	0.0	-0.0	True
-0.019	2.05128	-0.07146235	-0.019	0.0	0.0	True
-0.019	2.25641	0.14864698	-0.019	0.0	-0.0	True
-0.019	2.46154	0.7814634	-0.019	0.0	-0.0	True
-0.019	2.66667	0.62271209	-0.019	0.0	0.0001	True
-0.019	2.87179	1.07165686	-0.019	-0.0	-0.0001	True
-0.019	3.0	1.23836275	-0.019	0.0	-0.0001	True
-0.019	3.07692	1.3448061	-0.019	0.0	-0.0001	True
-0.019	3.28205	1.42852179	-0.019	0.0	-0.0	True
-0.019	3.48718	1.92835403	-0.019	-0.0	0.0001	True
-0.019	3.69231	1.88205338	-0.019	0.0	0.0	True
-0.019	3.89744	2.01203377	-0.019	0.0	-0.0	True
-0.019	4.0	1.88014379	-0.019	0.0	-0.0	True
-0.019	4.10256	2.02838998	-0.019	-0.0	0.0	True
-0.019	4.30769	2.26497386	-0.019	0.0	0.0	True
-0.019	4.51282	2.208122	-0.019	0.0	-0.0	True
-0.019	4.71795	2.15699129	-0.019	-0.0	0.0	True
-0.019	4.92308	2.03772331	-0.019	-0.0	0.0	True
-0.019	5.0	1.97794553	-0.019	0.0	-0.0	True
-0.019	5.12821	2.0354902	-0.019	-0.0	0.0	True
-0.019	5.33333	1.9335512	-0.019	-0.0	0.0	True
-0.019	5.53846	1.87831808	-0.019	0.0	0.0001	True
-0.019	5.74359	1.84431155	-0.019	-0.0	0.0001	True
-0.019	5.94872	1.67038235	-0.019	0.0	-0.0	True
-0.019	6.0	1.69318954	-0.019	0.0	0.0	True
-0.019	6.15385	1.62566231	-0.019	0.0	0.0	True
-0.019	6.35897	1.4078671	-0.019	0.0	0.0	True
-0.019	6.5641	1.4270207	-0.019	0.0	0.0	True
-0.019	6.76923	1.39163399	-0.019	0.0	-0.0001	True
-0.019	6.97436	1.42771133	-0.019	0.0	-0.0	True
-0.019	7.0	1.30304684	-0.019	0.0	0.0	True
-0.019	7.17949	0.31620441	-0.019	0.0	-0.0	True
-0.019	7.38462	-0.037456	-0.019	-0.0	-0.0	True
-0.019	7.58974	0.06996121	-0.019	-0.0	-0.0	True
-0.019	7.79487	0.02625584	-0.019	0.0	0.0	True
-0.019	8.0	0.03847065	-0.019	-0.0	0.0	True
-0.019	9.0	0.01878885	-0.019	0.0	-0.0001	True
-0.019	10.0	0.15177202	-0.019	-0.0	-0.0001	True
-0.019	11.0	-0.01046985	-0.019	0.0	0.0001	True
-0.019	12.0	-0.01598891	-0.019	0.0	-0.0001	True
-0.019	13.0	0.02629629	-0.019	-0.0	-0.0	True
-0.019	14.0	0.07434395	-0.019	-0.0	0.0	True
-0.019	15.0	-0.00101453	-0.019	-0.0	-0.0001	True
-0.019	16.0	0.02106137	-0.019	-0.0	-0.0	True
-0.019	17.0	-0.03400664	-0.019	-0.0	0.0001	True
-0.019	18.0	0.0111192	-0.019	0.0	-0.0001	True
-0.019	19.0	-0.028163	-0.019	0.0	0.0001	True
-0.019	20.0	-0.01525835	-0.019	0.0	0.0001	True
-0.019	21.0	-0.02816299	-0.019	0.0	-0.0	True
-0.019	22.0	0.11752184	-0.019	0.0	0.0001	True
-0.019	23.0	0.04650554	-0.019	0.0	0.0001	True
-0.019	24.0	0.01972225	-0.019	-0.0	-0.0001	True
-0.019	25.0	0.15911702	-0.019	0.0	0.0	True
-0.019	26.0	0.0394039	-0.019	-0.0	0.0	True
-0.019	27.0	0.01286386	-0.019	-0.0	-0.0001	True
-0.019	28.0	0.06850019	-0.019	0.0	-0.0	True
-0.019	29.0	0.04780405	-0.019	0.0	0.0	True
-0.019	30.0	0.01038865	-0.019	0.0	0.0	True
-0.019	31.0	0.07393807	-0.019	-0.0	0.0001	True
-0.019	32.0	-0.03713142	-0.019	0.0	-0.0	True
-0.019	33.0	0.06046527	-0.019	0.0	0.0	True
-0.019	34.0	0.0395256	-0.019	0.0	-0.0	True
-0.019	35.0	0.08461084	-0.019	0.0	0.0	True
-0.019	36.0	-0.03132824	-0.019	0.0	0.0001	True
-0.019	37.0	-0.02787899	-0.019	-0.0	0.0001	True
-0.019	38.0	0.01663826	-0.019	0.0	-0.0	True
-0.019	39.0	-0.03709072	-0.019	0.0	-0.0	True
-0.019	40.0	0.07052931	-0.019	-0.0	0.0	True
-0.019	41.0	-0.01152491	-0.019	-0.0	0.0001	True
-0.019	42.0	-0.06590309	-0.019	0.0	-0.0	True
-0.019	43.0	0.03055742	-0.019	0.0	-0.0001	True
-0.019	44.0	0.11825237	-0.019	0.0	-0.0	True
-0.019	45.0	0.0254846	-0.019	0.0	-0.0001	True
-0.019	46.0	0.01643508	-0.019	0.0	0.0001	True
-0.019	47.0	-0.01326983	-0.019	-0.0	0.0001	True
-0.019	48.0	0.03169364	-0.019	-0.0	-0.0	True
-0.019	49.0	0.08509779	-0.019	0.0	0.0	True
-0.019	50.0	0.1161826	-0.019	0.0	0.0001	True
-0.019	51.0	4.051e-05	-0.019	-0.0	0.0001	True
-0.019	52.0	-0.00405809	-0.019	-0.0	-0.0001	True
-0.019	53.0	0.0624943	-0.019	0.0	0.0001	True
-0.019	54.0	0.06703927	-0.019	-0.0	0.0	True
-0.019	55.0	-0.02544406	-0.019	0.0	-0.0	True
-0.019	56.0	-0.02942097	-0.019	0.0	-0.0	True
-0.019	57.0	-0.12811332	-0.019	-0.0	0.0	True
-0.019	58.0	-0.02787902	-0.019	-0.0	0.0	True
-0.019	59.0	-0.10648361	-0.019	-0.0	0.0	True
-0.019	60.0	0.07572367	-0.019	-0.0	-0.0001	True
-0.019	61.0	-0.00592475	-0.019	0.0	0.0001	True
-0.019	62.0	0.00519435	-0.019	-0.0	0.0	True
-0.019	63.0	-0.09402551	-0.019	0.0	0.0	True
-0.019	64.0	-0.05547394	-0.019	0.0	-0.0001	True
-0.019	65.0	0.01675984	-0.019	0.0	-0.0	True
-0.0188	-40.0	-0.06030297	-0.0189	0.0	0.0	True
-0.0188	-39.0	0.00555956	-0.0189	0.0	0.0001	True
-0.0188	-38.0	0.16824745	-0.0189	-0.0	-0.0	True
-0.0188	-37.0	-0.20813856	-0.0189	-0.0	-0.0001	True
-0.0188	-36.0	0.06825676	-0.0189	0.0	-0.0	True
-0.0188	-35.0	0.14949941	-0.0189	0.0	-0.0	True
-0.0188	-34.0	-0.11366675	-0.0189	-0.0	-0.0	True
-0.0188	-33.0	-0.12324379	-0.0189	-0.0	0.0	True
-0.0188	-32.0	-0.1247451	-0.0189	0.0	0.0001	True
-0.0188	-31.0	0.18159869	-0.0189	0.0	-0.0	True
-0.0188	-30.0	0.13501196	-0.0189	-0.0	0.0	True
-0.0188	-29.0	-0.22343756	-0.0189	-0.0	0.0	True
-0.0188	-28.0	0.04338085	-0.0189	0.0	0.0001	True
-0.0188	-27.0	0.23869498	-0.0189	0.0	0.0001	True
-0.0188	-26.0	-0.0980024	-0.0189	0.0	-0.0001	True
-0.0188	-25.0	0.07836127	-0.0189	0.0	0.0	True
-0.0188	-24.0	-0.0334384	-0.0189	-0.0	0.0001	True
-0.0188	-23.0	-0.15420664	-0.0189	0.0	-0.0	True
-0.0188	-22.0	0.28528268	-0.0189	-0.0	-0.0001	True
-0.0188	-21.0	0.09321381	-0.0189	0.0	0.0	True
-0.0188	-20.0	-0.12547569	-0.0189	-0.0	0.0	True
-0.0188	-19.0	-0.15599268	-0.0189	0.0	0.0	True
-0.0188	-18.0	-0.21459111	-0.0189	-0.0	-0.0	True
-0.0188	-17.0	-0.02227889	-0.0189	-0.0	0.0	True
-0.0188	-16.0	0.15286765	-0.0189	-0.0	0.0001	True
-0.0188	-15.0	-0.02394259	-0.0189	-0.0	0.0001	True
-0.0188	-14.0	0.04378671	-0.0189	0.0	-0.0	True
-0.0188	-13.0	-0.18456111	-0.0189	0.0	-0.0001	True
-0.0188	-12.0	0.27761362	-0.0189	0.0	0.0	True
-0.0188	-11.79487	-0.14734826	-0.0189	0.0	-0.0	True
-0.0188	-11.58974	0.07438453	-0.0189	0.0	0.0	True
-0.0188	-11.38462	-0.15781863	-0.0189	-0.0	-0.0001	True
-0.0188	-11.17949	-0.01071336	-0.0189	0.0	-0.0001	True
-0.0188	-11.0	-0.14365606	-0.0189	-0.0	0.0	True
-0.0188	-10.97436	-0.17871725	-0.0189	0.0	-0.0	True
-0.0188	-10.76923	0.26060934	-0.0189	-0.0	-0.0	True
-0.0188	-10.5641	-0.08371803	-0.0189	0.0	-0.0001	True
-0.0188	-10.35897	-0.06785099	-0.0189	0.0	0.0	True
-0.0188	-10.15385	0.04829107	-0.0189	0.0	0.0	True
-0.0188	-10.0	-0.20355283	-0.0189	-0.0	-0.0	True
-0.0188	-9.94872	0.08891242	-0.0189	-0.0	-0.0	True
-0.0188	-9.74359	-0.06407717	-0.0189	-0.0	-0.0001	True
-0.0188	-9.53846	0.28532253	-0.0189	0.0	-0.0	True
-0.0188	-9.33333	0.28645935	-0.0189	0.0	-0.0	True
-0.0188	-9.12821	-0.36770113	-0.0189	0.0	-0.0001	True
-0.0188	-9.0	-0.24206416	-0.0189	0.0	-0.0	True
-0.0188	-8.92308	0.28564749	-0.0189	-0.0	0.0001	True
-0.0188	-8.71795	0.11748138	-0.0189	-0.0	-0.0	True
-0.0188	-8.51282	-0.1255161	-0.0189	0.0	0.0	True
-0.0188	-8.30769	-0.24279444	-0.0189	0.0	-0.0	True
-0.0188	-8.10256	-0.18038137	-0.0189	-0.0	0.0	True
-0.0188	-8.0	0.03522397	-0.0189	0.0	0.0001	True
-0.0188	-7.89744	0.11135363	-0.0189	-0.0	0.0001	True
-0.0188	-7.69231	-0.08420499	-0.0189	0.0	0.0	True
-0.0188	-7.48718	0.06833791	-0.0189	0.0	0.0001	True
-0.0188	-7.28205	0.24620341	-0.0189	-0.0	-0.0	True
-0.0188	-7.07692	1.73669281	-0.0189	0.0	0.0	True
-0.0188	-7.0	1.57562636	-0.0189	0.0	0.0001	True
-0.0188	-6.87179	1.75921678	-0.0189	0.0	-0.0	True
-0.0188	-6.66667	2.24021678	-0.0189	0.0	-0.0001	True
-0.0188	-6.46154	2.71237582	-0.0189	0.0	0.0	True
-0.0188	-6.25641	3.06887473	-0.0189	-0.0	0.0001	True
-0.0188	-6.05128	3.02277669	-0.0189	0.0	-0.0001	True
-0.0188	-6.0	3.44095752	-0.0189	0.0	-0.0001	True
-0.0188	-5.84615	3.24584641	-0.0189	0.0	0.0001	True
-0.0188	-5.64103	3.99095098	-0.0189	-0.0	-0.0	True
-0.0188	-5.4359	3.68508932	-0.0189	0.0	0.0001	True
-0.0188	-5.23077	3.40175817	-0.0189	0.0	0.0001	True
-0.0188	-5.02564	2.87535076	-0.0189	0.0	0.0	True
-0.0188	-5.0	2.75810784	-0.0189	0.0	-0.0	True
-0.0188	-4.82051	2.09039434	-0.0189	0.0	0.0	True
-0.0188	-4.61538	1.08038192	-0.0189	-0.0	0.0	True
-0.0188	-4.41026	0.30918459	-0.0189	0.0	0.0	True
-0.0188	-4.20513	0.49240664	-0.0189	0.0	0.0001	True
-0.0188	-4.0	-0.51083045	-0.0189	0.0	-0.0001	True
-0.0188	-3.0	-0.05259264	-0.0189	0.0	0.0001	True
-0.0188	-2.0	-0.04297485	-0.0189	0.0	0.0001	True
-0.0188	-1.0	0.03465587	-0.0189	0.0	0.0001	True
-0.0188	0.0	-0.02682379	-0.0189	0.0	-0.0001	True
-0.0188	1.0	-0.05527081	-0.0189	-0.0	0.0001	True
-0.0188	1.20513	0.04427359	-0.0189	0.0	-0.0	True
-0.0188	1.41026	-0.04281276	-0.0189	0.0	-0.0	True
-0.0188	1.61538	-0.08246015	-0.0189	0.0	0.0001	True
-0.0188	1.82051	-0.1414646	-0.0189	0.0	-0.0	True
-0.0188	2.0	-0.13103502	-0.0189	0.0	-0.0	True
-0.0188	2.02564	-0.04090541	-0.0189	0.0	-0.0	True
-0.0188	2.23077	-0.04853443	-0.0189	0.0	0.0	True
-0.0188	2.4359	-0.24384972	-0.0189	0.0	-0.0001	True
-0.0188	2.64103	0.10916232	-0.0189	0.0	0.0001	True
-0.0188	2.84615	0.17319869	-0.0189	-0.0	-0.0001	True
-0.0188	3.0	0.40832285	-0.0189	0.0	-0.0	True
-0.0188	3.05128	0.22530389	-0.0189	-0.0	0.0001	True
-0.0188	3.25641	0.73649891	-0.0189	0.0	0.0	True
-0.0188	3.46154	0.83563932	-0.0189	0.0	0.0	True
-0.0188	3.66667	1.56113943	-0.0189	0.0	-0.0001	True
-0.0188	3.87179	1.66181917	-0.0189	0.0	0.0	True
-0.0188	4.0	1.3443573	-0.0189	0.0	0.0	True
-0.0188	4.07692	2.07899129	-0.0189	0.0	-0.0	True
-0.0188	4.28205	1.74050763	-0.0189	0.0	0.0	True
-0.0188	4.48718	2.27560566	-0.0189	0.0	0.0	True
-0.0188	4.69231	2.25032571	-0.0189	0.0	0.0	True
-0.0188	4.89744	2.23547386	-0.0189	-0.0	0.0001	True
-0.0188	5.0	2.47027233	-0.0189	0.0	-0.0	True
-0.0188	5.10256	2.65641394	-0.0189	-0.0	-0.0	True
-0.0188	5.30769	2.6754488	-0.0189	-0.0	0.0	True
-0.0188	5.51282	2.50082898	-0.0189	-0.0	0.0	True
-0.0188	5.71795	2.31448475	-0.0189	0.0	0.0001	True
-0.0188	5.92308	2.20016667	-0.0189	-0.0	-0.0	True
-0.0188	6.0	2.10618301	-0.0189	-0.0	-0.0	True
-0.0188	6.12821	2.09595643	-0.0189	0.0	0.0	True
-0.0188	6.33333	1.8437854	-0.0189	-0.0	0.0001	True
-0.0188	6.53846	1.59465795	-0.0189	-0.0	0.0001	True
-0.0188	6.74359	1.38631917	-0.0189	0.0	-0.0	True
-0.0188	6.94872	1.65768083	-0.0189	-0.0	0.0	True
-0.0188	7.0	1.52425272	-0.0189	-0.0	0.0	True
-0.0188	7.15385	0.09309199	-0.0189	0.0	-0.0	True
-0.0188	7.35897	-0.00856264	-0.0189	-0.0	-0.0	True
-0.0188	7.5641	0.0224412	-0.0189	0.0	-0.0	True
-0.0188	7.76923	-0.01992503	-0.0189	0.0	-0.0	True
-0.0188	7.97436	-0.00787263	-0.0189	0.0	0.0001	True
-0.0188	8.0	0.06225085	-0.0189	0.0	-0.0	True
-0.0188	8.17949	0.06647127	-0.0189	0.0	-0.0	True
-0.0188	8.38462	0.08497606	-0.0189	0.0	0.0	True
-0.0188	8.58974	0.00137981	-0.0189	0.0	-0.0	True
-0.0188	8.79487	-0.01720624	-0.0189	0.0	0.0001	True
-0.0188	9.0	-0.02337439	-0.0189	0.0	0.0	True
-0.0188	10.0	-0.03282975	-0.0189	-0.0	-0.0	True
-0.0188	11.0	-0.05287666	-0.0189	0.0	0.0001	True
-0.0188	12.0	0.01789603	-0.0189	0.0	-0.0	True
-0.0188	13.0	0.00641176	-0.0189	-0.0	0.0001	True
-0.0188	14.0	0.05628552	-0.0189	0.0	-0.0	True
-0.0188	15.0	0.16788249	-0.0189	0.0	0.0001	True
-0.0188	16.0	-0.04638365	-0.0189	0.0	0.0	True
-0.0188	17.0	-0.03575176	-0.0189	0.0	-0.0001	True
-0.0188	18.0	-0.03201819	-0.0189	0.0	-0.0001	True
-0.0188	19.0	0.03985034	-0.0189	0.0	0.0	True
-0.0188	20.0	0.195437	-0.0189	-0.0	-0.0	True
-0.0188	21.0	0.09646031	-0.0189	-0.0	-0.0	True
-0.0188	22.0	0.18870034	-0.0189	0.0	0.0001	True
-0.0188	23.0	-0.07130028	-0.0189	-0.0	-0.0	True
-0.0188	24.0	0.06087114	-0.0189	0.0	0.0	True
-0.0188	25.0	0.07965999	-0.0189	0.0	0.0001	True
-0.0188	26.0	0.14373687	-0.0189	-0.0	0.0	True
-0.0188	27.0	0.12421775	-0.0189	-0.0	-0.0001	True
-0.0188	28.0	-0.00478857	-0.0189	0.0	0.0001	True
-0.0188	29.0	0.11399124	-0.0189	0.0	-0.0	True
-0.0188	30.0	-0.16751736	-0.0189	0.0	0.0	True
-0.0188	31.0	0.02325272	-0.0189	-0.0	0.0	True
-0.0188	32.0	0.08988622	-0.0189	-0.0	-0.0	True
-0.0188	33.0	0.10027495	-0.0189	-0.0	0.0	True
-0.0188	34.0	-0.15976623	-0.0189	-0.0	0.0001	True
-0.0188	35.0	-0.00162324	-0.0189	-0.0	-0.0	True
-0.0188	36.0	0.08939918	-0.0189	-0.0	-0.0001	True
-0.0188	37.0	0.07665698	-0.0189	0.0	0.0001	True
-0.0188	38.0	0.09207767	-0.0189	-0.0	-0.0	True
-0.0188	39.0	0.04045897	-0.0189	-0.0	0.0	True
-0.0188	40.0	-0.04342145	-0.0189	-0.0	0.0	True
-0.0188	41.0	-0.06269721	-0.0189	0.0	0.0001	True
-0.0188	42.0	0.07852369	-0.0189	-0.0	0.0001	True
-0.0188	43.0	-0.02179202	-0.0189	0.0	0.0	True
-0.0188	44.0	0.06139859	-0.0189	-0.0	0.0	True
-0.0188	45.0	-0.09329504	-0.0189	0.0	0.0	True
-0.0188	46.0	0.06464524	-0.0189	-0.0	-0.0001	True
-0.0188	47.0	0.01067277	-0.0189	0.0	0.0001	True
-0.0188	48.0	-0.09621686	-0.0189	0.0	-0.0	True
-0.0188	49.0	0.00142026	-0.0189	-0.0	-0.0001	True
-0.0188	50.0	-0.03948507	-0.0189	0.0	0.0001	True
-0.0188	51.0	0.00263778	-0.0189	0.0	0.0001	True
-0.0188	52.0	-0.03648218	-0.0189	0.0	-0.0	True
-0.0188	53.0	-0.00908997	-0.0189	0.0	-0.0	True
-0.0188	54.0	-0.05332306	-0.0189	0.0	0.0	True
-0.0188	55.0	-0.12332498	-0.0189	0.0	0.0001	True
-0.0188	56.0	-0.06545671	-0.0189	0.0	0.0	True
-0.0188	57.0	0.05389118	-0.0189	0.0	-0.0	True
-0.0188	58.0	0.14856593	-0.0189	-0.0	0.0	True
-0.0188	59.0	0.03169368	-0.0189	0.0	0.0	True
-0.0188	60.0	-0.02824423	-0.0189	-0.0	0.0	True
-0.0188	61.0	0.19223066	-0.0189	0.0	-0.0001	True
-0.0188	62.0	0.068622	-0.0189	-0.0	-0.0	True
-0.0188	63.0	0.04110821	-0.0189	0.0	0.0	True
-0.0188	64.0	0.02568764	-0.0189	0.0	0.0001	True
-0.0188	65.0	0.05486504	-0.0189	-0.0	-0.0	True
