Initial Temperature (K)	0.0249624
Resistor	201600.0	Excitation Current (A)	6.12e-08
Axis 1,2	x,z
Angle	0
Field (T)	Current (A)	Resistance (Ohms)	Actual X-Field	Actual Y-Field	Actual Z-Field	Compliance Pass
-0.02	-40.0	-0.2006616	-0.02	-0.0	-0.0	True
-0.02	-39.5	-0.06431027	-0.02	-0.0	-0.0	True
-0.02	-39.0	-0.01092634	-0.02	-0.0	0.0	True
-0.02	-38.5	0.02419623	-0.02	0.0	0.0001	True
-0.02	-38.0	0.03570095	-0.02	-0.0	0.0001	True
-0.02	-37.5	0.03290081	-0.02	0.0	0.0	True
-0.02	-37.0	0.00794369	-0.02	0.0	-0.0	True
-0.02	-36.5	-0.0411793	-0.02	0.0	-0.0	True
-0.02	-36.0	0.00712191	-0.02	-0.0	-0.0001	True
-0.02	-35.5	0.04854475	-0.02	-0.0	0.0001	True
-0.02	-35.0	-0.03880541	-0.02	-0.0	-0.0	True
-0.02	-34.5	-0.108807	-0.02	0.0	-0.0001	True
-0.02	-34.0	-0.01095681	-0.02	0.0	-0.0	True
-0.02	-33.5	0.02179188	-0.02	-0.0	0.0	True
-0.02	-33.0	-0.05779718	-0.02	0.0	-0.0	True
-0.02	-32.5	0.00386536	-0.02	0.0	0.0	True
-0.02	-32.0	0.01765255	-0.02	0.0	0.0	True
-0.02	-31.5	0.04918377	-0.02	-0.0	-0.0	True
-0.02	-31.0	-0.01476123	-0.02	-0.0	-0.0001	True
-0.02	-30.5	-0.01366551	-0.02	-0.0	0.0	True
-0.02	-30.0	-0.07621056	-0.02	-0.0	-0.0	True
-0.02	-29.5	-0.0275137	-0.02	-0.0	-0.0	True
-0.02	-29.0	0.00404792	-0.02	0.0	-0.0	True
-0.02	-28.5	0.01104808	-0.02	-0.0	-0.0001	True
-0.02	-28.0	0.09392411	-0.02	-0.0	0.0	True
-0.02	-27.5	-0.00374354	-0.02	-0.0	-0.0	True
-0.02	-27.0	0.04011405	-0.02	0.0	-0.0	True
-0.02	-26.5	0.05134477	-0.02	0.0	-0.0	True
-0.02	-26.0	-0.03731389	-0.02	-0.0	0.0001	True
-0.02	-25.5	0.02672239	-0.02	-0.0	0.0	True
-0.02	-25.0	0.00690884	-0.02	0.0	-0.0	True
-0.02	-24.5	0.01579605	-0.02	0.0	-0.0	True
-0.02	-24.0	0.09629804	-0.02	0.0	-0.0	True
-0.02	-23.5	-0.05438837	-0.02	0.0	0.0	True
-0.02	-23.0	0.0499448	-0.02	0.0	-0.0	True
-0.02	-22.5	0.00556971	-0.02	0.0	0.0	True
-0.02	-22.0	-0.04504463	-0.02	0.0	-0.0	True
-0.02	-21.5	0.01126123	-0.02	-0.0	-0.0	True
-0.02	-21.0	-0.07021487	-0.02	0.0	0.0001	True
-0.02	-20.5	-0.03457472	-0.02	-0.0	0.0	True
-0.02	-20.0	0.02687466	-0.02	-0.0	-0.0	True
-0.02	-19.5	0.00261739	-0.02	-0.0	-0.0001	True
-0.02	-19.0	0.07021483	-0.02	0.0	-0.0	True
-0.02	-18.5	-0.02617459	-0.02	0.0	0.0001	True
-0.02	-18.0	-0.09011978	-0.02	-0.0	-0.0	True
-0.02	-17.5	-0.02620492	-0.02	0.0	-0.0	True
-0.02	-17.0	-0.03974886	-0.02	0.0	0.0001	True
-0.02	-16.5	0.00973938	-0.02	-0.0	0.0	True
-0.02	-16.0	0.05365787	-0.02	0.0	0.0	True
-0.02	-15.5	0.00803503	-0.02	-0.0	-0.0	True
-0.02	-15.0	0.05542304	-0.02	0.0	0.0001	True
-0.02	-14.5	-0.04598803	-0.02	-0.0	-0.0	True
-0.02	-14.0	0.07828013	-0.02	0.0	-0.0001	True
-0.02	-13.5	-0.02334406	-0.02	0.0	-0.0	True
-0.02	-13.0	0.04480109	-0.02	-0.0	0.0001	True
-0.02	-12.5	0.06735384	-0.02	0.0	0.0001	True
-0.02	-12.0	0.04361408	-0.02	-0.0	-0.0	True
-0.02	-11.5	0.03320516	-0.02	-0.0	0.0001	True
-0.02	-11.0	0.03399653	-0.02	0.0	-0.0001	True
-0.02	-10.5	0.046962	-0.02	0.0	-0.0	True
-0.02	-10.0	0.07438453	-0.02	0.0	-0.0	True
-0.02	-9.5	-0.02316147	-0.02	-0.0	0.0001	True
-0.02	-9.39744	-0.00103477	-0.02	-0.0	-0.0	True
-0.02	-9.29487	-0.0275137	-0.02	0.0	-0.0	True
-0.02	-9.19231	0.03308346	-0.02	0.0	0.0001	True
-0.02	-9.08974	0.0297051	-0.02	0.0	-0.0	True
-0.02	-9.0	-0.03451389	-0.02	0.0	0.0	True
-0.02	-8.98718	-0.05155775	-0.02	0.0	0.0001	True
-0.02	-8.88462	0.01001328	-0.02	-0.0	-0.0	True
-0.02	-8.78205	-0.0259615	-0.02	-0.0	-0.0001	True
-0.02	-8.67949	0.03947482	-0.02	0.0	-0.0001	True
-0.02	-8.57692	0.02507888	-0.02	-0.0	0.0001	True
-0.02	-8.5	0.00976979	-0.02	0.0	-0.0	True
-0.02	-8.47436	0.03217038	-0.02	0.0	0.0	True
-0.02	-8.37179	-0.01975268	-0.02	0.0	0.0	True
-0.02	-8.26923	-0.02066574	-0.02	-0.0	-0.0	True
-0.02	-8.16667	0.03984011	-0.02	0.0	-0.0	True
-0.02	-8.0641	-0.00328703	-0.02	-0.0	-0.0	True
-0.02	-8.0	-0.09218928	-0.02	0.0	-0.0	True
-0.02	-7.96154	0.0306181	-0.02	0.0	0.0001	True
-0.02	-7.85897	0.03408779	-0.02	0.0	0.0001	True
-0.02	-7.75641	0.01488303	-0.02	-0.0	-0.0	True
-0.02	-7.65385	0.02453111	-0.02	0.0	0.0	True
-0.02	-7.55128	0.02227886	-0.02	0.0	-0.0001	True
-0.02	-7.5	-0.03125727	-0.02	-0.0	0.0	True
-0.02	-7.44872	0.09291972	-0.02	0.0	0.0	True
-0.02	-7.34615	-0.00563056	-0.02	0.0	-0.0	True
-0.02	-7.24359	-0.02380047	-0.02	0.0	-0.0	True
-0.02	-7.14103	0.22093186	-0.02	-0.0	0.0	True
-0.02	-7.03846	0.79263382	-0.02	0.0	0.0	True
-0.02	-7.0	0.95427696	-0.02	-0.0	-0.0	True
-0.02	-6.9359	0.95519036	-0.02	0.0	0.0	True
-0.02	-6.83333	0.99125408	-0.02	-0.0	0.0001	True
-0.02	-6.73077	0.94776225	-0.02	-0.0	-0.0	True
-0.02	-6.62821	1.06022222	-0.02	-0.0	0.0	True
-0.02	-6.52564	0.94995425	-0.02	-0.0	-0.0	True
-0.02	-6.5	0.98547304	-0.02	-0.0	-0.0	True
-0.02	-6.42308	0.99286846	-0.02	0.0	0.0001	True
-0.02	-6.32051	0.90691912	-0.02	-0.0	-0.0001	True
-0.02	-6.21795	0.91242729	-0.02	0.0	-0.0	True
-0.02	-6.11538	0.97046895	-0.02	0.0	0.0	True
-0.02	-6.01282	1.09014052	-0.02	0.0	-0.0001	True
-0.02	-6.0	1.05276634	-0.02	0.0	-0.0	True
-0.02	-5.91026	1.04202042	-0.02	0.0	-0.0	True
-0.02	-5.80769	1.04363562	-0.02	-0.0	-0.0	True
-0.02	-5.70513	1.00918219	-0.02	-0.0	-0.0001	True
-0.02	-5.60256	1.02296814	-0.02	-0.0	0.0001	True
-0.02	-5.5	1.12839869	-0.02	0.0	0.0001	True
-0.02	-5.0	1.15140768	-0.02	-0.0	0.0	True
-0.02	-4.5	1.65152614	-0.02	0.0	-0.0001	True
-0.02	-4.0	1.66199592	-0.02	0.0	-0.0001	True
-0.02	-3.5	1.43351552	-0.02	0.0	0.0	True
-0.02	-3.0	1.27354412	-0.02	0.0	0.0	True
-0.02	-2.5	0.57498775	-0.02	0.0	-0.0	True
-0.02	-2.0	0.34413457	-0.02	0.0	-0.0001	True
-0.02	-1.5	0.12396397	-0.02	0.0	-0.0	True
-0.02	-1.0	-0.03256601	-0.02	-0.0	0.0	True
-0.02	-0.5	-0.07904121	-0.02	-0.0	0.0001	True
-0.02	0.0	0.03329647	-0.02	0.0	0.0001	True
-0.02	0.5	-0.07079325	-0.02	-0.0	-0.0	True
-0.02	1.0	0.0921893	-0.02	-0.0	0.0	True
-0.02	1.5	0.48973807	-0.02	-0.0	0.0001	True
-0.02	2.0	0.64891675	-0.02	0.0	0.0	True
-0.02	2.5	1.19681699	-0.02	0.0	-0.0	True
-0.02	3.0	1.36287255	-0.02	0.0	0.0	True
-0.02	3.5	1.16181454	-0.02	-0.0	0.0001	True
-0.02	4.0	1.18336356	-0.02	-0.0	0.0001	True
-0.02	4.5	1.07023611	-0.02	0.0	0.0001	True
-0.02	5.0	1.13810621	-0.02	0.0	-0.0001	True
-0.02	5.5	1.04223448	-0.02	0.0	-0.0001	True
-0.02	6.0	0.98224673	-0.02	0.0	0.0	True
-0.02	6.10256	1.05444036	-0.02	-0.0	0.0001	True
-0.02	6.20513	0.90637092	-0.02	0.0	0.0	True
-0.02	6.30769	0.96949428	-0.02	0.0	0.0001	True
-0.02	6.41026	0.99569935	-0.02	-0.0	-0.0	True
-0.02	6.5	1.00875654	-0.02	0.0	-0.0	True
-0.02	6.51282	0.98270343	-0.02	0.0	0.0001	True
-0.02	6.61538	0.91878922	-0.02	0.0	0.0001	True
-0.02	6.71795	0.88004493	-0.02	0.0	0.0	True
-0.02	6.82051	0.93726389	-0.02	0.0	-0.0	True
-0.02	6.92308	0.90345016	-0.02	0.0	-0.0	True
-0.02	7.0	1.05191258	-0.02	-0.0	-0.0	True
-0.02	7.02564	0.87210131	-0.02	-0.0	-0.0001	True
-0.02	7.12821	0.73544444	-0.02	0.0	0.0001	True
-0.02	7.23077	0.09340672	-0.02	0.0	0.0	True
-0.02	7.33333	-0.01847435	-0.02	-0.0	-0.0	True
-0.02	7.4359	0.08570651	-0.02	0.0	-0.0	True
-0.02	7.5	0.00578276	-0.02	0.0	0.0001	True
-0.02	7.53846	0.01966138	-0.02	0.0	-0.0	True
-0.02	7.64103	-0.00280016	-0.02	0.0	-0.0	True
-0.02	7.74359	-0.0300095	-0.02	0.0	0.0001	True
-0.02	7.84615	-0.03484867	-0.02	0.0	0.0	True
-0.02	7.94872	0.01311778	-0.02	0.0	-0.0	True
-0.02	8.0	0.04580553	-0.02	0.0	-0.0	True
-0.02	8.05128	0.02203535	-0.02	0.0	-0.0	True
-0.02	8.15385	0.02994853	-0.02	0.0	0.0	True
-0.02	8.25641	0.06507116	-0.02	0.0	0.0	True
-0.02	8.35897	-0.00623926	-0.02	0.0	0.0	True
-0.02	8.46154	-0.01591782	-0.02	0.0	0.0001	True
-0.02	8.5	0.13546843	-0.02	0.0	-0.0001	True
-0.02	8.5641	0.05326215	-0.02	0.0	0.0	True
-0.02	8.66667	0.00779167	-0.02	0.0	-0.0	True
-0.02	8.76923	-0.0194787	-0.02	0.0	0.0001	True
-0.02	8.87179	-0.0003348	-0.02	0.0	0.0001	True
-0.02	8.97436	0.11017663	-0.02	-0.0	0.0001	True
-0.02	9.0	-0.03907928	-0.02	-0.0	0.0	True
-0.02	9.07692	0.02410493	-0.02	0.0	-0.0	True
-0.02	9.17949	-0.04470985	-0.02	0.0	0.0	True
-0.02	9.28205	0.05661027	-0.02	-0.0	-0.0	True
-0.02	9.38462	-0.04498376	-0.02	0.0	-0.0	True
-0.02	9.48718	-0.02258316	-0.02	-0.0	-0.0001	True
-0.02	9.5	-0.00998286	-0.02	0.0	-0.0	True
-0.02	9.58974	-0.09575011	-0.02	0.0	-0.0	True
-0.02	9.69231	-0.01515696	-0.02	-0.0	0.0001	True
-0.02	9.79487	0.03560958	-0.02	-0.0	-0.0	True
-0.02	9.89744	-0.05286643	-0.02	0.0	0.0001	True
-0.02	10.0	0.06187538	-0.02	0.0	0.0	True
-0.02	10.5	0.02097009	-0.02	-0.0	-0.0001	True
-0.02	11.0	0.00331748	-0.02	0.0	-0.0	True
-0.02	11.5	0.05600145	-0.02	-0.0	0.0	True
-0.02	12.0	0.01363509	-0.02	0.0	-0.0	True
-0.02	12.5	0.02547452	-0.02	-0.0	-0.0	True
-0.02	13.0	0.01552215	-0.02	0.0	-0.0	True
-0.02	13.5	0.00879591	-0.02	0.0	0.0	True
-0.02	14.0	0.00045653	-0.02	-0.0	0.0001	True
-0.02	14.5	-0.02486578	-0.02	-0.0	0.0	True
-0.02	15.0	0.05198394	-0.02	-0.0	0.0	True
-0.02	15.5	-0.04260978	-0.02	0.0	0.0001	True
-0.02	16.0	0.03341819	-0.02	-0.0	0.0	True
-0.02	16.5	0.03192692	-0.02	0.0	0.0	True
-0.02	17.0	-0.0307399	-0.02	-0.0	-0.0	True
-0.02	17.5	0.01229599	-0.02	0.0	0.0	True
-0.02	18.0	-0.01683084	-0.02	-0.0	-0.0	True
-0.02	18.5	0.02474412	-0.02	0.0	0.0001	True
-0.02	19.0	0.03308346	-0.02	0.0	-0.0	True
-0.02	19.5	-0.07286266	-0.02	-0.0	0.0	True
-0.02	20.0	0.02230924	-0.02	0.0	0.0001	True
-0.02	20.5	0.02112229	-0.02	0.0	-0.0001	True
-0.02	21.0	0.03490958	-0.02	0.0	-0.0	True
-0.02	21.5	0.02008747	-0.02	0.0	-0.0	True
-0.02	22.0	0.02352672	-0.02	-0.0	0.0	True
-0.02	22.5	0.04340119	-0.02	-0.0	0.0	True
-0.02	23.0	0.09188499	-0.02	-0.0	-0.0	True
-0.02	23.5	-0.03871403	-0.02	-0.0	-0.0	True
-0.02	24.0	-0.00200873	-0.02	0.0	-0.0	True
-0.02	24.5	-0.07721514	-0.02	-0.0	0.0001	True
-0.02	25.0	0.03554865	-0.02	0.0	-0.0001	True
-0.02	25.5	-0.06774939	-0.02	0.0	0.0001	True
-0.02	26.0	0.05344481	-0.02	0.0	-0.0001	True
-0.02	26.5	-0.0528056	-0.02	-0.0	0.0	True
-0.02	27.0	-0.02720941	-0.02	0.0	-0.0	True
-0.02	27.5	0.03990096	-0.02	0.0	0.0	True
-0.02	28.0	-0.03655311	-0.02	0.0	-0.0	True
-0.02	28.5	-0.02815286	-0.02	-0.0	0.0001	True
-0.02	29.0	0.05271439	-0.02	-0.0	0.0001	True
-0.02	29.5	-0.00051742	-0.02	0.0	0.0	True
-0.02	30.0	0.0208179	-0.02	0.0	-0.0	True
-0.02	30.5	-0.01138288	-0.02	-0.0	-0.0	True
-0.02	31.0	-0.0119003	-0.02	0.0	0.0	True
-0.02	31.5	-0.02894426	-0.02	-0.0	-0.0	True
-0.02	32.0	0.03573138	-0.02	0.0	-0.0001	True
-0.02	32.5	0.05067511	-0.02	-0.0	0.0001	True
-0.02	33.0	0.02748326	-0.02	-0.0	0.0001	True
-0.02	33.5	-0.03311382	-0.02	0.0	-0.0	True
-0.02	34.0	0.04133144	-0.02	-0.0	-0.0	True
-0.02	34.5	-0.04005324	-0.02	0.0	0.0001	True
-0.02	35.0	0.01634391	-0.02	-0.0	0.0001	True
-0.02	35.5	-0.01375693	-0.02	0.0	0.0001	True
-0.02	36.0	-0.00596544	-0.02	0.0	-0.0	True
-0.02	36.5	0.00770021	-0.02	0.0	0.0	True
-0.02	37.0	-0.07386708	-0.02	0.0	0.0001	True
-0.02	37.5	0.04492294	-0.02	0.0	-0.0	True
-0.02	38.0	-0.03402696	-0.02	-0.0	-0.0001	True
-0.02	38.5	0.02087879	-0.02	-0.0	-0.0	True
-0.02	39.0	0.0440402	-0.02	0.0	0.0001	True
-0.02	39.5	0.01107846	-0.02	-0.0	0.0001	True
-0.02	40.0	0.01232641	-0.02	-0.0	0.0	True
-0.02	40.5	0.00261745	-0.02	0.0	-0.0001	True
-0.02	41.0	0.00386529	-0.02	-0.0	-0.0	True
-0.02	41.5	0.02547458	-0.02	-0.0	-0.0	True
-0.02	42.0	-0.06924091	-0.02	0.0	0.0	True
-0.02	42.5	-0.04586635	-0.02	0.0	-0.0001	True
-0.02	43.0	0.00216097	-0.02	-0.0	-0.0001	True
-0.02	43.5	0.07024529	-0.02	-0.0	0.0001	True
-0.02	44.0	-0.06190594	-0.02	0.0	-0.0	True
-0.02	44.5	0.052197	-0.02	0.0	0.0	True
-0.02	45.0	-0.01071325	-0.02	-0.0	0.0	True
-0.02	45.5	0.05213617	-0.02	0.0	0.0	True
-0.02	46.0	0.05393179	-0.02	-0.0	0.0001	True
-0.02	46.5	0.06004926	-0.02	0.0	-0.0	True
-0.02	47.0	-0.06172326	-0.02	-0.0	0.0001	True
-0.02	47.5	0.02879205	-0.02	0.0	-0.0	True
-0.02	48.0	-0.01743943	-0.02	-0.0	-0.0	True
-0.02	48.5	0.01890053	-0.02	-0.0	-0.0001	True
-0.02	49.0	0.0150047	-0.02	0.0	0.0	True
-0.02	49.5	0.04717506	-0.02	0.0	0.0	True
-0.02	50.0	0.02294844	-0.02	-0.0	-0.0	True
-0.02	50.5	-0.02163966	-0.02	0.0	0.0	True
-0.02	51.0	-0.00843068	-0.02	0.0	-0.0001	True
-0.02	51.5	0.00407839	-0.02	0.0	-0.0	True
-0.02	52.0	0.0173483	-0.02	-0.0	-0.0001	True
-0.02	52.5	0.08223687	-0.02	0.0	0.0	True
-0.02	53.0	0.00946533	-0.02	0.0	-0.0	True
-0.02	53.5	0.00970895	-0.02	-0.0	-0.0	True
-0.02	54.0	0.01926573	-0.02	0.0	0.0	True
-0.02	54.5	-0.0044436	-0.02	-0.0	0.0001	True
-0.02	55.0	-0.0646756	-0.02	0.0	-0.0	True
-0.02	55.5	-0.01813954	-0.02	0.0	-0.0	True
-0.02	56.0	-0.04334029	-0.02	-0.0	0.0001	True
-0.02	56.5	-0.05027962	-0.02	0.0	-0.0	True
-0.02	57.0	-0.03816613	-0.02	0.0	-0.0001	True
-0.02	57.5	0.01165687	-0.02	0.0	-0.0	True
-0.02	58.0	-0.01506563	-0.02	-0.0	0.0	True
-0.02	58.5	0.06147966	-0.02	-0.0	0.0	True
-0.02	59.0	-0.00039568	-0.02	-0.0	0.0	True
-0.02	59.5	0.00042605	-0.02	0.0	0.0	True
-0.02	60.0	-0.07310609	-0.02	0.0	0.0001	True
-0.02	60.5	-0.01348292	-0.02	-0.0	-0.0	True
-0.02	61.0	-0.04623165	-0.02	0.0	0.0001	True
-0.02	61.5	0.10527655	-0.02	0.0	-0.0	True
-0.02	62.0	0.00925242	-0.02	0.0	-0.0	True
-0.02	62.5	0.08162806	-0.02	-0.0	0.0001	True
-0.02	63.0	-0.01418294	-0.02	0.0	-0.0	True
-0.02	63.5	0.05539264	-0.02	-0.0	0.0001	True
-0.02	64.0	-0.06007979	-0.02	-0.0	0.0	True
-0.02	64.5	0.04504467	-0.02	0.0	0.0001	True
-0.02	65.0	-0.00724364	-0.02	-0.0	0.0001	True
-0.0198	-40.0	0.26926346	-0.0198	0.0	0.0	True
-0.0198	-39.5	0.01126114	-0.0198	0.0	0.0001	True
-0.0198	-39.0	0.01552211	-0.0198	0.0	0.0001	True
-0.0198	-38.5	0.0598363	-0.0198	0.0	0.0	True
-0.0198	-38.0	-0.02611366	-0.0198	0.0	-0.0	True
-0.0198	-37.5	0.00228259	-0.0198	-0.0	0.0	True
-0.0198	-37.0	0.01862656	-0.0198	0.0	-0.0	True
-0.0198	-36.5	0.03758787	-0.0198	-0.0	-0.0	True
-0.0198	-36.0	0.03344865	-0.0198	-0.0	0.0	True
-0.0198	-35.5	-0.03910964	-0.0198	-0.0	0.0001	True
-0.0198	-35.0	0.03758792	-0.0198	-0.0	0.0001	True
-0.0198	-34.5	0.04081411	-0.0198	-0.0	-0.0	True
-0.0198	-34.0	0.03494005	-0.0198	0.0	0.0	True
-0.0198	-33.5	-0.05688412	-0.0198	0.0	-0.0	True
-0.0198	-33.0	0.04160534	-0.0198	0.0	0.0	True
-0.0198	-32.5	-0.02599192	-0.0198	0.0	-0.0	True
-0.0198	-32.0	0.08272369	-0.0198	0.0	-0.0	True
-0.0198	-31.5	0.05633623	-0.0198	-0.0	-0.0	True
-0.0198	-31.0	0.01807873	-0.0198	0.0	-0.0	True
-0.0198	-30.5	0.00459579	-0.0198	0.0	0.0	True
-0.0198	-30.0	-0.02541368	-0.0198	0.0	0.0	True
-0.0198	-29.5	-0.02684419	-0.0198	-0.0	0.0001	True
-0.0198	-29.0	-0.01683089	-0.0198	-0.0	0.0001	True
-0.0198	-28.5	0.01348292	-0.0198	0.0	-0.0	True
-0.0198	-28.0	0.05657963	-0.0198	-0.0	-0.0	True
-0.0198	-27.5	0.03168346	-0.0198	0.0	0.0	True
-0.0198	-27.0	-0.04172712	-0.0198	-0.0	-0.0	True
-0.0198	-26.5	0.07213226	-0.0198	-0.0	-0.0	True
-0.0198	-26.0	-0.00499143	-0.0198	-0.0	0.0	True
-0.0198	-25.5	0.06689728	-0.0198	-0.0	-0.0	True
-0.0198	-25.0	0.01260029	-0.0198	0.0	0.0001	True
-0.0198	-24.5	-0.03661399	-0.0198	0.0	0.0	True
-0.0198	-24.0	0.04105754	-0.0198	0.0	-0.0001	True
-0.0198	-23.5	-0.01326989	-0.0198	-0.0	0.0	True
-0.0198	-23.0	0.0019783	-0.0198	0.0	-0.0	True
-0.0198	-22.5	-0.02587024	-0.0198	-0.0	-0.0	True
-0.0198	-22.0	0.00861324	-0.0198	-0.0	-0.0	True
-0.0198	-21.5	-0.02005694	-0.0198	0.0	-0.0001	True
-0.0198	-21.0	-0.00450441	-0.0198	-0.0	0.0	True
-0.0198	-20.5	-0.01056128	-0.0198	0.0	0.0	True
-0.0198	-20.0	-0.02212663	-0.0198	-0.0	-0.0	True
-0.0198	-19.5	-0.02809202	-0.0198	0.0	0.0001	True
-0.0198	-19.0	0.02249197	-0.0198	0.0	0.0	True
-0.0198	-18.5	0.03478784	-0.0198	0.0	0.0	True
-0.0198	-18.0	0.00292173	-0.0198	-0.0	0.0	True
-0.0198	-17.5	-0.02590065	-0.0198	-0.0	-0.0	True
-0.0198	-17.0	-0.05231878	-0.0198	-0.0	-0.0	True
-0.0198	-16.5	-0.01062195	-0.0198	0.0	0.0	True
-0.0198	-16.0	0.10360252	-0.0198	-0.0	-0.0	True
-0.0198	-15.5	0.07952812	-0.0198	0.0	0.0001	True
-0.0198	-15.0	-0.01920483	-0.0198	0.0	0.0001	True
-0.0198	-14.5	-0.02599207	-0.0198	0.0	-0.0	True
-0.0198	-14.0	-0.04309674	-0.0198	0.0	0.0	True
-0.0198	-13.5	0.00967855	-0.0198	0.0	0.0001	True
-0.0198	-13.0	0.04836207	-0.0198	0.0	-0.0	True
-0.0198	-12.5	-0.04945776	-0.0198	0.0	-0.0	True
-0.0198	-12.0	-0.04711421	-0.0198	0.0	0.0	True
-0.0198	-11.5	0.02614415	-0.0198	-0.0	0.0	True
-0.0198	-11.0	0.03898793	-0.0198	-0.0	-0.0	True
-0.0198	-10.5	-0.00435221	-0.0198	-0.0	-0.0	True
-0.0198	-10.0	0.045075	-0.0198	-0.0	-0.0	True
-0.0198	-9.5	0.07654534	-0.0198	0.0	-0.0001	True
-0.0198	-9.0	0.02023964	-0.0198	-0.0	-0.0	True
-0.0198	-8.5	-0.0430055	-0.0198	0.0	-0.0001	True
-0.0198	-8.0	-0.00118698	-0.0198	0.0	-0.0001	True
-0.0198	-7.5	0.03533564	-0.0198	-0.0	0.0001	True
-0.0198	-7.0	0.6727482	-0.0198	0.0	0.0001	True
-0.0198	-6.5	0.89842647	-0.0198	-0.0	-0.0	True
-0.0198	-6.0	1.16568137	-0.0198	-0.0	0.0	True
-0.0198	-5.5	0.97065033	-0.0198	0.0	-0.0	True
-0.0198	-5.0	1.20226389	-0.0198	0.0	0.0	True
-0.0198	-4.5	1.2081683	-0.0198	0.0	0.0001	True
-0.0198	-4.0	1.13761928	-0.0198	0.0	-0.0001	True
-0.0198	-3.5	1.37964297	-0.0198	-0.0	-0.0	True
-0.0198	-3.0	0.92764542	-0.0198	0.0	-0.0001	True
-0.0198	-2.5	1.10350163	-0.0198	-0.0	0.0	True
-0.0198	-2.0	0.6429817	-0.0198	-0.0	-0.0	True
-0.0198	-1.5	0.52629142	-0.0198	0.0	0.0	True
-0.0198	-1.0	0.13431199	-0.0198	0.0	0.0001	True
-0.0198	-0.5	0.08911522	-0.0198	-0.0	-0.0	True
-0.0198	0.0	-0.00054784	-0.0198	0.0	-0.0001	True
-0.0198	0.5	0.01594831	-0.0198	-0.0	0.0001	True
-0.0198	0.60256	-0.02818329	-0.0198	-0.0	-0.0001	True
-0.0198	0.70513	0.07264968	-0.0198	0.0	-0.0001	True
-0.0198	0.80769	0.1473384	-0.0198	-0.0	-0.0	True
-0.0198	0.91026	0.14338196	-0.0198	0.0	0.0001	True
-0.0198	1.0	0.19871373	-0.0198	-0.0	-0.0	True
-0.0198	1.01282	0.30426413	-0.0198	0.0	0.0	True
-0.0198	1.11538	0.26415	-0.0198	-0.0	0.0001	True
-0.0198	1.21795	0.21514886	-0.0198	0.0	-0.0001	True
-0.0198	1.32051	0.27568521	-0.0198	-0.0	0.0	True
-0.0198	1.42308	0.47811291	-0.0198	-0.0	0.0001	True
-0.0198	1.5	0.50102884	-0.0198	0.0	-0.0	True
-0.0198	1.52564	0.37444869	-0.0198	0.0	0.0	True
-0.0198	1.62821	0.52531806	-0.0198	0.0	0.0001	True
-0.0198	1.73077	0.65402941	-0.0198	-0.0	-0.0	True
-0.0198	1.83333	0.57273529	-0.0198	0.0	-0.0	True
-0.0198	1.9359	0.71645343	-0.0198	-0.0	-0.0001	True
-0.0198	2.0	0.79168873	-0.0198	0.0	0.0	True
-0.0198	2.03846	0.63159837	-0.0198	0.0	0.0001	True
-0.0198	2.14103	0.77464542	-0.0198	-0.0	-0.0	True
-0.0198	2.24359	0.93001879	-0.0198	-0.0	-0.0	True
-0.0198	2.34615	0.86071814	-0.0198	0.0	-0.0001	True
-0.0198	2.44872	0.76472631	-0.0198	0.0	-0.0001	True
-0.0198	2.5	0.89574918	-0.0198	0.0	-0.0	True
-0.0198	2.55128	1.17246895	-0.0198	-0.0	0.0	True
-0.0198	2.65385	0.95530964	-0.0198	-0.0	0.0001	True
-0.0198	2.75641	1.02622549	-0.0198	0.0	0.0	True
-0.0198	2.85897	1.18260294	-0.0198	0.0	0.0001	True
-0.0198	2.96154	1.26164461	-0.0198	0.0	-0.0001	True
-0.0198	3.0	1.35127451	-0.0198	0.0	0.0	True
-0.0198	3.0641	1.24356454	-0.0198	-0.0	0.0	True
-0.0198	3.16667	1.27470016	-0.0198	-0.0	0.0	True
-0.0198	3.26923	1.29557925	-0.0198	0.0	-0.0001	True
-0.0198	3.37179	1.36265931	-0.0198	0.0	0.0	True
-0.0198	3.47436	1.389625	-0.0198	0.0	-0.0	True
-0.0198	3.5	1.42833905	-0.0198	0.0	0.0	True
-0.0198	3.57692	1.44026879	-0.0198	-0.0	0.0	True
-0.0198	3.67949	1.37084477	-0.0198	0.0	-0.0	True
-0.0198	3.78205	1.3462835	-0.0198	0.0	-0.0	True
-0.0198	3.88462	1.39887663	-0.0198	0.0	-0.0001	True
-0.0198	3.98718	1.33100817	-0.0198	0.0	0.0001	True
-0.0198	4.0	1.35112337	-0.0198	-0.0	0.0	True
-0.0198	4.08974	1.38560866	-0.0198	-0.0	0.0	True
-0.0198	4.19231	1.29463644	-0.0198	-0.0	0.0	True
-0.0198	4.29487	1.31727859	-0.0198	0.0	-0.0	True
-0.0198	4.39744	1.20652614	-0.0198	0.0	-0.0	True
-0.0198	4.5	1.24417402	-0.0198	0.0	0.0001	True
-0.0198	5.0	1.30921569	-0.0198	-0.0	-0.0	True
-0.0198	5.5	1.22685621	-0.0198	-0.0	-0.0	True
-0.0198	6.0	0.86303105	-0.0198	-0.0	0.0	True
-0.0198	6.10256	0.99819526	-0.0198	-0.0	0.0	True
-0.0198	6.20513	0.99527206	-0.0198	-0.0	0.0001	True
-0.0198	6.30769	0.92362745	-0.0198	-0.0	0.0	True
-0.0198	6.41026	0.95567647	-0.0198	-0.0	0.0	True
-0.0198	6.5	0.96325408	-0.0198	0.0	0.0	True
-0.0198	6.51282	0.97001144	-0.0198	-0.0	-0.0	True
-0.0198	6.61538	1.05526062	-0.0198	0.0	-0.0001	True
-0.0198	6.71795	0.93771895	-0.0198	0.0	-0.0	True
-0.0198	6.82051	0.91321895	-0.0198	0.0	0.0001	True
-0.0198	6.92308	0.93248448	-0.0198	0.0	-0.0	True
-0.0198	7.0	0.93650245	-0.0198	0.0	-0.0	True
-0.0198	7.02564	0.88116993	-0.0198	-0.0	-0.0	True
-0.0198	7.12821	0.67390441	-0.0198	-0.0	0.0	True
-0.0198	7.23077	0.14268191	-0.0198	0.0	0.0	True
-0.0198	7.33333	0.01807873	-0.0198	-0.0	-0.0	True
-0.0198	7.4359	0.00091305	-0.0198	0.0	0.0	True
-0.0198	7.5	-0.01579608	-0.0198	-0.0	0.0001	True
-0.0198	7.53846	-0.0032262	-0.0198	0.0	-0.0001	True
-0.0198	7.64103	0.04400978	-0.0198	-0.0	0.0	True
-0.0198	7.74359	-0.03283983	-0.0198	-0.0	0.0001	True
-0.0198	7.84615	0.02623538	-0.0198	-0.0	-0.0	True
-0.0198	7.94872	0.01348292	-0.0198	0.0	-0.0	True
-0.0198	8.0	-0.02745288	-0.0198	0.0	-0.0	True
-0.0198	8.05128	0.04644453	-0.0198	-0.0	0.0	True
-0.0198	8.15385	0.04693155	-0.0198	-0.0	-0.0001	True
-0.0198	8.25641	0.06768862	-0.0198	0.0	0.0001	True
-0.0198	8.35897	0.02084835	-0.0198	-0.0	-0.0	True
-0.0198	8.46154	0.02937026	-0.0198	0.0	-0.0	True
-0.0198	8.5	0.04942735	-0.0198	-0.0	-0.0	True
-0.0198	8.5641	0.05782757	-0.0198	0.0	-0.0001	True
-0.0198	8.66667	0.02650938	-0.0198	-0.0	0.0	True
-0.0198	8.76923	0.09562843	-0.0198	0.0	0.0	True
-0.0198	8.87179	0.05664061	-0.0198	-0.0	0.0	True
-0.0198	8.97436	0.02760507	-0.0198	-0.0	-0.0001	True
-0.0198	9.0	-0.05259267	-0.0198	0.0	-0.0	True
-0.0198	9.07692	0.1122462	-0.0198	-0.0	-0.0	True
-0.0198	9.17949	-0.01953964	-0.0198	0.0	0.0001	True
-0.0198	9.28205	0.07977163	-0.0198	-0.0	-0.0	True
-0.0198	9.38462	0.04151407	-0.0198	0.0	0.0	True
-0.0198	9.48718	0.01533948	-0.0198	-0.0	-0.0	True
-0.0198	9.5	-0.0070306	-0.0198	-0.0	-0.0	True
-0.0198	9.58974	0.01503512	-0.0198	0.0	-0.0	True
-0.0198	9.69231	-0.02912679	-0.0198	0.0	-0.0	True
-0.0198	9.79487	0.00429143	-0.0198	-0.0	0.0001	True
-0.0198	9.89744	0.02173091	-0.0198	0.0	-0.0	True
-0.0198	10.0	-0.04297484	-0.0198	-0.0	0.0	True
-0.0198	10.5	-0.06811481	-0.0198	0.0	-0.0001	True
-0.0198	11.0	-0.00273915	-0.0198	-0.0	-0.0001	True
-0.0198	11.5	-0.00200873	-0.0198	0.0	-0.0	True
-0.0198	12.0	0.04492282	-0.0198	-0.0	0.0001	True
-0.0198	12.5	0.04102718	-0.0198	-0.0	0.0001	True
-0.0198	13.0	0.09401542	-0.0198	-0.0	-0.0	True
-0.0198	13.5	0.0223701	-0.0198	0.0	0.0	True
-0.0198	14.0	0.04224449	-0.0198	-0.0	-0.0	True
-0.0198	14.5	0.04653594	-0.0198	0.0	0.0	True
-0.0198	15.0	0.06552782	-0.0198	-0.0	0.0	True
-0.0198	15.5	-0.03040518	-0.0198	-0.0	0.0001	True
-0.0198	16.0	-0.00030445	-0.0198	0.0	0.0	True
-0.0198	16.5	-0.01424375	-0.0198	-0.0	-0.0	True
-0.0198	17.0	0.0286094	-0.0198	0.0	0.0001	True
-0.0198	17.5	0.03000944	-0.0198	0.0	0.0	True
-0.0198	18.0	-0.00970889	-0.0198	-0.0	0.0	True
-0.0198	18.5	0.00161304	-0.0198	-0.0	0.0	True
-0.0198	19.0	0.05953185	-0.0198	0.0	-0.0	True
-0.0198	19.5	-0.0046871	-0.0198	-0.0	-0.0	True
-0.0198	20.0	0.03140949	-0.0198	-0.0	0.0	True
-0.0198	20.5	-0.03137909	-0.0198	0.0	-0.0001	True
-0.0198	21.0	0.07179739	-0.0198	-0.0	0.0	True
-0.0198	21.5	0.01853525	-0.0198	0.0	0.0	True
-0.0198	22.0	-0.02501806	-0.0198	0.0	-0.0001	True
-0.0198	22.5	0.01823087	-0.0198	0.0	-0.0001	True
-0.0198	23.0	-0.00946542	-0.0198	0.0	-0.0	True
-0.0198	23.5	0.06062761	-0.0198	0.0	-0.0	True
-0.0198	24.0	0.04257927	-0.0198	-0.0	-0.0	True
-0.0198	24.5	-0.00806542	-0.0198	-0.0	0.0001	True
-0.0198	25.0	0.04659678	-0.0198	0.0	-0.0001	True
-0.0198	25.5	0.00316524	-0.0198	-0.0	-0.0001	True
-0.0198	26.0	0.05837556	-0.0198	-0.0	0.0	True
-0.0198	26.5	-0.02349622	-0.0198	-0.0	-0.0	True
-0.0198	27.0	0.01491348	-0.0198	-0.0	-0.0001	True
-0.0198	27.5	0.09069787	-0.0198	0.0	0.0001	True
-0.0198	28.0	-0.07131047	-0.0198	0.0	0.0	True
-0.0198	28.5	-0.02660073	-0.0198	0.0	0.0	True
-0.0198	29.0	0.04340101	-0.0198	-0.0	0.0	True
-0.0198	29.5	-0.01406117	-0.0198	-0.0	-0.0	True
-0.0198	30.0	0.01241767	-0.0198	-0.0	0.0	True
-0.0198	30.5	0.00030442	-0.0198	-0.0	0.0	True
-0.0198	31.0	-0.01893095	-0.0198	0.0	-0.0001	True
-0.0198	31.5	0.02401361	-0.0198	0.0	0.0001	True
-0.0198	32.0	0.11480286	-0.0198	0.0	-0.0001	True
-0.0198	32.5	-0.0117785	-0.0198	0.0	-0.0	True
-0.0198	33.0	0.03405738	-0.0198	-0.0	-0.0	True
-0.0198	33.5	0.03774	-0.0198	-0.0	0.0001	True
-0.0198	34.0	-0.00197828	-0.0198	-0.0	0.0001	True
-0.0198	34.5	-0.03137899	-0.0198	0.0	-0.0	True
-0.0198	35.0	-0.02331356	-0.0198	-0.0	-0.0001	True
-0.0198	35.5	-0.00794363	-0.0198	0.0	0.0	True
-0.0198	36.0	-0.03792277	-0.0198	-0.0	0.0	True
-0.0198	36.5	0.0446184	-0.0198	-0.0	0.0001	True
-0.0198	37.0	-0.08503685	-0.0198	0.0	-0.0	True
-0.0198	37.5	0.04951868	-0.0198	0.0	0.0	True
-0.0198	38.0	0.06531468	-0.0198	0.0	-0.0	True
-0.0198	38.5	-0.0066654	-0.0198	-0.0	-0.0	True
-0.0198	39.0	-0.04337068	-0.0198	0.0	0.0001	True
-0.0198	39.5	-0.02641803	-0.0198	-0.0	0.0	True
-0.0198	40.0	0.02118312	-0.0198	0.0	-0.0001	True
-0.0198	40.5	0.05320141	-0.0198	0.0	-0.0001	True
-0.0198	41.0	-0.06683645	-0.0198	0.0	0.0	True
-0.0198	41.5	-0.00636105	-0.0198	0.0	-0.0	True
-0.0198	42.0	0.05937968	-0.0198	0.0	0.0001	True
-0.0198	42.5	-0.00140004	-0.0198	0.0	-0.0	True
-0.0198	43.0	-0.01074382	-0.0198	-0.0	-0.0	True
-0.0198	43.5	0.07855425	-0.0198	0.0	0.0001	True
-0.0198	44.0	0.02727027	-0.0198	-0.0	0.0	True
-0.0198	44.5	-0.00949591	-0.0198	0.0	0.0	True
-0.0198	45.0	0.03177468	-0.0198	0.0	-0.0	True
-0.0198	45.5	0.02014838	-0.0198	0.0	0.0	True
-0.0198	46.0	0.00365225	-0.0198	0.0	0.0	True
-0.0198	46.5	-0.00553929	-0.0198	-0.0	0.0	True
-0.0198	47.0	0.03588358	-0.0198	-0.0	0.0	True
-0.0198	47.5	0.08086729	-0.0198	-0.0	0.0	True
-0.0198	48.0	0.0161613	-0.0198	0.0	0.0	True
-0.0198	48.5	0.04276185	-0.0198	-0.0	0.0001	True
-0.0198	49.0	0.01716561	-0.0198	0.0	-0.0	True
-0.0198	49.5	-0.01543081	-0.0198	0.0	0.0001	True
-0.0198	50.0	0.00681748	-0.0198	0.0	-0.0	True
-0.0198	50.5	0.00885677	-0.0198	0.0	0.0	True
-0.0198	51.0	-0.00505238	-0.0198	-0.0	-0.0	True
-0.0198	51.5	-0.00827841	-0.0198	-0.0	0.0	True
-0.0198	52.0	-0.00368268	-0.0198	0.0	-0.0001	True
-0.0198	52.5	0.07684985	-0.0198	-0.0	0.0001	True
-0.0198	53.0	-0.04458812	-0.0198	0.0	0.0	True
-0.0198	53.5	0.00751753	-0.0198	0.0	0.0	True
-0.0198	54.0	-0.02851815	-0.0198	0.0	0.0	True
-0.0198	54.5	0.06683648	-0.0198	0.0	0.0001	True
-0.0198	55.0	-0.0262659	-0.0198	0.0	0.0	True
-0.0198	55.5	0.00544796	-0.0198	0.0	-0.0	True
-0.0198	56.0	0.03740522	-0.0198	-0.0	0.0	True
-0.0198	56.5	0.01859613	-0.0198	-0.0	0.0	True
-0.0198	57.0	0.0376184	-0.0198	-0.0	-0.0	True
-0.0198	57.5	0.00794372	-0.0198	0.0	-0.0001	True
-0.0198	58.0	-0.0308008	-0.0198	0.0	0.0001	True
-0.0198	58.5	0.02492668	-0.0198	-0.0	0.0001	True
-0.0198	59.0	-0.02383102	-0.0198	0.0	0.0	True
-0.0198	59.5	0.00173489	-0.0198	-0.0	0.0	True
-0.0198	60.0	0.05390128	-0.0198	0.0	-0.0	True
-0.0198	60.5	0.00900899	-0.0198	0.0	-0.0	True
-0.0198	61.0	0.03034424	-0.0198	0.0	-0.0	True
-0.0198	61.5	0.01966139	-0.0198	-0.0	0.0001	True
-0.0198	62.0	-0.03813574	-0.0198	0.0	0.0	True
-0.0198	62.5	-0.04531859	-0.0198	0.0	0.0001	True
-0.0198	63.0	0.03923138	-0.0198	-0.0	0.0001	True
-0.0198	63.5	-0.02863987	-0.0198	-0.0	0.0	True
-0.0198	64.0	0.04598814	-0.0198	-0.0	0.0	True
-0.0198	64.5	-0.05155771	-0.0198	0.0	0.0	True
-0.0198	65.0	-0.02419626	-0.0198	-0.0	0.0001	True
-0.0196	-40.0	-1.77594015	-0.0196	0.0	-0.0	True
-0.0196	-39.5	0.03332692	-0.0196	-0.0	0.0	True
-0.0196	-39.0	0.00560014	-0.0196	0.0	0.0	True
-0.0196	-38.5	-0.04023575	-0.0196	-0.0	0.0001	True
-0.0196	-38.0	-0.04020534	-0.0196	-0.0	-0.0001	True
-0.0196	-37.5	0.03098353	-0.0196	0.0	0.0001	True
-0.0196	-37.0	0.01253946	-0.0196	-0.0	0.0	True
-0.0196	-36.5	0.01168726	-0.0196	0.0	0.0001	True
-0.0196	-36.0	0.01960051	-0.0196	0.0	-0.0001	True
-0.0196	-35.5	-0.03101383	-0.0196	0.0	0.0001	True
-0.0196	-35.0	-0.01186987	-0.0196	-0.0	-0.0	True
-0.0196	-34.5	0.00879582	-0.0196	-0.0	0.0	True
-0.0196	-34.0	0.01445682	-0.0196	-0.0	0.0001	True
-0.0196	-33.5	0.02523109	-0.0196	0.0	-0.0	True
-0.0196	-33.0	0.03560958	-0.0196	-0.0	-0.0	True
-0.0196	-32.5	-0.01820042	-0.0196	0.0	0.0001	True
-0.0196	-32.0	0.06324512	-0.0196	-0.0	-0.0	True
-0.0196	-31.5	-0.04294454	-0.0196	0.0	-0.0001	True
-0.0196	-31.0	-0.02577885	-0.0196	0.0	-0.0001	True
-0.0196	-30.5	0.01454818	-0.0196	0.0	0.0	True
-0.0196	-30.0	-0.06068848	-0.0196	-0.0	0.0	True
-0.0196	-29.5	-0.01619167	-0.0196	-0.0	0.0	True
-0.0196	-29.0	0.00949592	-0.0196	0.0	-0.0	True
-0.0196	-28.5	0.05676245	-0.0196	-0.0	0.0	True
-0.0196	-28.0	-0.03101388	-0.0196	0.0	-0.0	True
-0.0196	-27.5	0.01476128	-0.0196	-0.0	0.0001	True
-0.0196	-27.0	0.00630016	-0.0196	-0.0	0.0	True
-0.0196	-26.5	-0.03910972	-0.0196	-0.0	-0.0001	True
-0.0196	-26.0	0.02303974	-0.0196	0.0	-0.0	True
-0.0196	-25.5	0.00645234	-0.0196	0.0	0.0	True
-0.0196	-25.0	-0.03244432	-0.0196	0.0	0.0	True
-0.0196	-24.5	-0.01552212	-0.0196	0.0	0.0	True
-0.0196	-24.0	0.10865493	-0.0196	-0.0	-0.0	True
-0.0196	-23.5	0.04157489	-0.0196	0.0	0.0001	True
-0.0196	-23.0	-0.01369597	-0.0196	0.0	-0.0	True
-0.0196	-22.5	0.05953197	-0.0196	0.0	-0.0	True
-0.0196	-22.0	-0.00127829	-0.0196	0.0	0.0	True
-0.0196	-21.5	0.01591776	-0.0196	-0.0	-0.0	True
-0.0196	-21.0	0.00346964	-0.0196	0.0	0.0001	True
-0.0196	-20.5	-0.02316145	-0.0196	0.0	-0.0001	True
-0.0196	-20.0	0.01372647	-0.0196	0.0	0.0	True
-0.0196	-19.5	-0.00164359	-0.0196	0.0	-0.0	True
-0.0196	-19.0	-0.05892329	-0.0196	0.0	-0.0	True
-0.0196	-18.5	0.07496283	-0.0196	0.0	-0.0	True
-0.0196	-18.0	0.07812798	-0.0196	0.0	0.0001	True
-0.0196	-17.5	-0.02069623	-0.0196	-0.0	-0.0	True
-0.0196	-17.0	0.04206187	-0.0196	0.0	-0.0001	True
-0.0196	-16.5	0.03743573	-0.0196	0.0	-0.0	True
-0.0196	-16.0	0.02224836	-0.0196	-0.0	0.0	True
-0.0196	-15.5	0.03283986	-0.0196	-0.0	0.0	True
-0.0196	-15.0	0.03649225	-0.0196	0.0	-0.0	True
-0.0196	-14.5	-0.02702676	-0.0196	-0.0	-0.0	True
-0.0196	-14.0	-0.01223513	-0.0196	0.0	0.0	True
-0.0196	-13.5	-0.00447401	-0.0196	0.0	0.0	True
-0.0196	-13.0	0.00115653	-0.0196	-0.0	0.0001	True
-0.0196	-12.5	-0.04343157	-0.0196	-0.0	-0.0	True
-0.0196	-12.0	0.07456699	-0.0196	0.0	-0.0	True
-0.0196	-11.5	0.0172266	-0.0196	0.0	0.0	True
-0.0196	-11.0	0.0857977	-0.0196	0.0	-0.0001	True
-0.0196	-10.5	0.01984407	-0.0196	0.0	0.0	True
-0.0196	-10.0	0.03676616	-0.0196	0.0	-0.0	True
-0.0196	-9.5	-0.05058391	-0.0196	0.0	0.0	True
-0.0196	-9.0	0.00818717	-0.0196	0.0	-0.0	True
-0.0196	-8.5	0.03883576	-0.0196	0.0	0.0	True
-0.0196	-8.0	0.00270873	-0.0196	0.0	0.0001	True
-0.0196	-7.5	0.04236622	-0.0196	0.0	0.0	True
-0.0196	-7.0	0.85624346	-0.0196	-0.0	-0.0	True
-0.0196	-6.5	0.77288154	-0.0196	0.0	0.0001	True
-0.0196	-6.0	0.81031618	-0.0196	0.0	0.0	True
-0.0196	-5.5	0.77324649	-0.0196	0.0	-0.0	True
-0.0196	-5.0	1.1239232	-0.0196	0.0	-0.0001	True
-0.0196	-4.5	1.0665531	-0.0196	0.0	-0.0	True
-0.0196	-4.0	1.22828676	-0.0196	0.0	0.0001	True
-0.0196	-3.89744	1.15408497	-0.0196	-0.0	0.0	True
-0.0196	-3.79487	1.23665605	-0.0196	0.0	0.0001	True
-0.0196	-3.69231	1.19267729	-0.0196	-0.0	-0.0001	True
-0.0196	-3.58974	1.13052778	-0.0196	0.0	-0.0001	True
-0.0196	-3.5	1.28471324	-0.0196	0.0	0.0001	True
-0.0196	-3.48718	1.18619363	-0.0196	0.0	0.0001	True
-0.0196	-3.38462	1.21866912	-0.0196	0.0	0.0	True
-0.0196	-3.28205	1.25281699	-0.0196	0.0	-0.0	True
-0.0196	-3.17949	1.24152533	-0.0196	0.0	-0.0	True
-0.0196	-3.07692	1.0905049	-0.0196	0.0	-0.0	True
-0.0196	-3.0	1.24992484	-0.0196	-0.0	-0.0	True
-0.0196	-2.97436	1.09540523	-0.0196	0.0	-0.0	True
-0.0196	-2.87179	1.18442892	-0.0196	-0.0	0.0	True
-0.0196	-2.76923	1.09035376	-0.0196	0.0	0.0	True
-0.0196	-2.66667	1.07769199	-0.0196	0.0	0.0001	True
-0.0196	-2.5641	1.13688807	-0.0196	-0.0	-0.0	True
-0.0196	-2.5	1.06375327	-0.0196	0.0	-0.0	True
-0.0196	-2.46154	1.03441176	-0.0196	-0.0	0.0001	True
-0.0196	-2.35897	0.96011928	-0.0196	0.0	0.0	True
-0.0196	-2.25641	0.9708031	-0.0196	-0.0	-0.0	True
-0.0196	-2.15385	0.82011683	-0.0196	0.0	-0.0	True
-0.0196	-2.05128	0.80769935	-0.0196	0.0	0.0	True
-0.0196	-2.0	0.64279935	-0.0196	0.0	-0.0	True
-0.0196	-1.94872	0.75266993	-0.0196	-0.0	-0.0	True
-0.0196	-1.84615	0.86299918	-0.0196	-0.0	-0.0	True
-0.0196	-1.74359	0.82763399	-0.0196	-0.0	0.0	True
-0.0196	-1.64103	0.79476389	-0.0196	0.0	-0.0	True
-0.0196	-1.53846	0.56171846	-0.0196	0.0	-0.0	True
-0.0196	-1.5	0.60545327	-0.0196	0.0	-0.0001	True
-0.0196	-1.4359	0.67043415	-0.0196	-0.0	0.0001	True
-0.0196	-1.33333	0.38829583	-0.0196	-0.0	0.0	True
-0.0196	-1.23077	0.55328791	-0.0196	0.0	-0.0001	True
-0.0196	-1.12821	0.56880931	-0.0196	0.0	-0.0	True
-0.0196	-1.02564	0.26965907	-0.0196	0.0	-0.0	True
-0.0196	-1.0	0.46271087	-0.0196	0.0	-0.0	True
-0.0196	-0.92308	0.2497844	-0.0196	0.0	-0.0	True
-0.0196	-0.82051	0.32776038	-0.0196	0.0	0.0	True
-0.0196	-0.71795	0.18051315	-0.0196	0.0	0.0	True
-0.0196	-0.61538	0.19688766	-0.0196	-0.0	-0.0	True
-0.0196	-0.51282	0.12235097	-0.0196	-0.0	-0.0	True
-0.0196	-0.5	0.10521577	-0.0196	-0.0	-0.0	True
-0.0196	-0.41026	0.08302813	-0.0196	0.0	0.0	True
-0.0196	-0.30769	0.11559424	-0.0196	0.0	0.0	True
-0.0196	-0.20513	0.07100623	-0.0196	0.0	0.0	True
-0.0196	-0.10256	0.02991807	-0.0196	-0.0	-0.0	True
-0.0196	0.0	0.06077981	-0.0196	0.0	-0.0001	True
-0.0196	0.5	0.09678505	-0.0196	0.0	-0.0001	True
-0.0196	0.60256	0.07691072	-0.0196	-0.0	0.0	True
-0.0196	0.70513	0.095598	-0.0196	-0.0	0.0	True
-0.0196	0.80769	0.2417193	-0.0196	-0.0	-0.0	True
-0.0196	0.91026	0.19055678	-0.0196	-0.0	0.0	True
-0.0196	1.0	0.21600097	-0.0196	-0.0	0.0	True
-0.0196	1.01282	0.2019094	-0.0196	-0.0	0.0001	True
-0.0196	1.11538	0.26393704	-0.0196	0.0	0.0001	True
-0.0196	1.21795	0.27017614	-0.0196	0.0	-0.0	True
-0.0196	1.32051	0.40655776	-0.0196	0.0	-0.0	True
-0.0196	1.42308	0.62581618	-0.0196	0.0	0.0	True
-0.0196	1.5	0.5367308	-0.0196	0.0	-0.0	True
-0.0196	1.52564	0.5546576	-0.0196	-0.0	-0.0001	True
-0.0196	1.62821	0.69112974	-0.0196	0.0	0.0001	True
-0.0196	1.73077	0.64066814	-0.0196	0.0	-0.0001	True
-0.0196	1.83333	0.67353758	-0.0196	0.0	0.0	True
-0.0196	1.9359	0.84580294	-0.0196	-0.0	0.0001	True
-0.0196	2.0	0.73727124	-0.0196	0.0	0.0	True
-0.0196	2.03846	0.8307982	-0.0196	-0.0	0.0001	True
-0.0196	2.14103	1.03191748	-0.0196	-0.0	-0.0	True
-0.0196	2.24359	0.68556127	-0.0196	0.0	-0.0	True
-0.0196	2.34615	0.75230637	-0.0196	0.0	-0.0	True
-0.0196	2.44872	1.08630637	-0.0196	-0.0	-0.0	True
-0.0196	2.5	1.19331618	-0.0196	0.0	0.0001	True
-0.0196	2.55128	1.05964379	-0.0196	0.0	-0.0	True
-0.0196	2.65385	1.1921585	-0.0196	0.0	0.0001	True
-0.0196	2.75641	1.16528513	-0.0196	0.0	-0.0	True
-0.0196	2.85897	1.12206699	-0.0196	-0.0	-0.0	True
-0.0196	2.96154	1.15843627	-0.0196	-0.0	-0.0	True
-0.0196	3.0	1.20013317	-0.0196	-0.0	0.0001	True
-0.0196	3.0641	1.25303023	-0.0196	-0.0	0.0	True
-0.0196	3.16667	1.19727288	-0.0196	0.0	-0.0	True
-0.0196	3.26923	1.19882516	-0.0196	0.0	-0.0	True
-0.0196	3.37179	1.26234395	-0.0196	0.0	-0.0	True
-0.0196	3.47436	1.23059886	-0.0196	-0.0	0.0001	True
-0.0196	3.5	1.22478595	-0.0196	0.0	0.0	True
-0.0196	3.57692	1.26188644	-0.0196	0.0	-0.0	True
-0.0196	3.67949	1.24301797	-0.0196	0.0	-0.0	True
-0.0196	3.78205	1.20281291	-0.0196	0.0	0.0	True
-0.0196	3.88462	1.21647794	-0.0196	-0.0	0.0	True
-0.0196	3.98718	1.29977941	-0.0196	0.0	0.0001	True
-0.0196	4.0	1.22195507	-0.0196	0.0	-0.0	True
-0.0196	4.08974	1.27086438	-0.0196	0.0	-0.0001	True
-0.0196	4.19231	1.10916258	-0.0196	-0.0	-0.0	True
-0.0196	4.29487	1.08429657	-0.0196	-0.0	-0.0001	True
-0.0196	4.39744	1.14029739	-0.0196	0.0	-0.0	True
-0.0196	4.5	1.10261765	-0.0196	0.0	-0.0001	True
-0.0196	5.0	1.13682843	-0.0196	-0.0	0.0	True
-0.0196	5.5	1.14136275	-0.0196	0.0	-0.0	True
-0.0196	6.0	0.80103431	-0.0196	0.0	0.0001	True
-0.0196	6.5	0.9212549	-0.0196	0.0	0.0	True
-0.0196	7.0	0.82739216	-0.0196	-0.0	0.0	True
-0.0196	7.5	0.2095487	-0.0196	-0.0	0.0	True
-0.0196	8.0	0.04684032	-0.0196	-0.0	0.0001	True
-0.0196	8.5	-0.0058132	-0.0196	-0.0	0.0	True
-0.0196	9.0	-0.01214385	-0.0196	0.0	-0.0001	True
-0.0196	9.5	0.02477454	-0.0196	0.0	0.0	True
-0.0196	10.0	-0.0145178	-0.0196	0.0	0.0	True
-0.0196	10.5	-0.01403081	-0.0196	0.0	-0.0	True
-0.0196	11.0	0.03180517	-0.0196	-0.0	-0.0001	True
-0.0196	11.5	-0.05088806	-0.0196	0.0	0.0	True
-0.0196	12.0	-0.01436555	-0.0196	0.0	0.0	True
-0.0196	12.5	0.03293129	-0.0196	0.0	0.0	True
-0.0196	13.0	0.01725693	-0.0196	0.0	-0.0	True
-0.0196	13.5	0.00121748	-0.0196	0.0	0.0	True
-0.0196	14.0	0.06659292	-0.0196	0.0	-0.0	True
-0.0196	14.5	-0.02258315	-0.0196	0.0	0.0	True
-0.0196	15.0	0.03229208	-0.0196	0.0	-0.0	True
-0.0196	15.5	0.00776111	-0.0196	0.0	0.0	True
-0.0196	16.0	-0.00130883	-0.0196	0.0	0.0	True
-0.0196	16.5	0.09249363	-0.0196	-0.0	-0.0001	True
-0.0196	17.0	-0.07210177	-0.0196	-0.0	-0.0001	True
-0.0196	17.5	-0.05521012	-0.0196	0.0	0.0001	True
-0.0196	18.0	0.01549169	-0.0196	0.0	-0.0	True
-0.0196	18.5	-0.02684415	-0.0196	-0.0	0.0	True
-0.0196	19.0	0.04699246	-0.0196	0.0	0.0	True
-0.0196	19.5	0.01077416	-0.0196	0.0	0.0001	True
-0.0196	20.0	-0.01336118	-0.0196	0.0	-0.0	True
-0.0196	20.5	-0.0326269	-0.0196	0.0	0.0	True
-0.0196	21.0	0.02997896	-0.0196	0.0	-0.0	True
-0.0196	21.5	0.02027008	-0.0196	-0.0	0.0	True
-0.0196	22.0	0.04020534	-0.0196	0.0	0.0001	True
-0.0196	22.5	0.05715796	-0.0196	0.0	0.0001	True
-0.0196	23.0	0.02523114	-0.0196	0.0	0.0	True
-0.0196	23.5	0.01278292	-0.0196	0.0	-0.0	True
-0.0196	24.0	-0.00980031	-0.0196	0.0	-0.0001	True
-0.0196	24.5	0.02221794	-0.0196	0.0	0.0	True
-0.0196	25.0	-0.03189639	-0.0196	-0.0	-0.0001	True
-0.0196	25.5	0.03935309	-0.0196	-0.0	0.0	True
-0.0196	26.0	-0.02787895	-0.0196	0.0	0.0	True
-0.0196	26.5	-0.00286096	-0.0196	0.0	-0.0	True
-0.0196	27.0	0.02477451	-0.0196	0.0	-0.0001	True
-0.0196	27.5	-0.04933596	-0.0196	0.0	0.0001	True
-0.0196	28.0	0.05657963	-0.0196	-0.0	-0.0001	True
-0.0196	28.5	-0.06516251	-0.0196	0.0	0.0	True
-0.0196	29.0	0.02863983	-0.0196	-0.0	-0.0	True
-0.0196	29.5	0.01789616	-0.0196	-0.0	0.0	True
-0.0196	30.0	-0.01844389	-0.0196	0.0	0.0	True
-0.0196	30.5	0.02587015	-0.0196	0.0	-0.0	True
-0.0196	31.0	-0.00079133	-0.0196	0.0	-0.0	True
-0.0196	31.5	-0.05858845	-0.0196	0.0	0.0	True
-0.0196	32.0	-0.02352661	-0.0196	0.0	-0.0001	True
-0.0196	32.5	-0.01101765	-0.0196	-0.0	-0.0	True
-0.0196	33.0	0.09836766	-0.0196	0.0	0.0001	True
-0.0196	33.5	0.03837914	-0.0196	0.0	0.0	True
-0.0196	34.0	0.04379678	-0.0196	-0.0	0.0	True
-0.0196	34.5	-0.00371308	-0.0196	0.0	-0.0	True
-0.0196	35.0	0.0554231	-0.0196	-0.0	0.0	True
-0.0196	35.5	0.04903161	-0.0196	0.0	-0.0	True
-0.0196	36.0	0.00191745	-0.0196	0.0	0.0	True
-0.0196	36.5	0.01497427	-0.0196	-0.0	-0.0001	True
-0.0196	37.0	-0.0126307	-0.0196	0.0	-0.0	True
-0.0196	37.5	-0.01658734	-0.0196	0.0	-0.0	True
-0.0196	38.0	0.10089387	-0.0196	0.0	0.0001	True
-0.0196	38.5	-0.00669583	-0.0196	0.0	-0.0	True
-0.0196	39.0	-0.02011786	-0.0196	0.0	0.0	True
-0.0196	39.5	0.02401354	-0.0196	-0.0	-0.0001	True
-0.0196	40.0	0.02860943	-0.0196	0.0	0.0	True
-0.0196	40.5	-0.02373964	-0.0196	0.0	0.0	True
-0.0196	41.0	-0.0123873	-0.0196	0.0	-0.0001	True
-0.0196	41.5	0.0565797	-0.0196	0.0	-0.0	True
-0.0196	42.0	0.01101772	-0.0196	-0.0	0.0001	True
-0.0196	42.5	-0.020331	-0.0196	0.0	-0.0001	True
-0.0196	43.0	-0.04732718	-0.0196	0.0	-0.0	True
-0.0196	43.5	0.02812243	-0.0196	-0.0	0.0001	True
-0.0196	44.0	0.00042614	-0.0196	-0.0	-0.0	True
-0.0196	44.5	0.01646562	-0.0196	0.0	0.0	True
-0.0196	45.0	0.00410877	-0.0196	0.0	-0.0001	True
-0.0196	45.5	-0.01424391	-0.0196	0.0	0.0	True
-0.0196	46.0	0.03676605	-0.0196	-0.0	0.0	True
-0.0196	46.5	-0.05533177	-0.0196	-0.0	-0.0001	True
-0.0196	47.0	0.02778766	-0.0196	0.0	0.0001	True
-0.0196	47.5	-0.04239671	-0.0196	0.0	-0.0	True
-0.0196	48.0	0.06671487	-0.0196	0.0	-0.0001	True
-0.0196	48.5	-0.01336117	-0.0196	0.0	0.0	True
-0.0196	49.0	-0.00569142	-0.0196	-0.0	0.0	True
-0.0196	49.5	0.02377019	-0.0196	-0.0	0.0	True
-0.0196	50.0	0.00541757	-0.0196	0.0	-0.0	True
-0.0196	50.5	0.02179181	-0.0196	0.0	0.0	True
-0.0196	51.0	0.03265737	-0.0196	0.0	0.0	True
-0.0196	51.5	0.06784087	-0.0196	-0.0	0.0	True
-0.0196	52.0	-0.02005698	-0.0196	0.0	0.0001	True
-0.0196	52.5	0.01275252	-0.0196	-0.0	0.0001	True
-0.0196	53.0	-0.01908314	-0.0196	-0.0	-0.0001	True
-0.0196	53.5	-0.00179571	-0.0196	0.0	0.0	True
-0.0196	54.0	0.03308343	-0.0196	-0.0	-0.0001	True
-0.0196	54.5	0.01421338	-0.0196	0.0	0.0	True
-0.0196	55.0	-0.04906209	-0.0196	0.0	-0.0001	True
-0.0196	55.5	-0.01521775	-0.0196	0.0	0.0001	True
-0.0196	56.0	-0.00663496	-0.0196	0.0	0.0	True
-0.0196	56.5	0.02839635	-0.0196	0.0	-0.0	True
-0.0196	57.0	0.01905266	-0.0196	0.0	0.0	True
-0.0196	57.5	-0.02392233	-0.0196	0.0	-0.0	True
-0.0196	58.0	0.01010462	-0.0196	-0.0	-0.0	True
-0.0196	58.5	0.01485255	-0.0196	-0.0	0.0	True
-0.0196	59.0	-0.00937406	-0.0196	0.0	-0.0001	True
-0.0196	59.5	-0.02653981	-0.0196	0.0	-0.0	True
-0.0196	60.0	0.00401765	-0.0196	-0.0	0.0	True
-0.0196	60.5	-0.01771352	-0.0196	0.0	-0.0	True
-0.0196	61.0	0.02243092	-0.0196	-0.0	0.0	True
-0.0196	61.5	0.07356267	-0.0196	0.0	0.0001	True
-0.0196	62.0	-0.05737093	-0.0196	-0.0	-0.0	True
-0.0196	62.5	0.02921817	-0.0196	0.0	-0.0	True
-0.0196	63.0	-0.01716565	-0.0196	0.0	0.0	True
-0.0196	63.5	-0.00130866	-0.0196	0.0	0.0	True
-0.0196	64.0	0.00894808	-0.0196	0.0	0.0	True
-0.0196	64.5	-0.02276589	-0.0196	-0.0	0.0	True
-0.0196	65.0	-0.0103176	-0.0196	0.0	0.0	True
-0.0194	-40.0	-1.85893971	-0.0194	0.0	-0.0	True
-0.0194	-39.5	-0.00502186	-0.0194	0.0	0.0	True
-0.0194	-39.0	-0.00346963	-0.0194	-0.0	-0.0	True
-0.0194	-38.5	0.01801787	-0.0194	0.0	-0.0	True
-0.0194	-38.0	0.09842851	-0.0194	0.0	-0.0	True
-0.0194	-37.5	0.00581317	-0.0194	-0.0	-0.0	True
-0.0194	-37.0	-0.02900507	-0.0194	0.0	-0.0	True
-0.0194	-36.5	-0.05271425	-0.0194	-0.0	-0.0	True
-0.0194	-36.0	0.05484479	-0.0194	0.0	-0.0	True
-0.0194	-35.5	-0.04732725	-0.0194	0.0	-0.0	True
-0.0194	-35.0	0.03947484	-0.0194	0.0	-0.0	True
-0.0194	-34.5	0.09295033	-0.0194	-0.0	-0.0	True
-0.0194	-34.0	0.01281336	-0.0194	0.0	-0.0	True
-0.0194	-33.5	-0.0591668	-0.0194	-0.0	-0.0	True
-0.0194	-33.0	-0.04090538	-0.0194	-0.0	-0.0	True
-0.0194	-32.5	-0.02967466	-0.0194	0.0	-0.0	True
-0.0194	-32.0	0.09781993	-0.0194	0.0	-0.0	True
-0.0194	-31.5	0.04498383	-0.0194	0.0	-0.0	True
-0.0194	-31.0	-0.10198958	-0.0194	0.0	-0.0	True
-0.0194	-30.5	0.02663104	-0.0194	0.0	-0.0	True
-0.0194	-30.0	-0.06129721	-0.0194	0.0	-0.0	True
-0.0194	-29.5	-0.04519675	-0.0194	-0.0	-0.0	True
-0.0194	-29.0	-0.00407839	-0.0194	-0.0	-0.0	True
-0.0194	-28.5	0.04781419	-0.0194	-0.0	-0.0	True
-0.0194	-28.0	-0.04656642	-0.0194	0.0	-0.0	True
-0.0194	-27.5	0.02763545	-0.0194	0.0	-0.0	True
-0.0194	-27.0	0.01056116	-0.0194	0.0	-0.0	True
-0.0194	-26.5	-0.06263644	-0.0194	-0.0	-0.0	True
-0.0194	-26.0	0.00721318	-0.0194	0.0	-0.0	True
-0.0194	-25.5	-0.00246531	-0.0194	0.0	-0.0	True
-0.0194	-25.0	-0.01056115	-0.0194	0.0	-0.0	True
-0.0194	-24.5	-0.01652651	-0.0194	0.0	-0.0	True
-0.0194	-24.0	0.0070915	-0.0194	-0.0	-0.0	True
-0.0194	-23.5	-0.02389194	-0.0194	-0.0	-0.0	True
-0.0194	-23.0	-0.01710476	-0.0194	-0.0	-0.0	True
-0.0194	-22.5	-0.00986109	-0.0194	0.0	-0.0	True
-0.0194	-22.0	-0.02711803	-0.0194	0.0	-0.0	True
-0.0194	-21.5	0.07359298	-0.0194	0.0	-0.0	True
-0.0194	-21.0	-0.07207141	-0.0194	0.0	-0.0	True
-0.0194	-20.5	-0.05079687	-0.0194	0.0	-0.0	True
-0.0194	-20.0	0.00066944	-0.0194	0.0	-0.0	True
-0.0194	-19.5	0.03460515	-0.0194	0.0	-0.0	True
-0.0194	-19.0	0.04936643	-0.0194	0.0	-0.0	True
-0.0194	-18.5	-0.11833333	-0.0194	0.0	-0.0	True
-0.0194	-18.0	0.01174811	-0.0194	-0.0	-0.0	True
-0.0194	-17.5	-0.05158826	-0.0194	0.0	-0.0	True
-0.0194	-17.0	-0.02498751	-0.0194	0.0	-0.0	True
-0.0194	-16.5	-0.00581323	-0.0194	0.0	-0.0	True
-0.0194	-16.0	-0.03494001	-0.0194	-0.0	-0.0	True
-0.0194	-15.5	-0.01582649	-0.0194	-0.0	-0.0	True
-0.0194	-15.0	-0.01284375	-0.0194	0.0	-0.0	True
-0.0194	-14.5	-0.03624873	-0.0194	0.0	-0.0	True
-0.0194	-14.0	0.06525392	-0.0194	0.0	-0.0	True
-0.0194	-13.5	-0.06272779	-0.0194	0.0	-0.0	True
-0.0194	-13.0	-0.02346583	-0.0194	-0.0	0.0	True
-0.0194	-12.5	-0.03789218	-0.0194	-0.0	-0.0	True
-0.0194	-12.0	0.01126114	-0.0194	-0.0	-0.0	True
-0.0194	-11.5	-0.02456153	-0.0194	0.0	-0.0	True
-0.0194	-11.0	0.05755362	-0.0194	0.0	-0.0	True
-0.0194	-10.5	0.07054959	-0.0194	0.0	-0.0	True
-0.0194	-10.0	0.00155217	-0.0194	-0.0	0.0	True
-0.0194	-9.5	0.04647517	-0.0194	-0.0	-0.0	True
-0.0194	-9.39744	-0.0001219	-0.0194	0.0	-0.0	True
-0.0194	-9.29487	-0.07587591	-0.0194	-0.0	-0.0	True
-0.0194	-9.19231	-0.0692103	-0.0194	-0.0	-0.0	True
-0.0194	-9.08974	-0.04081405	-0.0194	-0.0	-0.0	True
-0.0194	-9.0	0.00246529	-0.0194	0.0	-0.0	True
-0.0194	-8.98718	0.04044879	-0.0194	-0.0	-0.0	True
-0.0194	-8.88462	0.01393936	-0.0194	-0.0	-0.0	True
-0.0194	-8.78205	-0.03445305	-0.0194	-0.0	-0.0	True
-0.0194	-8.67949	-0.01381778	-0.0194	-0.0	-0.0	True
-0.0194	-8.57692	-0.03217035	-0.0194	-0.0	-0.0	True
-0.0194	-8.5	0.08731955	-0.0194	0.0	-0.0	True
-0.0194	-8.47436	0.03433132	-0.0194	0.0	-0.0	True
-0.0194	-8.37179	-0.03168334	-0.0194	-0.0	-0.0	True
-0.0194	-8.26923	-0.04011405	-0.0194	0.0	-0.0	True
-0.0194	-8.16667	-0.02982683	-0.0194	0.0	-0.0	True
-0.0194	-8.0641	0.01330029	-0.0194	0.0	-0.0	True
-0.0194	-8.0	0.01689172	-0.0194	0.0	-0.0	True
-0.0194	-7.96154	0.00763927	-0.0194	0.0	-0.0	True
-0.0194	-7.85897	0.02513978	-0.0194	0.0	-0.0	True
-0.0194	-7.75641	0.01101777	-0.0194	0.0	-0.0	True
-0.0194	-7.65385	0.05061437	-0.0194	0.0	-0.0	True
-0.0194	-7.55128	-0.01597859	-0.0194	-0.0	-0.0	True
-0.0194	-7.5	0.04148356	-0.0194	0.0	-0.0	True
-0.0194	-7.44872	-0.01430469	-0.0194	0.0	-0.0	True
-0.0194	-7.34615	-0.00234354	-0.0194	0.0	-0.0	True
-0.0194	-7.24359	0.03028339	-0.0194	-0.0	-0.0	True
-0.0194	-7.14103	0.14295588	-0.0194	0.0	-0.0	True
-0.0194	-7.03846	0.68903039	-0.0194	-0.0	-0.0	True
-0.0194	-7.0	0.91751062	-0.0194	0.0	-0.0	True
-0.0194	-6.9359	0.93485866	-0.0194	0.0	0.0	True
-0.0194	-6.83333	0.92362745	-0.0194	0.0	-0.0	True
-0.0194	-6.73077	0.91681127	-0.0194	0.0	-0.0	True
-0.0194	-6.62821	0.91857516	-0.0194	0.0	0.0	True
-0.0194	-6.52564	0.92980637	-0.0194	0.0	-0.0	True
-0.0194	-6.5	0.9750335	-0.0194	-0.0	-0.0	True
-0.0194	-6.42308	0.90743709	-0.0194	0.0	-0.0	True
-0.0194	-6.32051	0.88658824	-0.0194	0.0	-0.0	True
-0.0194	-6.21795	0.90749755	-0.0194	0.0	-0.0	True
-0.0194	-6.11538	0.92694526	-0.0194	-0.0	-0.0	True
-0.0194	-6.01282	0.88689297	-0.0194	0.0	-0.0	True
-0.0194	-6.0	0.89541422	-0.0194	-0.0	-0.0	True
-0.0194	-5.91026	0.85006618	-0.0194	-0.0	-0.0	True
-0.0194	-5.80769	0.86936193	-0.0194	-0.0	-0.0	True
-0.0194	-5.70513	0.88272222	-0.0194	0.0	-0.0	True
-0.0194	-5.60256	1.02744281	-0.0194	-0.0	-0.0	True
-0.0194	-5.5	0.86564788	-0.0194	-0.0	0.0	True
-0.0194	-5.0	1.0751348	-0.0194	0.0	-0.0	True
-0.0194	-4.5	0.9229281	-0.0194	0.0	0.0	True
-0.0194	-4.0	1.08134395	-0.0194	-0.0	-0.0	True
-0.0194	-3.5	1.17806781	-0.0194	-0.0	-0.0	True
-0.0194	-3.0	1.11841503	-0.0194	0.0	-0.0	True
-0.0194	-2.5	0.9742116	-0.0194	-0.0	-0.0	True
-0.0194	-2.0	0.80006046	-0.0194	0.0	-0.0	True
-0.0194	-1.5	0.58612786	-0.0194	-0.0	-0.0	True
-0.0194	-1.0	0.3434348	-0.0194	-0.0	-0.0	True
-0.0194	-0.5	0.12734232	-0.0194	0.0	0.0	True
-0.0194	0.0	0.07575414	-0.0194	0.0	-0.0	True
-0.0194	0.5	0.20391784	-0.0194	-0.0	-0.0	True
-0.0194	1.0	0.40555392	-0.0194	-0.0	-0.0	True
-0.0194	1.5	0.66306928	-0.0194	-0.0	-0.0	True
-0.0194	2.0	0.78301511	-0.0194	0.0	-0.0	True
-0.0194	2.5	0.89215686	-0.0194	0.0	-0.0	True
-0.0194	3.0	1.15795016	-0.0194	0.0	-0.0	True
-0.0194	3.5	1.03563154	-0.0194	-0.0	-0.0	True
-0.0194	4.0	0.94846324	-0.0194	-0.0	-0.0	True
-0.0194	4.5	1.17791503	-0.0194	0.0	-0.0	True
-0.0194	5.0	0.87063889	-0.0194	0.0	-0.0	True
-0.0194	5.5	1.06150082	-0.0194	0.0	0.0	True
-0.0194	6.0	1.07391912	-0.0194	0.0	-0.0	True
-0.0194	6.10256	0.98538235	-0.0194	-0.0	-0.0	True
-0.0194	6.20513	0.93747631	-0.0194	0.0	-0.0	True
-0.0194	6.30769	0.88570588	-0.0194	0.0	0.0	True
-0.0194	6.41026	0.94563317	-0.0194	0.0	0.0	True
-0.0194	6.5	0.96988971	-0.0194	0.0	-0.0	True
-0.0194	6.51282	0.90214052	-0.0194	0.0	0.0	True
-0.0194	6.61538	0.95065523	-0.0194	-0.0	-0.0	True
-0.0194	6.71795	0.90685866	-0.0194	0.0	-0.0	True
-0.0194	6.82051	0.96438072	-0.0194	-0.0	-0.0	True
-0.0194	6.92308	0.8792835	-0.0194	0.0	-0.0	True
-0.0194	7.0	0.9280719	-0.0194	-0.0	-0.0	True
-0.0194	7.02564	0.85642565	-0.0194	0.0	-0.0	True
-0.0194	7.12821	0.65381618	-0.0194	-0.0	-0.0	True
-0.0194	7.23077	0.08762386	-0.0194	0.0	-0.0	True
-0.0194	7.33333	-0.00401749	-0.0194	0.0	-0.0	True
-0.0194	7.4359	-0.01768302	-0.0194	0.0	-0.0	True
-0.0194	7.5	0.02474407	-0.0194	-0.0	-0.0	True
-0.0194	7.53846	-0.0117785	-0.0194	-0.0	-0.0	True
-0.0194	7.64103	0.0712497	-0.0194	-0.0	-0.0	True
-0.0194	7.74359	-0.01153503	-0.0194	0.0	-0.0	True
-0.0194	7.84615	0.00943509	-0.0194	0.0	-0.0	True
-0.0194	7.94872	-0.01603955	-0.0194	-0.0	0.0	True
-0.0194	8.0	0.02568756	-0.0194	0.0	-0.0	True
-0.0194	8.05128	-0.03277902	-0.0194	-0.0	-0.0	True
-0.0194	8.15385	0.00243485	-0.0194	-0.0	-0.0	True
-0.0194	8.25641	0.02587025	-0.0194	0.0	-0.0	True
-0.0194	8.35897	0.010135	-0.0194	-0.0	-0.0	True
-0.0194	8.46154	-0.00021305	-0.0194	-0.0	-0.0	True
-0.0194	8.5	0.00773062	-0.0194	-0.0	-0.0	True
-0.0194	8.5641	0.0301617	-0.0194	0.0	-0.0	True
-0.0194	8.66667	0.03874447	-0.0194	0.0	0.0	True
-0.0194	8.76923	0.02982685	-0.0194	0.0	-0.0	True
-0.0194	8.87179	-0.04047921	-0.0194	-0.0	-0.0	True
-0.0194	8.97436	-0.0332052	-0.0194	0.0	-0.0	True
-0.0194	9.0	0.02048311	-0.0194	-0.0	-0.0	True
-0.0194	9.07692	0.0230397	-0.0194	0.0	-0.0	True
-0.0194	9.17949	0.02459185	-0.0194	0.0	-0.0	True
-0.0194	9.28205	-0.01427431	-0.0194	0.0	-0.0	True
-0.0194	9.38462	0.01573522	-0.0194	0.0	-0.0	True
-0.0194	9.48718	0.024805	-0.0194	0.0	-0.0	True
-0.0194	9.5	-0.02237003	-0.0194	-0.0	-0.0	True
-0.0194	9.58974	0.02900503	-0.0194	-0.0	0.0	True
-0.0194	9.69231	0.06084056	-0.0194	0.0	-0.0	True
-0.0194	9.79487	0.05734051	-0.0194	-0.0	-0.0	True
-0.0194	9.89744	0.07179746	-0.0194	0.0	-0.0	True
-0.0194	10.0	-0.04626208	-0.0194	-0.0	-0.0	True
-0.0194	10.5	0.00861324	-0.0194	-0.0	-0.0	True
-0.0194	11.0	0.06482763	-0.0194	0.0	-0.0	True
-0.0194	11.5	0.04964029	-0.0194	-0.0	-0.0	True
-0.0194	12.0	0.01223508	-0.0194	0.0	-0.0	True
-0.0194	12.5	0.04057061	-0.0194	-0.0	-0.0	True
-0.0194	13.0	-0.02328315	-0.0194	-0.0	-0.0	True
-0.0194	13.5	0.0539927	-0.0194	-0.0	0.0	True
-0.0194	14.0	0.04084452	-0.0194	0.0	-0.0	True
-0.0194	14.5	-0.01530909	-0.0194	-0.0	-0.0	True
-0.0194	15.0	0.10941585	-0.0194	0.0	-0.0	True
-0.0194	15.5	-0.05469265	-0.0194	-0.0	-0.0	True
-0.0194	16.0	0.03746609	-0.0194	0.0	-0.0	True
-0.0194	16.5	-0.03025301	-0.0194	-0.0	-0.0	True
-0.0194	17.0	0.0171352	-0.0194	0.0	-0.0	True
-0.0194	17.5	0.01040896	-0.0194	-0.0	-0.0	True
-0.0194	18.0	-0.03204865	-0.0194	-0.0	-0.0	True
-0.0194	18.5	-0.12280733	-0.0194	-0.0	-0.0	True
-0.0194	19.0	-0.06093198	-0.0194	-0.0	-0.0	True
-0.0194	19.5	-0.11105931	-0.0194	0.0	-0.0	True
-0.0194	20.0	-0.05819278	-0.0194	-0.0	-0.0	True
-0.0194	20.5	0.01393952	-0.0194	0.0	-0.0	True
-0.0194	21.0	-0.01762219	-0.0194	0.0	0.0	True
-0.0194	21.5	-0.01561345	-0.0194	0.0	-0.0	True
-0.0194	22.0	-0.01731778	-0.0194	0.0	-0.0	True
-0.0194	22.5	-0.00091302	-0.0194	-0.0	-0.0	True
-0.0194	23.0	0.0798628	-0.0194	0.0	-0.0	True
-0.0194	23.5	0.01138286	-0.0194	0.0	-0.0	True
-0.0194	24.0	0.01491349	-0.0194	0.0	-0.0	True
-0.0194	24.5	0.00468707	-0.0194	0.0	-0.0	True
-0.0194	25.0	0.0157656	-0.0194	0.0	0.0	True
-0.0194	25.5	-0.02337448	-0.0194	-0.0	-0.0	True
-0.0194	26.0	-0.02383098	-0.0194	0.0	-0.0	True
-0.0194	26.5	-0.0221267	-0.0194	0.0	-0.0	True
-0.0194	27.0	-0.09763739	-0.0194	0.0	-0.0	True
-0.0194	27.5	-0.00596532	-0.0194	0.0	-0.0	True
-0.0194	28.0	-0.01372633	-0.0194	0.0	-0.0	True
-0.0194	28.5	0.03314434	-0.0194	-0.0	-0.0	True
-0.0194	29.0	0.06507124	-0.0194	0.0	-0.0	True
-0.0194	29.5	0.03670529	-0.0194	0.0	-0.0	True
-0.0194	30.0	0.04909248	-0.0194	0.0	-0.0	True
-0.0194	30.5	0.00337836	-0.0194	0.0	-0.0	True
-0.0194	31.0	0.00569145	-0.0194	0.0	-0.0	True
-0.0194	31.5	0.02410495	-0.0194	0.0	-0.0	True
-0.0194	32.0	0.0126003	-0.0194	-0.0	-0.0	True
-0.0194	32.5	0.04781431	-0.0194	0.0	-0.0	True
-0.0194	33.0	-0.06361025	-0.0194	0.0	0.0	True
-0.0194	33.5	-0.00605667	-0.0194	0.0	-0.0	True
-0.0194	34.0	0.05189253	-0.0194	-0.0	-0.0	True
-0.0194	34.5	-0.03980969	-0.0194	0.0	-0.0	True
-0.0194	35.0	-0.05122302	-0.0194	0.0	-0.0	True
-0.0194	35.5	-0.00748721	-0.0194	-0.0	-0.0	True
-0.0194	36.0	-0.01433513	-0.0194	0.0	0.0	True
-0.0194	36.5	-0.00368277	-0.0194	0.0	-0.0	True
-0.0194	37.0	-0.02191358	-0.0194	-0.0	-0.0	True
-0.0194	37.5	0.067719	-0.0194	0.0	-0.0	True
-0.0194	38.0	-0.01235686	-0.0194	0.0	-0.0	True
-0.0194	38.5	-0.02136574	-0.0194	0.0	-0.0	True
-0.0194	39.0	0.00103481	-0.0194	0.0	0.0	True
-0.0194	39.5	-0.00529582	-0.0194	-0.0	-0.0	True
-0.0194	40.0	-0.0269051	-0.0194	-0.0	-0.0	True
-0.0194	40.5	0.00027392	-0.0194	-0.0	-0.0	True
-0.0194	41.0	0.10768105	-0.0194	-0.0	-0.0	True
-0.0194	41.5	0.00940464	-0.0194	0.0	-0.0	True
-0.0194	42.0	-0.05624486	-0.0194	0.0	-0.0	True
-0.0194	42.5	-0.04982286	-0.0194	-0.0	-0.0	True
-0.0194	43.0	-0.01613083	-0.0194	-0.0	-0.0	True
-0.0194	43.5	-0.0600797	-0.0194	0.0	-0.0	True
-0.0194	44.0	-0.09316315	-0.0194	-0.0	-0.0	True
-0.0194	44.5	-0.04044879	-0.0194	0.0	-0.0	True
-0.0194	45.0	0.02690499	-0.0194	0.0	0.0	True
-0.0194	45.5	0.03755747	-0.0194	0.0	0.0	True
-0.0194	46.0	-0.00228256	-0.0194	0.0	-0.0	True
-0.0194	46.5	-0.02297888	-0.0194	-0.0	-0.0	True
-0.0194	47.0	-0.07913246	-0.0194	0.0	-0.0	True
-0.0194	47.5	-0.07109752	-0.0194	-0.0	-0.0	True
-0.0194	48.0	0.01622214	-0.0194	0.0	0.0	True
-0.0194	48.5	-0.01229598	-0.0194	-0.0	-0.0	True
-0.0194	49.0	-0.0682669	-0.0194	-0.0	-0.0	True
-0.0194	49.5	-0.03746622	-0.0194	-0.0	-0.0	True
-0.0194	50.0	-0.00407836	-0.0194	0.0	-0.0	True
-0.0194	50.5	0.03229212	-0.0194	0.0	-0.0	True
-0.0194	51.0	0.0171961	-0.0194	0.0	-0.0	True
-0.0194	51.5	-0.05676225	-0.0194	0.0	-0.0	True
-0.0194	52.0	-0.02334406	-0.0194	0.0	-0.0	True
-0.0194	52.5	0.02200495	-0.0194	0.0	-0.0	True
-0.0194	53.0	0.00182612	-0.0194	0.0	-0.0	True
-0.0194	53.5	0.04842302	-0.0194	0.0	-0.0	True
-0.0194	54.0	-0.0612667	-0.0194	-0.0	-0.0	True
-0.0194	54.5	0.05804054	-0.0194	0.0	-0.0	True
-0.0194	55.0	0.00703059	-0.0194	0.0	-0.0	True
-0.0194	55.5	-0.01935699	-0.0194	0.0	-0.0	True
-0.0194	56.0	-0.00827841	-0.0194	0.0	-0.0	True
-0.0194	56.5	0.04352288	-0.0194	0.0	-0.0	True
-0.0194	57.0	0.03576179	-0.0194	-0.0	0.0	True
-0.0194	57.5	-0.00493059	-0.0194	-0.0	-0.0	True
-0.0194	58.0	-0.00404794	-0.0194	0.0	-0.0	True
-0.0194	58.5	0.03859221	-0.0194	0.0	-0.0	True
-0.0194	59.0	0.04574462	-0.0194	-0.0	-0.0	True
-0.0194	59.5	-0.01244802	-0.0194	-0.0	-0.0	True
-0.0194	60.0	-0.03734446	-0.0194	0.0	-0.0	True
-0.0194	60.5	-0.04364457	-0.0194	-0.0	-0.0	True
-0.0194	61.0	0.03597484	-0.0194	-0.0	-0.0	True
-0.0194	61.5	-0.04534898	-0.0194	0.0	-0.0	True
-0.0194	62.0	-0.01488298	-0.0194	0.0	-0.0	True
-0.0194	62.5	-0.0046567	-0.0194	-0.0	-0.0	True
-0.0194	63.0	-0.01521786	-0.0194	0.0	-0.0	True
-0.0194	63.5	-0.03627918	-0.0194	0.0	-0.0	True
-0.0194	64.0	0.01704391	-0.0194	0.0	-0.0	True
-0.0194	64.5	0.06641032	-0.0194	-0.0	-0.0	True
-0.0194	65.0	-0.00234347	-0.0194	-0.0	-0.0	True
-0.0192	-40.0	0.49810811	-0.0192	-0.0	-0.0	True
-0.0192	-39.5	0.0742932	-0.0192	0.0	-0.0001	True
-0.0192	-39.0	-0.03999234	-0.0192	0.0	-0.0	True
-0.0192	-38.5	-0.05097946	-0.0192	-0.0	-0.0	True
-0.0192	-38.0	0.02577885	-0.0192	-0.0	0.0001	True
-0.0192	-37.5	-0.00998306	-0.0192	0.0	-0.0001	True
-0.0192	-37.0	0.0383184	-0.0192	0.0	-0.0	True
-0.0192	-36.5	-0.02130496	-0.0192	-0.0	0.0	True
-0.0192	-36.0	0.02520074	-0.0192	-0.0	-0.0	True
-0.0192	-35.5	0.00770016	-0.0192	-0.0	0.0	True
-0.0192	-35.0	-0.01369601	-0.0192	-0.0	0.0	True
-0.0192	-34.5	0.00313487	-0.0192	0.0	-0.0001	True
-0.0192	-34.0	0.03341825	-0.0192	-0.0	-0.0	True
-0.0192	-33.5	0.02608334	-0.0192	-0.0	0.0	True
-0.0192	-33.0	-0.01013509	-0.0192	0.0	0.0	True
-0.0192	-32.5	-0.01177851	-0.0192	0.0	-0.0	True
-0.0192	-32.0	0.01987443	-0.0192	0.0	-0.0	True
-0.0192	-31.5	0.01847447	-0.0192	-0.0	-0.0001	True
-0.0192	-31.0	0.02720938	-0.0192	0.0	0.0001	True
-0.0192	-30.5	0.03719223	-0.0192	0.0	0.0	True
-0.0192	-30.0	0.02906587	-0.0192	-0.0	-0.0	True
-0.0192	-29.5	0.01238734	-0.0192	-0.0	0.0	True
-0.0192	-29.0	0.08938916	-0.0192	-0.0	-0.0	True
-0.0192	-28.5	-0.0601102	-0.0192	-0.0	0.0001	True
-0.0192	-28.0	0.03131821	-0.0192	0.0	0.0	True
-0.0192	-27.5	0.05819273	-0.0192	0.0	0.0	True
-0.0192	-27.0	-0.00572185	-0.0192	0.0	-0.0	True
-0.0192	-26.5	0.01050029	-0.0192	-0.0	-0.0001	True
-0.0192	-26.0	0.07535842	-0.0192	-0.0	-0.0	True
-0.0192	-25.5	0.04005316	-0.0192	-0.0	0.0	True
-0.0192	-25.0	0.03244432	-0.0192	-0.0	0.0001	True
-0.0192	-24.5	0.08333258	-0.0192	-0.0	0.0	True
-0.0192	-24.0	0.04288377	-0.0192	0.0	-0.0001	True
-0.0192	-23.5	0.02797035	-0.0192	-0.0	-0.0	True
-0.0192	-23.0	0.10862431	-0.0192	-0.0	0.0	True
-0.0192	-22.5	-0.0172265	-0.0192	0.0	0.0001	True
-0.0192	-22.0	0.06269725	-0.0192	-0.0	0.0	True
-0.0192	-21.5	-0.03378335	-0.0192	0.0	-0.0001	True
-0.0192	-21.0	-0.02337458	-0.0192	0.0	-0.0	True
-0.0192	-20.5	0.02641801	-0.0192	-0.0	0.0	True
-0.0192	-20.0	0.04029672	-0.0192	-0.0	0.0	True
-0.0192	-19.5	-0.03968788	-0.0192	-0.0	0.0	True
-0.0192	-19.0	0.0591666	-0.0192	0.0	-0.0	True
-0.0192	-18.5	-0.01972233	-0.0192	0.0	0.0	True
-0.0192	-18.0	0.01007424	-0.0192	0.0	0.0001	True
-0.0192	-17.5	0.01439597	-0.0192	0.0	-0.0	True
-0.0192	-17.0	0.00206972	-0.0192	-0.0	-0.0001	True
-0.0192	-16.5	0.04979251	-0.0192	0.0	0.0001	True
-0.0192	-16.0	0.02860942	-0.0192	-0.0	0.0	True
-0.0192	-15.5	0.03764872	-0.0192	-0.0	-0.0	True
-0.0192	-15.0	-0.0430359	-0.0192	0.0	-0.0001	True
-0.0192	-14.5	0.07280172	-0.0192	-0.0	-0.0	True
-0.0192	-14.0	-0.01311779	-0.0192	0.0	0.0	True
-0.0192	-13.5	0.05889285	-0.0192	0.0	0.0	True
-0.0192	-13.0	0.0705192	-0.0192	0.0	0.0001	True
-0.0192	-12.5	0.04954908	-0.0192	-0.0	0.0	True
-0.0192	-12.0	-0.03682701	-0.0192	0.0	-0.0	True
-0.0192	-11.5	0.10433301	-0.0192	-0.0	-0.0	True
-0.0192	-11.0	0.00353053	-0.0192	-0.0	-0.0	True
-0.0192	-10.5	0.10780262	-0.0192	0.0	0.0	True
-0.0192	-10.0	0.06321463	-0.0192	0.0	0.0001	True
-0.0192	-9.5	0.01256988	-0.0192	-0.0	-0.0001	True
-0.0192	-9.0	-0.06482773	-0.0192	-0.0	0.0001	True
-0.0192	-8.5	-0.05837533	-0.0192	0.0	-0.0001	True
-0.0192	-8.0	0.006848	-0.0192	0.0	0.0001	True
-0.0192	-7.5	-0.03143987	-0.0192	-0.0	-0.0	True
-0.0192	-7.0	0.82389109	-0.0192	-0.0	-0.0	True
-0.0192	-6.5	0.97345098	-0.0192	0.0	-0.0	True
-0.0192	-6.0	0.93333742	-0.0192	-0.0	-0.0	True
-0.0192	-5.5	1.19879412	-0.0192	0.0	0.0001	True
-0.0192	-5.0	1.31097958	-0.0192	-0.0	-0.0	True
-0.0192	-4.5	1.48035212	-0.0192	-0.0	0.0	True
-0.0192	-4.39744	1.45226144	-0.0192	0.0	-0.0001	True
-0.0192	-4.29487	1.46839134	-0.0192	-0.0	-0.0	True
-0.0192	-4.19231	1.46577451	-0.0192	-0.0	-0.0	True
-0.0192	-4.08974	1.50929984	-0.0192	-0.0	-0.0001	True
-0.0192	-4.0	1.50723039	-0.0192	0.0	-0.0	True
-0.0192	-3.98718	1.48644199	-0.0192	0.0	0.0	True
-0.0192	-3.88462	1.48848121	-0.0192	-0.0	-0.0	True
-0.0192	-3.78205	1.48193791	-0.0192	-0.0	0.0001	True
-0.0192	-3.67949	1.29646242	-0.0192	-0.0	-0.0	True
-0.0192	-3.57692	1.37939788	-0.0192	0.0	-0.0	True
-0.0192	-3.5	1.28936928	-0.0192	0.0	0.0001	True
-0.0192	-3.47436	1.29375327	-0.0192	-0.0	-0.0	True
-0.0192	-3.37179	1.38244281	-0.0192	0.0	0.0001	True
-0.0192	-3.26923	1.20110784	-0.0192	-0.0	0.0	True
-0.0192	-3.16667	1.13685866	-0.0192	0.0	-0.0	True
-0.0192	-3.0641	1.19596324	-0.0192	0.0	-0.0	True
-0.0192	-3.0	1.08508742	-0.0192	0.0	0.0	True
-0.0192	-2.96154	1.16348938	-0.0192	-0.0	0.0001	True
-0.0192	-2.85897	1.25780882	-0.0192	-0.0	0.0001	True
-0.0192	-2.75641	1.07279085	-0.0192	0.0	-0.0001	True
-0.0192	-2.65385	0.99140768	-0.0192	-0.0	0.0001	True
-0.0192	-2.55128	0.91577614	-0.0192	0.0	-0.0001	True
-0.0192	-2.5	1.02957353	-0.0192	0.0	-0.0	True
-0.0192	-2.44872	0.70312255	-0.0192	-0.0	-0.0	True
-0.0192	-2.34615	0.62082426	-0.0192	0.0	-0.0	True
-0.0192	-2.24359	0.62462745	-0.0192	0.0	-0.0001	True
-0.0192	-2.14103	0.56217451	-0.0192	0.0	0.0	True
-0.0192	-2.03846	0.54074763	-0.0192	0.0	0.0001	True
-0.0192	-2.0	0.45029404	-0.0192	0.0	-0.0001	True
-0.0192	-1.9359	0.42783154	-0.0192	0.0	0.0	True
-0.0192	-1.83333	0.32310351	-0.0192	0.0	-0.0	True
-0.0192	-1.73077	0.43395008	-0.0192	0.0	-0.0	True
-0.0192	-1.62821	0.19475703	-0.0192	0.0	0.0	True
-0.0192	-1.52564	0.11252027	-0.0192	0.0	-0.0001	True
-0.0192	-1.5	0.03804451	-0.0192	-0.0	-0.0	True
-0.0192	-1.42308	-0.00377397	-0.0192	0.0	0.0001	True
-0.0192	-1.32051	0.05088819	-0.0192	0.0	0.0	True
-0.0192	-1.21795	0.00127826	-0.0192	0.0	0.0	True
-0.0192	-1.11538	-0.09979811	-0.0192	0.0	-0.0	True
-0.0192	-1.01282	0.01129162	-0.0192	0.0	0.0001	True
-0.0192	-1.0	0.00051737	-0.0192	-0.0	-0.0	True
-0.0192	-0.91026	0.03323568	-0.0192	0.0	0.0	True
-0.0192	-0.80769	0.01205244	-0.0192	0.0	0.0	True
-0.0192	-0.70513	-0.0214875	-0.0192	-0.0	-0.0	True
-0.0192	-0.60256	-0.10469824	-0.0192	0.0	-0.0	True
-0.0192	-0.5	0.02778761	-0.0192	0.0	0.0	True
-0.0192	0.0	0.01957001	-0.0192	-0.0	0.0	True
-0.0192	0.5	0.16069959	-0.0192	0.0	-0.0	True
-0.0192	1.0	0.36613979	-0.0192	0.0	0.0	True
-0.0192	1.5	0.55983088	-0.0192	0.0	-0.0	True
-0.0192	2.0	0.90698039	-0.0192	-0.0	0.0	True
-0.0192	2.5	1.09190441	-0.0192	-0.0	-0.0001	True
-0.0192	3.0	1.23467729	-0.0192	0.0	0.0001	True
-0.0192	3.5	1.23254657	-0.0192	0.0	-0.0	True
-0.0192	4.0	1.24937827	-0.0192	-0.0	-0.0001	True
-0.0192	4.5	1.11254085	-0.0192	-0.0	0.0	True
-0.0192	5.0	1.02634722	-0.0192	-0.0	0.0001	True
-0.0192	5.5	1.01621242	-0.0192	-0.0	-0.0	True
-0.0192	6.0	0.9069183	-0.0192	-0.0	-0.0	True
-0.0192	6.10256	0.9113317	-0.0192	-0.0	-0.0	True
-0.0192	6.20513	0.92505882	-0.0192	0.0	0.0	True
-0.0192	6.30769	0.92396242	-0.0192	-0.0	0.0001	True
-0.0192	6.41026	0.92119199	-0.0192	-0.0	0.0	True
-0.0192	6.5	0.90451389	-0.0192	0.0	-0.0	True
-0.0192	6.51282	0.94076389	-0.0192	0.0	-0.0001	True
-0.0192	6.61538	0.93397712	-0.0192	0.0	-0.0001	True
-0.0192	6.71795	0.90055882	-0.0192	0.0	-0.0	True
-0.0192	6.82051	0.86927042	-0.0192	-0.0	0.0001	True
-0.0192	6.92308	0.96739461	-0.0192	-0.0	0.0	True
-0.0192	7.0	0.94876797	-0.0192	0.0	-0.0001	True
-0.0192	7.02564	0.81290441	-0.0192	-0.0	0.0	True
-0.0192	7.12821	0.56019551	-0.0192	0.0	-0.0	True
-0.0192	7.23077	0.03262691	-0.0192	0.0	0.0001	True
-0.0192	7.33333	0.03886624	-0.0192	0.0	-0.0	True
-0.0192	7.4359	0.0552406	-0.0192	0.0	-0.0	True
-0.0192	7.5	0.01753086	-0.0192	0.0	-0.0	True
-0.0192	7.53846	-0.00876546	-0.0192	0.0	0.0	True
-0.0192	7.64103	0.00520447	-0.0192	0.0	0.0001	True
-0.0192	7.74359	-0.05667105	-0.0192	0.0	0.0	True
-0.0192	7.84615	0.04458811	-0.0192	0.0	0.0	True
-0.0192	7.94872	0.02513977	-0.0192	0.0	-0.0	True
-0.0192	8.0	0.07143219	-0.0192	0.0	0.0	True
-0.0192	8.05128	-0.05834496	-0.0192	0.0	0.0001	True
-0.0192	8.15385	-0.00258705	-0.0192	0.0	-0.0	True
-0.0192	8.25641	0.05405348	-0.0192	0.0	0.0	True
-0.0192	8.35897	0.00888717	-0.0192	0.0	-0.0	True
-0.0192	8.46154	0.0260833	-0.0192	0.0	-0.0001	True
-0.0192	8.5	-0.00596541	-0.0192	-0.0	0.0	True
-0.0192	8.5641	0.01284379	-0.0192	0.0	0.0	True
-0.0192	8.66667	0.0477534	-0.0192	0.0	-0.0	True
-0.0192	8.76923	0.01950917	-0.0192	-0.0	-0.0	True
-0.0192	8.87179	0.03965749	-0.0192	-0.0	0.0001	True
-0.0192	8.97436	0.00639148	-0.0192	0.0	-0.0	True
-0.0192	9.0	-0.04373589	-0.0192	0.0	0.0	True
-0.0192	9.07692	0.05937973	-0.0192	-0.0	0.0001	True
-0.0192	9.17949	-0.00118694	-0.0192	0.0	-0.0	True
-0.0192	9.28205	-0.01074371	-0.0192	-0.0	-0.0	True
-0.0192	9.38462	0.01065242	-0.0192	0.0	0.0	True
-0.0192	9.48718	-0.00958717	-0.0192	0.0	-0.0	True
-0.0192	9.5	0.02532238	-0.0192	-0.0	-0.0	True
-0.0192	9.58974	0.01820046	-0.0192	0.0	0.0	True
-0.0192	9.69231	-0.01080468	-0.0192	-0.0	-0.0	True
-0.0192	9.79487	0.03399646	-0.0192	-0.0	-0.0	True
-0.0192	9.89744	0.03439212	-0.0192	0.0	0.0001	True
-0.0192	10.0	0.09340669	-0.0192	0.0	-0.0	True
-0.0192	10.5	0.01549168	-0.0192	0.0	0.0001	True
-0.0192	11.0	-0.00109569	-0.0192	0.0	-0.0	True
-0.0192	11.5	0.06175377	-0.0192	0.0	0.0001	True
-0.0192	12.0	0.01941785	-0.0192	-0.0	-0.0	True
-0.0192	12.5	0.03859226	-0.0192	0.0	0.0	True
-0.0192	13.0	0.07207145	-0.0192	0.0	0.0001	True
-0.0192	13.5	-0.05107087	-0.0192	0.0	-0.0001	True
-0.0192	14.0	0.05801011	-0.0192	0.0	0.0	True
-0.0192	14.5	-0.008948	-0.0192	-0.0	-0.0	True
-0.0192	15.0	0.07855399	-0.0192	0.0	0.0001	True
-0.0192	15.5	0.03277913	-0.0192	-0.0	-0.0	True
-0.0192	16.0	-0.00849156	-0.0192	-0.0	-0.0001	True
-0.0192	16.5	-0.00264783	-0.0192	0.0	0.0	True
-0.0192	17.0	0.01415251	-0.0192	0.0	0.0	True
-0.0192	17.5	0.09361983	-0.0192	0.0	-0.0001	True
-0.0192	18.0	0.02121357	-0.0192	0.0	-0.0	True
-0.0192	18.5	0.02870073	-0.0192	0.0	0.0	True
-0.0192	19.0	0.00669587	-0.0192	-0.0	-0.0	True
-0.0192	19.5	0.01616132	-0.0192	0.0	-0.0	True
-0.0192	20.0	-0.02848759	-0.0192	0.0	0.0	True
-0.0192	20.5	0.04574462	-0.0192	0.0	0.0	True
-0.0192	21.0	0.00280005	-0.0192	0.0	0.0	True
-0.0192	21.5	0.01351337	-0.0192	-0.0	0.0	True
-0.0192	22.0	0.01141334	-0.0192	0.0	-0.0	True
-0.0192	22.5	0.03101381	-0.0192	-0.0	-0.0	True
