Initial Temperature (K)	0.0250421
Resistor	201600.0	Excitation Current (A)	6.12e-08
Axis 1,2	x,z
Angle	0
Field (T)	Current (A)	Resistance (Ohms)	Actual X-Field	Actual Y-Field	Actual Z-Field	Compliance Pass
-0.02	-2.976e-05	0.30756993	-0.02	0.0	-0.0001	True
-0.02	-2.951e-05	0.6556549	-0.02	-0.0	0.0	True
-0.02	-2.927e-05	0.69694902	-0.02	0.0	-0.0	True
-0.02	-2.902e-05	0.63189085	-0.02	0.0	-0.0001	True
-0.02	-2.877e-05	0.65994052	-0.02	0.0	-0.0	True
-0.02	-2.852e-05	0.68253529	-0.02	0.0	0.0001	True
-0.02	-2.827e-05	0.7392183	-0.02	0.0	0.0	True
-0.02	-2.803e-05	0.67396471	-0.02	0.0	0.0001	True
-0.02	-2.778e-05	0.67357516	-0.02	0.0	0.0	True
-0.02	-2.753e-05	0.70104052	-0.02	0.0	0.0	True
-0.02	-2.728e-05	0.65448627	-0.02	0.0	-0.0	True
-0.02	-2.703e-05	0.64299281	-0.02	0.0	-0.0	True
-0.02	-2.679e-05	0.68195033	-0.02	0.0	0.0001	True
-0.02	-2.654e-05	0.67649739	-0.02	0.0	-0.0	True
-0.02	-2.629e-05	0.69461242	-0.02	0.0	0.0	True
-0.02	-2.604e-05	0.64747386	-0.02	0.0	0.0001	True
-0.02	-2.579e-05	0.70941634	-0.02	-0.0	-0.0	True
-0.02	-2.555e-05	0.74155556	-0.02	-0.0	0.0	True
-0.02	-2.53e-05	0.73707582	-0.02	0.0	0.0	True
-0.02	-2.505e-05	0.73863399	-0.02	0.0	-0.0001	True
-0.02	-2.48e-05	0.71779216	-0.02	0.0	0.0	True
-0.02	-2.455e-05	0.68000327	-0.02	0.0	-0.0	True
-0.02	-2.431e-05	0.72480458	-0.02	0.0	-0.0	True
-0.02	-2.406e-05	0.7205183	-0.02	-0.0	-0.0	True
-0.02	-2.381e-05	0.73415425	-0.02	0.0	0.0	True
-0.02	-2.356e-05	0.73201176	-0.02	-0.0	0.0	True
-0.02	-2.331e-05	0.70220915	-0.02	-0.0	-0.0001	True
-0.02	-2.307e-05	0.75791765	-0.02	0.0	0.0001	True
-0.02	-2.282e-05	0.73707516	-0.02	-0.0	0.0	True
-0.02	-2.257e-05	0.77992876	-0.02	-0.0	-0.0001	True
-0.02	-2.232e-05	0.72013007	-0.02	-0.0	-0.0001	True
-0.02	-2.207e-05	0.77486471	-0.02	0.0	0.0	True
-0.02	-2.183e-05	0.86368693	-0.02	-0.0	0.0	True
-0.02	-2.158e-05	0.91394183	-0.02	-0.0	-0.0	True
-0.02	-2.133e-05	0.8611549	-0.02	0.0	0.0001	True
-0.02	-2.108e-05	0.89855425	-0.02	0.0	-0.0	True
-0.02	-2.083e-05	0.90283856	-0.02	0.0	-0.0	True
-0.02	-2.059e-05	1.00724706	-0.02	0.0	-0.0	True
-0.02	-2.034e-05	1.1272366	-0.02	-0.0	0.0001	True
-0.02	-2.009e-05	1.36585098	-0.02	-0.0	-0.0	True
-0.02	-1.984e-05	1.52401634	-0.02	-0.0	0.0001	True
-0.02	-1.959e-05	1.83820784	-0.02	-0.0	0.0001	True
-0.02	-1.935e-05	2.25505752	-0.02	0.0	-0.0	True
-0.02	-1.91e-05	2.3886817	-0.02	-0.0	0.0	True
-0.02	-1.885e-05	2.78137059	-0.02	0.0	-0.0	True
-0.02	-1.86e-05	3.00634902	-0.02	-0.0	-0.0001	True
-0.02	-1.835e-05	3.23833725	-0.02	0.0	0.0001	True
-0.02	-1.811e-05	3.60940523	-0.02	0.0	-0.0	True
-0.02	-1.786e-05	3.82114379	-0.02	0.0	-0.0	True
-0.02	-1.761e-05	3.59518301	-0.02	0.0	0.0	True
-0.02	-1.736e-05	2.93583595	-0.02	0.0	-0.0001	True
-0.02	-1.711e-05	2.12805556	-0.02	0.0	-0.0	True
-0.02	-1.687e-05	1.3450085	-0.02	-0.0	-0.0	True
-0.02	-1.662e-05	0.82550915	-0.02	0.0	0.0	True
-0.02	-1.637e-05	0.43087026	-0.02	0.0	-0.0	True
-0.02	-1.612e-05	0.13615654	-0.02	-0.0	-0.0	True
-0.02	-1.587e-05	0.07596703	-0.02	0.0	-0.0	True
-0.02	-1.562e-05	0.06389031	-0.02	-0.0	-0.0	True
-0.02	-1.538e-05	-0.00214262	-0.02	-0.0	-0.0	True
-0.02	-1.513e-05	0.02356925	-0.02	0.0	-0.0	True
-0.02	-1.488e-05	-0.01577778	-0.02	0.0	-0.0	True
-0.02	-1.463e-05	-0.03778886	-0.02	-0.0	-0.0	True
-0.02	-1.438e-05	-0.04791762	-0.02	0.0	0.0	True
-0.02	-1.414e-05	0.00311661	-0.02	-0.0	0.0	True
-0.02	-1.389e-05	0.01986837	-0.02	-0.0	-0.0001	True
-0.02	-1.364e-05	0.01850474	-0.02	-0.0	0.0	True
-0.02	-1.339e-05	0.03233475	-0.02	0.0	0.0	True
-0.02	-1.314e-05	0.03252951	-0.02	-0.0	0.0	True
-0.02	-1.29e-05	0.00233743	-0.02	0.0	-0.0	True
-0.02	-1.265e-05	0.01402471	-0.02	0.0	-0.0	True
-0.02	-1.24e-05	-0.07733065	-0.02	-0.0	-0.0	True
-0.02	-1.215e-05	-0.00759673	-0.02	0.0	0.0	True
-0.02	-1.19e-05	0.03837316	-0.02	-0.0	-0.0001	True
-0.02	-1.166e-05	-0.05493007	-0.02	0.0	-0.0	True
-0.02	-1.141e-05	0.01207688	-0.02	0.0	0.0	True
-0.02	-1.116e-05	-0.02064751	-0.02	0.0	0.0	True
-0.02	-1.091e-05	-0.02376403	-0.02	0.0	-0.0	True
-0.02	-1.066e-05	0.01480385	-0.02	0.0	0.0001	True
-0.02	-1.042e-05	0.01344037	-0.02	-0.0	0.0	True
-0.02	-1.017e-05	-0.01421955	-0.02	-0.0	0.0	True
-0.02	-9.92e-06	0.01830998	-0.02	-0.0	-0.0001	True
-0.02	7.44e-06	-0.09116055	-0.02	-0.0	0.0	True
-0.02	7.69e-06	-0.01889432	-0.02	-0.0	0.0001	True
-0.02	7.94e-06	0.00467492	-0.02	-0.0	0.0	True
-0.02	8.18e-06	-0.02843899	-0.02	0.0	-0.0001	True
-0.02	8.43e-06	-0.03330867	-0.02	0.0	0.0	True
-0.02	8.68e-06	-0.03272435	-0.02	0.0	-0.0	True
-0.02	8.93e-06	0.03214	-0.02	-0.0	0.0	True
-0.02	9.18e-06	-0.00818103	-0.02	0.0	-0.0	True
-0.02	9.42e-06	0.00175313	-0.02	0.0	-0.0	True
-0.02	9.67e-06	-0.01889434	-0.02	0.0	0.0	True
-0.02	9.92e-06	-0.02571193	-0.02	0.0	-0.0001	True
-0.02	1.017e-05	-0.01967354	-0.02	-0.0	0.0	True
-0.02	1.042e-05	-0.01499866	-0.02	0.0	-0.0	True
-0.02	1.066e-05	-0.0025322	-0.02	0.0	-0.0	True
-0.02	1.091e-05	-0.01869962	-0.02	-0.0	-0.0001	True
-0.02	1.116e-05	-0.02103707	-0.02	0.0	0.0	True
-0.02	1.141e-05	0.01772563	-0.02	0.0	0.0	True
-0.02	1.166e-05	0.04558025	-0.02	0.0	-0.0	True
-0.02	1.19e-05	0.0576572	-0.02	-0.0	-0.0	True
-0.02	1.215e-05	0.06973392	-0.02	0.0	0.0	True
-0.02	1.24e-05	0.1094706	-0.02	0.0	0.0	True
-0.02	1.265e-05	0.26023621	-0.02	0.0	-0.0	True
-0.02	1.29e-05	0.51560196	-0.02	-0.0	0.0001	True
-0.02	1.314e-05	0.8510268	-0.02	-0.0	-0.0	True
-0.02	1.339e-05	1.16502418	-0.02	0.0	-0.0001	True
-0.02	1.364e-05	1.49499346	-0.02	0.0	-0.0001	True
-0.02	1.389e-05	1.52557451	-0.02	0.0	0.0	True
-0.02	1.414e-05	1.63679739	-0.02	0.0	-0.0	True
-0.02	1.438e-05	1.7077	-0.02	0.0	0.0	True
-0.02	1.463e-05	1.8534	-0.02	-0.0	0.0	True
-0.02	1.488e-05	1.71120719	-0.02	0.0	0.0	True
-0.02	1.513e-05	1.9108634	-0.02	0.0	0.0001	True
-0.02	1.538e-05	1.94514641	-0.02	-0.0	-0.0	True
-0.02	1.562e-05	1.87521699	-0.02	-0.0	-0.0	True
-0.02	1.587e-05	1.90579804	-0.02	0.0	0.0	True
-0.02	1.612e-05	1.7671098	-0.02	0.0	-0.0	True
-0.02	1.637e-05	1.72834706	-0.02	0.0	0.0	True
-0.02	1.662e-05	1.61439804	-0.02	-0.0	-0.0	True
-0.02	1.687e-05	1.56044183	-0.02	-0.0	-0.0	True
-0.02	1.711e-05	1.30234967	-0.02	0.0	0.0	True
-0.02	1.736e-05	1.22755163	-0.02	-0.0	0.0	True
-0.02	1.761e-05	1.1340549	-0.02	0.0	-0.0	True
-0.02	1.786e-05	1.05185359	-0.02	0.0	0.0	True
-0.02	1.811e-05	1.02964771	-0.02	-0.0	-0.0001	True
-0.02	1.835e-05	0.93088758	-0.02	0.0	0.0001	True
-0.02	1.86e-05	0.86193464	-0.02	0.0	0.0	True
-0.02	1.885e-05	0.92309673	-0.02	0.0	0.0	True
-0.02	1.91e-05	0.85803725	-0.02	0.0	-0.0	True
-0.02	1.935e-05	0.88102222	-0.02	0.0	0.0001	True
-0.02	1.959e-05	0.82024902	-0.02	-0.0	-0.0	True
-0.02	1.984e-05	0.77914967	-0.02	0.0	-0.0	True
-0.02	2.009e-05	0.78713595	-0.02	-0.0	-0.0	True
-0.02	2.034e-05	0.79278431	-0.02	-0.0	-0.0	True
-0.02	2.059e-05	0.80895229	-0.02	-0.0	0.0	True
-0.02	2.083e-05	0.77505817	-0.02	0.0	-0.0	True
-0.02	2.108e-05	0.75947582	-0.02	-0.0	0.0	True
-0.02	2.133e-05	0.74954248	-0.02	-0.0	0.0001	True
-0.02	2.158e-05	0.78869346	-0.02	-0.0	-0.0001	True
-0.02	2.183e-05	0.73318039	-0.02	0.0	0.0	True
-0.02	2.207e-05	0.7103902	-0.02	0.0	-0.0001	True
-0.02	2.232e-05	0.75636013	-0.02	0.0	0.0	True
-0.02	2.257e-05	0.6753281	-0.02	-0.0	-0.0	True
-0.02	2.282e-05	0.7232451	-0.02	0.0	0.0	True
-0.02	2.307e-05	0.73142614	-0.02	0.0	-0.0	True
-0.02	2.331e-05	0.70552026	-0.02	0.0	0.0001	True
-0.02	2.356e-05	0.70610523	-0.02	0.0	-0.0	True
-0.02	2.381e-05	0.73298497	-0.02	-0.0	0.0	True
-0.02	2.406e-05	0.72675229	-0.02	0.0	0.0	True
-0.02	2.431e-05	0.67727582	-0.02	0.0	0.0	True
-0.02	2.455e-05	0.62059281	-0.02	0.0	0.0001	True
-0.02	2.48e-05	0.68837974	-0.02	-0.0	0.0	True
-0.02	2.505e-05	0.71116928	-0.02	-0.0	0.0001	True
-0.02	2.53e-05	0.64825359	-0.02	0.0	-0.0	True
-0.02	2.555e-05	0.67727582	-0.02	-0.0	0.0001	True
-0.02	2.579e-05	0.71058497	-0.02	-0.0	-0.0	True
-0.02	2.604e-05	0.68506732	-0.02	-0.0	-0.0	True
-0.02	2.629e-05	0.62702092	-0.02	-0.0	-0.0	True
-0.02	2.654e-05	0.63228039	-0.02	-0.0	0.0	True
-0.02	2.679e-05	0.70513007	-0.02	0.0	-0.0001	True
-0.02	2.703e-05	0.60910131	-0.02	-0.0	-0.0	True
-0.02	2.728e-05	0.63228039	-0.02	0.0	0.0	True
-0.0198	-2.48e-05	0.95971765	-0.0198	0.0	0.0	True
-0.0198	-2.455e-05	0.65643333	-0.0198	-0.0	-0.0	True
-0.0198	-2.431e-05	0.70279281	-0.0198	-0.0	0.0	True
-0.0198	-2.406e-05	0.66442026	-0.0198	-0.0	-0.0001	True
-0.0198	-2.381e-05	0.73337451	-0.0198	-0.0	-0.0	True
-0.0198	-2.356e-05	0.72032418	-0.0198	-0.0	0.0001	True
-0.0198	-2.331e-05	0.70785817	-0.0198	0.0	-0.0	True
-0.0198	-2.307e-05	0.72421961	-0.0198	0.0	0.0	True
-0.0198	-2.282e-05	0.7592817	-0.0198	-0.0	0.0	True
-0.0198	-2.257e-05	0.72012941	-0.0198	-0.0	-0.0	True
-0.0198	-2.232e-05	0.73532288	-0.0198	0.0	0.0001	True
-0.0198	-2.207e-05	0.71701307	-0.0198	-0.0	0.0	True
-0.0198	-2.183e-05	0.75519085	-0.0198	0.0	-0.0	True
-0.0198	-2.158e-05	0.74116601	-0.0198	-0.0	-0.0	True
-0.0198	-2.133e-05	0.73590719	-0.0198	0.0	-0.0	True
-0.0198	-2.108e-05	0.74545229	-0.0198	0.0	-0.0	True
-0.0198	-2.083e-05	0.82706667	-0.0198	0.0	-0.0001	True
-0.0198	-2.059e-05	0.83992288	-0.0198	-0.0	0.0	True
-0.0198	-2.034e-05	0.82219739	-0.0198	0.0	-0.0001	True
-0.0198	-2.009e-05	0.83018301	-0.0198	0.0	0.0	True
-0.0198	-1.984e-05	0.87887974	-0.0198	0.0	0.0	True
-0.0198	-1.959e-05	0.88628235	-0.0198	0.0	-0.0	True
-0.0198	-1.935e-05	0.87810065	-0.0198	-0.0	-0.0	True
-0.0198	-1.91e-05	0.86135033	-0.0198	0.0	-0.0	True
-0.0198	-1.885e-05	0.93731699	-0.0198	0.0	-0.0	True
-0.0198	-1.86e-05	1.00140261	-0.0198	0.0	0.0	True
-0.0198	-1.835e-05	1.10405621	-0.0198	0.0	0.0	True
-0.0198	-1.811e-05	1.16444118	-0.0198	0.0	-0.0	True
-0.0198	-1.786e-05	1.19560588	-0.0198	-0.0	-0.0001	True
-0.0198	-1.761e-05	1.39779412	-0.0198	0.0	-0.0001	True
-0.0198	-1.736e-05	1.44298497	-0.0198	0.0	0.0	True
-0.0198	-1.711e-05	1.65939281	-0.0198	-0.0	-0.0	True
-0.0198	-1.687e-05	1.77081046	-0.0198	-0.0	-0.0001	True
-0.0198	-1.662e-05	1.82067647	-0.0198	-0.0	-0.0001	True
-0.0198	-1.637e-05	1.93287386	-0.0198	0.0	-0.0	True
-0.0198	-1.612e-05	1.97358627	-0.0198	0.0	0.0	True
-0.0198	-1.587e-05	1.9472902	-0.0198	-0.0	0.0	True
-0.0198	-1.562e-05	1.93404118	-0.0198	0.0	-0.0001	True
-0.0198	-1.538e-05	1.9455366	-0.0198	0.0	0.0001	True
-0.0198	-1.513e-05	1.8534	-0.0198	0.0	-0.0	True
-0.0198	-1.488e-05	1.83177908	-0.0198	0.0	-0.0	True
-0.0198	-1.463e-05	1.63426601	-0.0198	0.0	-0.0	True
-0.0198	-1.438e-05	1.5528451	-0.0198	0.0	-0.0	True
-0.0198	-1.414e-05	1.35143529	-0.0198	0.0	0.0	True
-0.0198	-1.389e-05	1.20924183	-0.0198	-0.0	0.0	True
-0.0198	-1.364e-05	0.97004118	-0.0198	0.0	0.0	True
-0.0198	-1.339e-05	0.7483732	-0.0198	-0.0	-0.0001	True
-0.0198	-1.314e-05	0.59118105	-0.0198	0.0	0.0	True
-0.0198	-1.29e-05	0.35724065	-0.0198	-0.0	0.0001	True
-0.0198	-1.265e-05	0.26705399	-0.0198	0.0	-0.0	True
-0.0198	-1.24e-05	0.14063654	-0.0198	0.0	-0.0	True
-0.0198	-1.215e-05	0.05979974	-0.0198	-0.0	0.0	True
-0.0198	-1.19e-05	-0.02532237	-0.0198	0.0	0.0	True
-0.0198	-1.166e-05	-0.00525925	-0.0198	-0.0	-0.0	True
-0.0198	-1.141e-05	-0.01558299	-0.0198	-0.0	0.0	True
-0.0198	-1.116e-05	0.0348669	-0.0198	0.0	-0.0	True
-0.0198	-1.091e-05	0.0642798	-0.0198	-0.0	0.0	True
-0.0198	-1.066e-05	-0.00681756	-0.0198	0.0	0.0001	True
-0.0198	-1.042e-05	-0.04538554	-0.0198	-0.0	0.0	True
-0.0198	-1.017e-05	0.00175313	-0.0198	-0.0	-0.0001	True
-0.0198	-9.92e-06	-0.03408776	-0.0198	0.0	0.0	True
-0.0198	-9.67e-06	-0.00506459	-0.0198	0.0	-0.0	True
-0.0198	-9.42e-06	-0.028439	-0.0198	-0.0	0.0	True
-0.0198	-9.18e-06	-0.01928397	-0.0198	0.0	0.0	True
-0.0198	-8.93e-06	-0.02103706	-0.0198	0.0	0.0	True
-0.0198	-8.68e-06	-0.01577779	-0.0198	0.0	-0.0001	True
-0.0198	-8.43e-06	-0.03954182	-0.0198	0.0	-0.0	True
-0.0198	-8.18e-06	0.00642803	-0.0198	-0.0	0.0	True
-0.0198	-7.94e-06	-0.00779152	-0.0198	0.0	0.0	True
-0.0198	-7.69e-06	-0.00584366	-0.0198	-0.0	-0.0	True
-0.0198	-7.44e-06	-0.03681485	-0.0198	0.0	0.0001	True
-0.0198	-7.19e-06	-0.05220301	-0.0198	0.0	0.0001	True
-0.0198	-6.94e-06	-0.03214001	-0.0198	0.0	-0.0	True
-0.0198	-6.7e-06	-0.01227163	-0.0198	-0.0	-0.0	True
-0.0198	-6.45e-06	0.02532239	-0.0198	0.0	0.0001	True
-0.0198	-6.2e-06	-0.01850484	-0.0198	0.0	-0.0001	True
-0.0198	-5.95e-06	-0.04908641	-0.0198	0.0	0.0001	True
-0.0198	-5.7e-06	-0.03895746	-0.0198	-0.0	0.0001	True
-0.0198	-5.46e-06	-0.01402464	-0.0198	-0.0	-0.0	True
-0.0198	-5.21e-06	-0.01558302	-0.0198	0.0	-0.0001	True
-0.0198	-4.96e-06	0.0348669	-0.0198	0.0	-0.0001	True
-0.0198	4.96e-06	-0.02688067	-0.0198	-0.0	0.0001	True
-0.0198	5.21e-06	-0.01694646	-0.0198	-0.0	0.0	True
-0.0198	5.46e-06	0.0185048	-0.0198	0.0	0.0001	True
-0.0198	5.7e-06	0.03175033	-0.0198	0.0	-0.0	True
-0.0198	5.95e-06	-0.00097393	-0.0198	-0.0	-0.0	True
-0.0198	6.2e-06	-0.05415096	-0.0198	0.0	0.0	True
-0.0198	6.45e-06	-0.08473258	-0.0198	-0.0	-0.0	True
-0.0198	6.7e-06	-0.00311662	-0.0198	0.0	-0.0	True
-0.0198	6.94e-06	0.00857069	-0.0198	-0.0	0.0001	True
-0.0198	7.19e-06	0.03252949	-0.0198	0.0	0.0001	True
-0.0198	7.44e-06	-0.03136078	-0.0198	-0.0	-0.0	True
-0.0198	7.69e-06	0.00253226	-0.0198	0.0	-0.0	True
-0.0198	7.94e-06	-0.06953923	-0.0198	0.0	-0.0	True
-0.0198	8.18e-06	-0.0327243	-0.0198	0.0	-0.0	True
-0.0198	8.43e-06	-0.04382718	-0.0198	0.0	-0.0001	True
-0.0198	8.68e-06	0.02006313	-0.0198	-0.0	0.0001	True
-0.0198	8.93e-06	-0.00350616	-0.0198	-0.0	-0.0	True
-0.0198	9.18e-06	0.04285319	-0.0198	0.0	0.0001	True
-0.0198	9.42e-06	-0.01305072	-0.0198	0.0	-0.0	True
-0.0198	9.67e-06	-0.01129761	-0.0198	-0.0	0.0	True
-0.0198	9.92e-06	-0.01558296	-0.0198	0.0	-0.0	True
-0.0198	1.017e-05	0.02707542	-0.0198	0.0	0.0001	True
-0.0198	1.042e-05	0.00292176	-0.0198	0.0	0.0001	True
-0.0198	1.066e-05	-0.0046749	-0.0198	0.0	-0.0	True
-0.0198	1.091e-05	-0.00097398	-0.0198	-0.0	-0.0	True
-0.0198	1.116e-05	-0.05960507	-0.0198	-0.0	0.0	True
-0.0198	1.141e-05	-0.01324552	-0.0198	-0.0	-0.0001	True
-0.0198	1.166e-05	-0.04187932	-0.0198	0.0	0.0001	True
-0.0198	1.19e-05	0.02902336	-0.0198	-0.0	0.0	True
-0.0198	1.215e-05	0.01733601	-0.0198	0.0	-0.0	True
-0.0198	1.24e-05	0.04791776	-0.0198	0.0	-0.0	True
-0.0198	1.265e-05	0.06505895	-0.0198	0.0	0.0	True
-0.0198	1.29e-05	0.10635392	-0.0198	0.0	-0.0	True
-0.0198	1.314e-05	0.33425523	-0.0198	-0.0	0.0	True
-0.0198	1.339e-05	0.46417843	-0.0198	0.0	0.0001	True
-0.0198	1.364e-05	0.75324314	-0.0198	0.0	-0.0	True
-0.0198	1.389e-05	1.26767647	-0.0198	0.0	-0.0	True
-0.0198	1.414e-05	1.4899281	-0.0198	-0.0	0.0	True
-0.0198	1.438e-05	1.64770588	-0.0198	0.0	-0.0	True
-0.0198	1.463e-05	1.71140065	-0.0198	0.0	-0.0	True
-0.0198	1.488e-05	1.83119542	-0.0198	0.0	0.0	True
-0.0198	1.513e-05	1.85437386	-0.0198	-0.0	-0.0	True
-0.0198	1.538e-05	1.90657843	-0.0198	0.0	-0.0	True
-0.0198	1.562e-05	1.97436471	-0.0198	0.0	0.0	True
-0.0198	1.587e-05	2.0891	-0.0198	-0.0	-0.0001	True
-0.0198	1.612e-05	2.0731268	-0.0198	0.0	0.0	True
-0.0198	1.637e-05	2.05267451	-0.0198	0.0	-0.0	True
-0.0198	1.662e-05	1.91261765	-0.0198	0.0	-0.0	True
-0.0198	1.687e-05	1.75698039	-0.0198	0.0	-0.0	True
-0.0198	1.711e-05	1.68023464	-0.0198	0.0	-0.0001	True
-0.0198	1.736e-05	1.47044967	-0.0198	0.0	0.0	True
-0.0198	1.761e-05	1.40831373	-0.0198	-0.0	-0.0	True
-0.0198	1.786e-05	1.31734837	-0.0198	0.0	-0.0	True
-0.0198	1.811e-05	1.12937974	-0.0198	0.0	0.0	True
-0.0198	1.835e-05	1.00374052	-0.0198	0.0	-0.0	True
-0.0198	1.86e-05	0.98835163	-0.0198	-0.0	-0.0001	True
-0.0198	1.885e-05	0.92679804	-0.0198	0.0	0.0001	True
-0.0198	1.91e-05	0.91959085	-0.0198	-0.0	0.0	True
-0.0198	1.935e-05	0.92679869	-0.0198	-0.0	-0.0	True
-0.0198	1.959e-05	0.86777712	-0.0198	0.0	0.0001	True
-0.0198	1.984e-05	0.84342941	-0.0198	0.0	-0.0	True
-0.0198	2.009e-05	0.80427647	-0.0198	0.0	-0.0	True
-0.0198	2.034e-05	0.78596732	-0.0198	0.0	-0.0	True
-0.0198	2.059e-05	0.7707732	-0.0198	0.0	0.0001	True
-0.0198	2.083e-05	0.79531699	-0.0198	0.0	-0.0	True
-0.0198	2.108e-05	0.78733007	-0.0198	0.0	-0.0	True
-0.0198	2.133e-05	0.74038693	-0.0198	0.0	-0.0	True
-0.0198	2.158e-05	0.78908366	-0.0198	0.0	0.0001	True
-0.0198	2.183e-05	0.7483732	-0.0198	-0.0	-0.0	True
-0.0198	2.207e-05	0.75343725	-0.0198	0.0	-0.0	True
-0.0198	2.232e-05	0.77428039	-0.0198	0.0	0.0001	True
-0.0198	2.257e-05	0.75635948	-0.0198	-0.0	-0.0	True
-0.0198	2.282e-05	0.6753281	-0.0198	0.0	-0.0	True
-0.0198	2.307e-05	0.72129739	-0.0198	0.0	0.0001	True
-0.0198	2.331e-05	0.71935033	-0.0198	0.0	-0.0	True
-0.0198	2.356e-05	0.72772614	-0.0198	-0.0	0.0	True
-0.0198	2.381e-05	0.71194771	-0.0198	0.0	-0.0	True
-0.0198	2.406e-05	0.67630196	-0.0198	-0.0	0.0001	True
-0.0198	2.431e-05	0.68896275	-0.0198	0.0	0.0	True
-0.0198	2.455e-05	0.68311961	-0.0198	0.0	-0.0	True
-0.0198	2.48e-05	0.75519085	-0.0198	-0.0	-0.0	True
-0.0196	-2.232e-05	0.49904632	-0.0196	-0.0	-0.0001	True
-0.0196	-2.207e-05	0.68935163	-0.0196	0.0	0.0001	True
-0.0196	-2.183e-05	0.68428889	-0.0196	-0.0	-0.0001	True
-0.0196	-2.158e-05	0.73629608	-0.0196	0.0	-0.0	True
-0.0196	-2.133e-05	0.6967549	-0.0196	0.0	0.0	True
-0.0196	-2.108e-05	0.69188562	-0.0196	-0.0	0.0	True
-0.0196	-2.083e-05	0.69383333	-0.0196	0.0	-0.0	True
-0.0196	-2.059e-05	0.7283098	-0.0196	-0.0	0.0	True
-0.0196	-2.034e-05	0.6679268	-0.0196	-0.0	0.0001	True
-0.0196	-2.009e-05	0.69149542	-0.0196	-0.0	-0.0001	True
-0.0196	-1.984e-05	0.69636536	-0.0196	0.0	0.0	True
-0.0196	-1.959e-05	0.71175294	-0.0196	0.0	-0.0	True
-0.0196	-1.935e-05	0.69480719	-0.0196	-0.0	-0.0	True
-0.0196	-1.91e-05	0.69636536	-0.0196	-0.0	-0.0001	True
-0.0196	-1.885e-05	0.72168693	-0.0196	-0.0	0.0001	True
-0.0196	-1.86e-05	0.74954183	-0.0196	0.0	0.0	True
-0.0196	-1.835e-05	0.78324052	-0.0196	0.0	-0.0001	True
-0.0196	-1.811e-05	0.78343529	-0.0196	-0.0	0.0001	True
-0.0196	-1.786e-05	0.75148954	-0.0196	0.0	-0.0	True
-0.0196	-1.761e-05	0.81557451	-0.0196	-0.0	0.0	True
-0.0196	-1.736e-05	0.80310784	-0.0196	0.0	-0.0	True
-0.0196	-1.711e-05	0.76454052	-0.0196	-0.0	0.0001	True
-0.0196	-1.687e-05	0.79921242	-0.0196	0.0	-0.0001	True
-0.0196	-1.662e-05	0.78791438	-0.0196	0.0	-0.0	True
-0.0196	-1.637e-05	0.80486144	-0.0196	0.0	-0.0	True
-0.0196	-1.612e-05	0.86933595	-0.0196	0.0	-0.0	True
-0.0196	-1.587e-05	0.91627843	-0.0196	-0.0	0.0	True
-0.0196	-1.562e-05	0.97374248	-0.0196	0.0	0.0	True
-0.0196	-1.538e-05	0.98406601	-0.0196	0.0	-0.0	True
-0.0196	-1.513e-05	0.98387059	-0.0196	0.0	-0.0	True
-0.0196	-1.488e-05	1.02263595	-0.0196	-0.0	-0.0	True
-0.0196	-1.463e-05	1.17125817	-0.0196	0.0	-0.0001	True
-0.0196	-1.438e-05	1.23768105	-0.0196	0.0	0.0	True
-0.0196	-1.414e-05	1.29455817	-0.0196	0.0	-0.0	True
-0.0196	-1.389e-05	1.33838497	-0.0196	-0.0	0.0	True
-0.0196	-1.364e-05	1.35630458	-0.0196	-0.0	-0.0001	True
-0.0196	-1.339e-05	1.43655752	-0.0196	-0.0	0.0001	True
-0.0196	-1.314e-05	1.4346098	-0.0196	-0.0	-0.0	True
-0.0196	-1.29e-05	1.49869477	-0.0196	0.0	0.0	True
-0.0196	-1.265e-05	1.46811307	-0.0196	0.0	-0.0	True
-0.0196	-1.24e-05	1.47824118	-0.0196	0.0	-0.0001	True
-0.0196	-1.215e-05	1.41201438	-0.0196	0.0	0.0	True
-0.0196	-1.19e-05	1.35864314	-0.0196	0.0	0.0	True
-0.0196	-1.166e-05	1.3724732	-0.0196	0.0	-0.0	True
-0.0196	-1.141e-05	1.27916993	-0.0196	0.0	-0.0	True
-0.0196	-1.116e-05	1.12373007	-0.0196	0.0	0.0	True
-0.0196	-1.091e-05	1.06919085	-0.0196	-0.0	0.0001	True
-0.0196	-1.066e-05	0.97413268	-0.0196	-0.0	0.0	True
-0.0196	-1.042e-05	0.83232614	-0.0196	0.0	-0.0001	True
-0.0196	-1.017e-05	0.73259477	-0.0196	0.0	-0.0001	True
-0.0196	-9.92e-06	0.54287386	-0.0196	0.0	-0.0	True
-0.0196	-9.67e-06	0.48677386	-0.0196	0.0	0.0001	True
-0.0196	-9.42e-06	0.2931551	-0.0196	0.0	0.0001	True
-0.0196	-9.18e-06	0.2429002	-0.0196	-0.0	0.0	True
-0.0196	-8.93e-06	0.22790131	-0.0196	0.0	0.0	True
-0.0196	-8.68e-06	0.09700418	-0.0196	-0.0	0.0	True
-0.0196	-8.43e-06	0.01753088	-0.0196	0.0	-0.0001	True
-0.0196	-8.18e-06	0.01538812	-0.0196	-0.0	-0.0	True
-0.0196	-7.94e-06	0.03798354	-0.0196	0.0	-0.0	True
-0.0196	-7.69e-06	0.03350344	-0.0196	-0.0	-0.0	True
-0.0196	-7.44e-06	-0.02999727	-0.0196	0.0	0.0001	True
-0.0196	-7.19e-06	-0.05278733	-0.0196	-0.0	0.0	True
-0.0196	-6.94e-06	0.00857068	-0.0196	0.0	-0.0001	True
-0.0196	-6.7e-06	-0.03252944	-0.0196	-0.0	-0.0001	True
-0.0196	-6.45e-06	-0.0488917	-0.0196	0.0	0.0001	True
-0.0196	-6.2e-06	0.03019209	-0.0196	0.0	-0.0	True
-0.0196	-5.95e-06	0.00818104	-0.0196	-0.0	0.0001	True
-0.0196	-5.7e-06	0.028439	-0.0196	0.0	0.0001	True
-0.0196	-5.46e-06	0.00175309	-0.0196	0.0	-0.0	True
-0.0196	-5.21e-06	-0.01792045	-0.0196	-0.0	-0.0	True
-0.0196	-4.96e-06	-0.0794732	-0.0196	0.0	-0.0	True
-0.0196	-4.71e-06	-0.00525929	-0.0196	-0.0	-0.0001	True
-0.0196	-4.46e-06	0.00681759	-0.0196	-0.0	0.0	True
-0.0196	-4.22e-06	0.02804939	-0.0196	0.0	0.0001	True
-0.0196	-3.97e-06	-0.0021427	-0.0196	-0.0	-0.0	True
-0.0196	-3.72e-06	-0.02006308	-0.0196	-0.0	-0.0	True
-0.0196	-3.47e-06	0.02960769	-0.0196	-0.0	0.0	True
-0.0196	-3.22e-06	-0.02064749	-0.0196	0.0	0.0001	True
-0.0196	-2.98e-06	-0.0389575	-0.0196	-0.0	0.0	True
-0.0196	-2.73e-06	0.00857072	-0.0196	-0.0	0.0	True
-0.0196	-2.48e-06	0.01597258	-0.0196	-0.0	-0.0	True
-0.0196	2.48e-06	-0.00331138	-0.0196	-0.0	0.0001	True
-0.0196	2.73e-06	-0.04655424	-0.0196	-0.0	0.0	True
-0.0196	2.98e-06	-0.04207407	-0.0196	0.0	-0.0	True
-0.0196	3.22e-06	-0.02804942	-0.0196	0.0	0.0	True
-0.0196	3.47e-06	0.0033114	-0.0196	0.0	0.0001	True
-0.0196	3.72e-06	0.00584364	-0.0196	0.0	0.0001	True
-0.0196	3.97e-06	-0.00175312	-0.0196	-0.0	-0.0	True
-0.0196	4.22e-06	0.01850477	-0.0196	0.0	0.0001	True
-0.0196	4.46e-06	-0.01636218	-0.0196	-0.0	-0.0	True
-0.0196	4.71e-06	-0.02532238	-0.0196	0.0	0.0	True
-0.0196	4.96e-06	0.02941289	-0.0196	-0.0	0.0001	True
-0.0196	5.21e-06	-0.00934977	-0.0196	-0.0	-0.0	True
-0.0196	5.46e-06	0.04752815	-0.0196	0.0	0.0	True
-0.0196	5.7e-06	-0.01519337	-0.0196	0.0	-0.0	True
-0.0196	5.95e-06	0.01519339	-0.0196	0.0	0.0001	True
-0.0196	6.2e-06	0.02181619	-0.0196	0.0	0.0001	True
-0.0196	6.45e-06	-0.00973938	-0.0196	-0.0	0.0	True
-0.0196	6.7e-06	0.00019484	-0.0196	-0.0	0.0001	True
-0.0196	6.94e-06	-0.01324561	-0.0196	-0.0	-0.0	True
-0.0196	7.19e-06	0.01558299	-0.0196	-0.0	-0.0001	True
-0.0196	7.44e-06	-0.00973935	-0.0196	-0.0	0.0001	True
-0.0196	7.69e-06	-0.02084224	-0.0196	-0.0	0.0	True
-0.0196	7.94e-06	-0.03447743	-0.0196	0.0	0.0	True
-0.0196	8.18e-06	0.01188203	-0.0196	-0.0	-0.0	True
-0.0196	8.43e-06	0.02123182	-0.0196	0.0	0.0	True
-0.0196	8.68e-06	0.02181623	-0.0196	-0.0	-0.0	True
-0.0196	8.93e-06	0.04596986	-0.0196	0.0	0.0001	True
-0.0196	9.18e-06	-0.00623319	-0.0196	-0.0	-0.0	True
-0.0196	9.42e-06	0.00428531	-0.0196	-0.0	0.0	True
-0.0196	9.67e-06	0.03233469	-0.0196	-0.0	0.0	True
-0.0196	9.92e-06	0.06311107	-0.0196	0.0	0.0	True
-0.0196	1.017e-05	0.10888619	-0.0196	0.0	0.0	True
-0.0196	1.042e-05	0.21485065	-0.0196	-0.0	0.0	True
-0.0196	1.066e-05	0.28984425	-0.0196	-0.0	-0.0001	True
-0.0196	1.091e-05	0.46748954	-0.0196	-0.0	-0.0	True
-0.0196	1.116e-05	0.68078235	-0.0196	0.0	-0.0	True
-0.0196	1.141e-05	0.8027183	-0.0196	0.0	0.0	True
-0.0196	1.166e-05	0.96633987	-0.0196	0.0	-0.0001	True
-0.0196	1.19e-05	1.1065902	-0.0196	-0.0	0.0001	True
-0.0196	1.215e-05	1.20690392	-0.0196	-0.0	-0.0	True
-0.0196	1.24e-05	1.44590784	-0.0196	-0.0	0.0	True
-0.0196	1.265e-05	1.29046797	-0.0196	0.0	0.0	True
-0.0196	1.29e-05	1.50395294	-0.0196	0.0	-0.0	True
-0.0196	1.314e-05	1.52382157	-0.0196	-0.0	-0.0	True
-0.0196	1.339e-05	1.60933333	-0.0196	0.0	0.0	True
-0.0196	1.364e-05	1.63757778	-0.0196	-0.0	-0.0	True
-0.0196	1.389e-05	1.61965686	-0.0196	0.0	-0.0	True
-0.0196	1.414e-05	1.67556013	-0.0196	0.0	0.0	True
-0.0196	1.438e-05	1.58011503	-0.0196	0.0	-0.0	True
-0.0196	1.463e-05	1.56277843	-0.0196	-0.0	-0.0	True
-0.0196	1.488e-05	1.52576993	-0.0196	0.0	0.0	True
-0.0196	1.513e-05	1.33741111	-0.0196	-0.0	0.0	True
-0.0196	1.538e-05	1.30683007	-0.0196	-0.0	0.0001	True
-0.0196	1.562e-05	1.27059935	-0.0196	-0.0	-0.0	True
-0.0196	1.587e-05	1.10425163	-0.0196	0.0	0.0	True
-0.0196	1.612e-05	1.02906275	-0.0196	0.0	-0.0	True
-0.0196	1.637e-05	0.99439085	-0.0196	-0.0	0.0001	True
-0.0196	1.662e-05	0.94257647	-0.0196	0.0	0.0001	True
-0.0196	1.687e-05	0.86582941	-0.0196	0.0	0.0	True
-0.0196	1.711e-05	0.89095621	-0.0196	0.0	0.0	True
-0.0196	1.736e-05	0.86212876	-0.0196	-0.0	0.0001	True
-0.0196	1.761e-05	0.81752157	-0.0196	0.0	-0.0	True
-0.0196	1.786e-05	0.8210281	-0.0196	0.0	0.0	True
-0.0196	1.811e-05	0.76726732	-0.0196	0.0	0.0	True
-0.0196	1.835e-05	0.82083333	-0.0196	-0.0	0.0	True
-0.0196	1.86e-05	0.76239739	-0.0196	0.0	-0.0	True
-0.0196	1.885e-05	0.76551438	-0.0196	-0.0	0.0	True
-0.0196	1.91e-05	0.73863333	-0.0196	0.0	0.0	True
-0.0196	1.935e-05	0.76668366	-0.0196	0.0	-0.0	True
-0.0196	1.959e-05	0.75635948	-0.0196	0.0	0.0	True
-0.0196	1.984e-05	0.7263634	-0.0196	0.0	-0.0	True
-0.0196	2.009e-05	0.73610131	-0.0196	-0.0	-0.0	True
-0.0196	2.034e-05	0.7633719	-0.0196	0.0	-0.0	True
-0.0196	2.059e-05	0.74506209	-0.0196	-0.0	0.0	True
-0.0196	2.083e-05	0.64104575	-0.0196	-0.0	0.0	True
-0.0196	2.108e-05	0.70902614	-0.0196	-0.0	0.0	True
-0.0196	2.133e-05	0.69324902	-0.0196	-0.0	-0.0001	True
-0.0196	2.158e-05	0.66831634	-0.0196	0.0	0.0	True
-0.0196	2.183e-05	0.66695229	-0.0196	0.0	0.0001	True
-0.0196	2.207e-05	0.66734183	-0.0196	0.0	-0.0001	True
-0.0196	2.232e-05	0.72149216	-0.0196	0.0	0.0	True
-0.0194	-2.232e-05	0.54969059	-0.0194	-0.0	-0.0001	True
-0.0194	-2.207e-05	0.65351242	-0.0194	0.0	-0.0	True
-0.0194	-2.183e-05	0.64124052	-0.0194	-0.0	0.0001	True
-0.0194	-2.158e-05	0.67162745	-0.0194	0.0	0.0	True
-0.0194	-2.133e-05	0.64903268	-0.0194	-0.0	-0.0001	True
-0.0194	-2.108e-05	0.62176209	-0.0194	-0.0	0.0001	True
-0.0194	-2.083e-05	0.66695229	-0.0194	-0.0	-0.0001	True
-0.0194	-2.059e-05	0.6342281	-0.0194	-0.0	0.0001	True
-0.0194	-2.034e-05	0.65916078	-0.0194	0.0	-0.0001	True
-0.0194	-2.009e-05	0.66948431	-0.0194	0.0	-0.0001	True
-0.0194	-1.984e-05	0.68662549	-0.0194	-0.0	0.0	True
-0.0194	-1.959e-05	0.68993725	-0.0194	0.0	0.0001	True
-0.0194	-1.935e-05	0.68662549	-0.0194	-0.0	-0.0	True
-0.0194	-1.91e-05	0.6998719	-0.0194	0.0	0.0001	True
-0.0194	-1.885e-05	0.68565163	-0.0194	-0.0	-0.0	True
-0.0194	-1.86e-05	0.67571765	-0.0194	0.0	0.0	True
-0.0194	-1.835e-05	0.66792614	-0.0194	0.0	0.0001	True
-0.0194	-1.811e-05	0.74428235	-0.0194	0.0	-0.0001	True
-0.0194	-1.786e-05	0.69071634	-0.0194	-0.0	0.0001	True
-0.0194	-1.761e-05	0.68993725	-0.0194	-0.0	0.0	True
-0.0194	-1.736e-05	0.72227124	-0.0194	-0.0	-0.0	True
-0.0194	-1.711e-05	0.77953922	-0.0194	0.0	0.0	True
-0.0194	-1.687e-05	0.81557451	-0.0194	0.0	-0.0	True
-0.0194	-1.662e-05	0.75538627	-0.0194	0.0	0.0	True
-0.0194	-1.637e-05	0.80778301	-0.0194	0.0	-0.0001	True
-0.0194	-1.612e-05	0.80622549	-0.0194	0.0	0.0	True
-0.0194	-1.587e-05	0.90576144	-0.0194	0.0	-0.0	True
-0.0194	-1.562e-05	0.9556268	-0.0194	-0.0	-0.0	True
-0.0194	-1.538e-05	1.01055817	-0.0194	0.0	0.0001	True
-0.0194	-1.513e-05	1.09977124	-0.0194	0.0	-0.0001	True
-0.0194	-1.488e-05	1.25560131	-0.0194	0.0	0.0001	True
-0.0194	-1.463e-05	1.35163072	-0.0194	-0.0	-0.0001	True
-0.0194	-1.438e-05	1.42000131	-0.0194	0.0	0.0	True
-0.0194	-1.414e-05	1.53628824	-0.0194	0.0	-0.0	True
-0.0194	-1.389e-05	1.68841634	-0.0194	0.0	-0.0	True
-0.0194	-1.364e-05	1.71724379	-0.0194	-0.0	0.0	True
-0.0194	-1.339e-05	1.73243856	-0.0194	-0.0	0.0	True
-0.0194	-1.314e-05	1.77548497	-0.0194	-0.0	0.0	True
-0.0194	-1.29e-05	1.78016144	-0.0194	0.0	-0.0	True
-0.0194	-1.265e-05	1.72445229	-0.0194	-0.0	0.0001	True
-0.0194	-1.24e-05	1.65238105	-0.0194	0.0	0.0001	True
-0.0194	-1.215e-05	1.67224902	-0.0194	0.0	0.0	True
-0.0194	-1.19e-05	1.59784052	-0.0194	0.0	-0.0	True
-0.0194	-1.166e-05	1.46304837	-0.0194	0.0	0.0001	True
-0.0194	-1.141e-05	1.3829915	-0.0194	0.0	-0.0001	True
-0.0194	-1.116e-05	1.16132353	-0.0194	0.0	-0.0	True
-0.0194	-1.091e-05	0.97237908	-0.0194	0.0	-0.0001	True
-0.0194	-1.066e-05	0.75830719	-0.0194	0.0	-0.0001	True
-0.0194	-1.042e-05	0.49086425	-0.0194	0.0	0.0	True
-0.0194	-1.017e-05	0.34672203	-0.0194	-0.0	-0.0	True
-0.0194	-9.92e-06	0.22069412	-0.0194	0.0	0.0001	True
-0.0194	-9.67e-06	0.04363245	-0.0194	0.0	-0.0	True
-0.0194	-9.42e-06	0.0370096	-0.0194	-0.0	0.0001	True
-0.0194	-9.18e-06	0.04635946	-0.0194	0.0	-0.0	True
-0.0194	-8.93e-06	-0.05083951	-0.0194	0.0	-0.0001	True
-0.0194	-8.68e-06	-0.0446064	-0.0194	0.0	0.0	True
-0.0194	-8.43e-06	-0.02532241	-0.0194	0.0	-0.0001	True
-0.0194	-8.18e-06	-0.03389297	-0.0194	-0.0	-0.0	True
-0.0194	-7.94e-06	0.00740192	-0.0194	0.0	0.0001	True
-0.0194	-7.69e-06	-0.04187937	-0.0194	0.0	-0.0	True
-0.0194	-7.44e-06	-0.01811525	-0.0194	0.0	-0.0	True
-0.0194	-7.19e-06	0.02064745	-0.0194	0.0	-0.0	True
-0.0194	-6.94e-06	0.02727023	-0.0194	0.0	0.0	True
-0.0194	-6.7e-06	0.00662276	-0.0194	-0.0	-0.0	True
-0.0194	-6.45e-06	0.00331139	-0.0194	-0.0	-0.0	True
-0.0194	-6.2e-06	-0.03175036	-0.0194	0.0	-0.0	True
-0.0194	-5.95e-06	-0.03973662	-0.0194	-0.0	0.0	True
-0.0194	-5.7e-06	-0.01071331	-0.0194	0.0	-0.0	True
-0.0194	-5.46e-06	0.03739927	-0.0194	-0.0	0.0001	True
-0.0194	-5.21e-06	-0.04012621	-0.0194	0.0	-0.0	True
-0.0194	-4.96e-06	-0.04285331	-0.0194	-0.0	-0.0	True
-0.0194	-4.71e-06	-0.01032373	-0.0194	0.0	-0.0	True
-0.0194	-4.46e-06	-0.003701	-0.0194	-0.0	0.0	True
-0.0194	-4.22e-06	-0.02765985	-0.0194	-0.0	-0.0	True
-0.0194	-3.97e-06	-0.02980244	-0.0194	-0.0	-0.0001	True
-0.0194	-3.72e-06	0.00428535	-0.0194	-0.0	0.0	True
-0.0194	-3.47e-06	-0.02707544	-0.0194	0.0	-0.0	True
-0.0194	-3.22e-06	0.0081811	-0.0194	0.0	-0.0	True
-0.0194	-2.98e-06	0.03311387	-0.0194	-0.0	-0.0	True
-0.0194	-2.73e-06	0.02571192	-0.0194	0.0	-0.0001	True
-0.0194	-2.48e-06	0.04090542	-0.0194	0.0	0.0001	True
-0.0194	0.0	-0.01636217	-0.0194	0.0	-0.0	True
-0.0194	2.5e-07	-0.03058163	-0.0194	-0.0	0.0001	True
-0.0194	5e-07	-0.03311388	-0.0194	0.0	-0.0	True
-0.0194	7.4e-07	-0.0074019	-0.0194	-0.0	0.0001	True
-0.0194	9.9e-07	-0.01246641	-0.0194	0.0	0.0	True
-0.0194	1.24e-06	0.02532232	-0.0194	0.0	0.0	True
-0.0194	1.49e-06	-0.01558296	-0.0194	-0.0	-0.0	True
-0.0194	1.74e-06	0.01928398	-0.0194	-0.0	-0.0001	True
-0.0194	1.98e-06	0.0048697	-0.0194	0.0	0.0001	True
-0.0194	2.23e-06	-0.03662003	-0.0194	0.0	-0.0	True
-0.0194	2.48e-06	0.00642797	-0.0194	0.0	0.0	True
-0.0194	2.73e-06	0.00876543	-0.0194	-0.0	-0.0	True
-0.0194	2.98e-06	-0.00896021	-0.0194	-0.0	-0.0001	True
-0.0194	3.22e-06	0.01772564	-0.0194	0.0	0.0	True
-0.0194	3.47e-06	-0.00779152	-0.0194	0.0	0.0	True
-0.0194	3.72e-06	-0.03389299	-0.0194	0.0	-0.0	True
-0.0194	3.97e-06	0.0222058	-0.0194	-0.0	0.0	True
-0.0194	4.22e-06	-0.04616464	-0.0194	0.0	-0.0	True
-0.0194	4.46e-06	-0.01714127	-0.0194	-0.0	-0.0	True
-0.0194	4.71e-06	-0.01538826	-0.0194	0.0	-0.0	True
-0.0194	4.96e-06	-0.01889436	-0.0194	-0.0	-0.0	True
-0.0194	5.21e-06	0.01597261	-0.0194	0.0	-0.0	True
-0.0194	5.46e-06	-0.0105185	-0.0194	0.0	0.0	True
-0.0194	5.7e-06	-0.04032103	-0.0194	-0.0	-0.0	True
-0.0194	5.95e-06	0.00175308	-0.0194	0.0	-0.0001	True
-0.0194	6.2e-06	0.02064747	-0.0194	0.0	-0.0	True
-0.0194	6.45e-06	0.029413	-0.0194	0.0	-0.0001	True
-0.0194	6.7e-06	0.02902331	-0.0194	-0.0	0.0	True
-0.0194	6.94e-06	0.05454046	-0.0194	0.0	0.0	True
-0.0194	7.19e-06	0.18952837	-0.0194	0.0	-0.0001	True
-0.0194	7.44e-06	0.31575033	-0.0194	-0.0	-0.0	True
-0.0194	7.69e-06	0.37087542	-0.0194	0.0	0.0001	True
-0.0194	7.94e-06	0.39658693	-0.0194	-0.0	-0.0	True
-0.0194	8.18e-06	0.58007843	-0.0194	-0.0	0.0	True
-0.0194	8.43e-06	0.71175294	-0.0194	0.0	0.0001	True
-0.0194	8.68e-06	0.82063922	-0.0194	-0.0	0.0	True
-0.0194	8.93e-06	0.83310523	-0.0194	0.0	-0.0001	True
-0.0194	9.18e-06	0.9332268	-0.0194	0.0	0.0	True
-0.0194	9.42e-06	0.96692484	-0.0194	0.0	0.0001	True
-0.0194	9.67e-06	1.14398889	-0.0194	0.0	-0.0	True
-0.0194	9.92e-06	1.16775229	-0.0194	0.0	0.0	True
-0.0194	1.017e-05	1.20709869	-0.0194	0.0	0.0	True
-0.0194	1.042e-05	1.22482418	-0.0194	-0.0	-0.0	True
-0.0194	1.066e-05	1.2318366	-0.0194	0.0	-0.0001	True
-0.0194	1.091e-05	1.26943072	-0.0194	0.0	-0.0	True
-0.0194	1.116e-05	1.28968889	-0.0194	0.0	-0.0001	True
-0.0194	1.141e-05	1.18099804	-0.0194	-0.0	-0.0	True
-0.0194	1.166e-05	1.18645098	-0.0194	0.0	0.0	True
-0.0194	1.19e-05	1.22307124	-0.0194	0.0	-0.0	True
-0.0194	1.215e-05	1.20593007	-0.0194	-0.0	0.0	True
-0.0194	1.24e-05	1.08438366	-0.0194	-0.0	-0.0	True
-0.0194	1.265e-05	1.09353856	-0.0194	-0.0	0.0	True
-0.0194	1.29e-05	1.09607059	-0.0194	-0.0	-0.0	True
-0.0194	1.314e-05	1.01756993	-0.0194	0.0	0.0001	True
-0.0194	1.339e-05	0.93439346	-0.0194	0.0	-0.0001	True
-0.0194	1.364e-05	0.89738562	-0.0194	0.0	-0.0	True
-0.0194	1.389e-05	0.85803791	-0.0194	-0.0	0.0001	True
-0.0194	1.414e-05	0.83505359	-0.0194	0.0	-0.0	True
-0.0194	1.438e-05	0.82336601	-0.0194	0.0	-0.0	True
-0.0194	1.463e-05	0.82687255	-0.0194	0.0	-0.0	True
-0.0194	1.488e-05	0.74136078	-0.0194	0.0	0.0001	True
-0.0194	1.513e-05	0.7962902	-0.0194	0.0	-0.0001	True
-0.0194	1.538e-05	0.82823595	-0.0194	0.0	-0.0	True
-0.0194	1.562e-05	0.72402484	-0.0194	0.0	0.0	True
-0.0194	1.587e-05	0.71662353	-0.0194	0.0	-0.0	True
-0.0194	1.612e-05	0.70999935	-0.0194	0.0	-0.0001	True
-0.0194	1.637e-05	0.75869739	-0.0194	0.0	-0.0	True
-0.0194	1.662e-05	0.67610719	-0.0194	-0.0	-0.0	True
-0.0194	1.687e-05	0.67941895	-0.0194	0.0	0.0	True
-0.0194	1.711e-05	0.70727386	-0.0194	-0.0	0.0	True
-0.0194	1.736e-05	0.70980588	-0.0194	0.0	0.0	True
-0.0194	1.761e-05	0.66188824	-0.0194	0.0	-0.0001	True
-0.0194	1.786e-05	0.66734248	-0.0194	-0.0	0.0	True
-0.0194	1.811e-05	0.69110654	-0.0194	-0.0	-0.0	True
-0.0194	1.835e-05	0.70396209	-0.0194	-0.0	-0.0001	True
-0.0194	1.86e-05	0.66792614	-0.0194	-0.0	-0.0	True
-0.0194	1.885e-05	0.62098301	-0.0194	0.0	0.0001	True
-0.0194	1.91e-05	0.68974314	-0.0194	0.0	-0.0	True
-0.0194	1.935e-05	0.67084771	-0.0194	0.0	0.0	True
-0.0194	1.959e-05	0.64026667	-0.0194	0.0	0.0001	True
-0.0194	1.984e-05	0.65448562	-0.0194	0.0	-0.0	True
-0.0192	-2.728e-05	0.63442353	-0.0192	0.0	-0.0	True
-0.0192	-2.703e-05	0.64864248	-0.0192	0.0	-0.0001	True
-0.0192	-2.679e-05	0.6237098	-0.0192	0.0	0.0	True
-0.0192	-2.654e-05	0.64883725	-0.0192	-0.0	0.0001	True
-0.0192	-2.629e-05	0.6155281	-0.0192	-0.0	-0.0	True
-0.0192	-2.604e-05	0.65487582	-0.0192	0.0	0.0001	True
-0.0192	-2.579e-05	0.67279673	-0.0192	-0.0	-0.0	True
-0.0192	-2.555e-05	0.68662549	-0.0192	0.0	0.0001	True
-0.0192	-2.53e-05	0.67006928	-0.0192	0.0	-0.0001	True
-0.0192	-2.505e-05	0.69441765	-0.0192	0.0	0.0001	True
-0.0192	-2.48e-05	0.70902614	-0.0192	0.0	0.0	True
-0.0192	-2.455e-05	0.71	-0.0192	-0.0	-0.0	True
-0.0192	-2.431e-05	0.66695359	-0.0192	-0.0	-0.0	True
-0.0192	-2.406e-05	0.70727386	-0.0192	0.0	0.0	True
-0.0192	-2.381e-05	0.68058758	-0.0192	0.0	-0.0	True
-0.0192	-2.356e-05	0.63676078	-0.0192	-0.0	0.0	True
-0.0192	-2.331e-05	0.73123203	-0.0192	-0.0	-0.0	True
-0.0192	-2.307e-05	0.71253268	-0.0192	-0.0	0.0	True
-0.0192	-2.282e-05	0.73610196	-0.0192	-0.0	-0.0	True
-0.0192	-2.257e-05	0.71233791	-0.0192	-0.0	0.0001	True
-0.0192	-2.232e-05	0.69383268	-0.0192	-0.0	-0.0	True
-0.0192	-2.207e-05	0.76045033	-0.0192	0.0	0.0001	True
-0.0192	-2.183e-05	0.73415359	-0.0192	-0.0	-0.0001	True
-0.0192	-2.158e-05	0.74642549	-0.0192	-0.0	0.0	True
-0.0192	-2.133e-05	0.75850261	-0.0192	-0.0	0.0	True
-0.0192	-2.108e-05	0.76551438	-0.0192	-0.0	0.0001	True
-0.0192	-2.083e-05	0.72421961	-0.0192	0.0	0.0	True
-0.0192	-2.059e-05	0.74720458	-0.0192	0.0	-0.0	True
-0.0192	-2.034e-05	0.76843595	-0.0192	-0.0	0.0	True
-0.0192	-2.009e-05	0.77915033	-0.0192	0.0	0.0001	True
-0.0192	-1.984e-05	0.82959869	-0.0192	0.0	-0.0	True
-0.0192	-1.959e-05	0.89602157	-0.0192	-0.0	0.0	True
-0.0192	-1.935e-05	0.87868627	-0.0192	-0.0	-0.0	True
-0.0192	-1.91e-05	0.97705359	-0.0192	-0.0	-0.0001	True
-0.0192	-1.885e-05	1.0226366	-0.0192	-0.0	0.0	True
-0.0192	-1.86e-05	1.21002092	-0.0192	-0.0	0.0	True
-0.0192	-1.835e-05	1.36078497	-0.0192	0.0	-0.0001	True
-0.0192	-1.811e-05	1.62355294	-0.0192	0.0	-0.0001	True
-0.0192	-1.786e-05	1.82944183	-0.0192	0.0	0.0001	True
-0.0192	-1.761e-05	2.12143399	-0.0192	0.0	-0.0001	True
-0.0192	-1.736e-05	2.40796536	-0.0192	0.0	-0.0	True
-0.0192	-1.711e-05	2.63917647	-0.0192	0.0	0.0	True
-0.0192	-1.687e-05	2.73442614	-0.0192	0.0	-0.0	True
-0.0192	-1.662e-05	2.86999869	-0.0192	-0.0	0.0001	True
-0.0192	-1.637e-05	2.94168039	-0.0192	0.0	0.0	True
-0.0192	-1.612e-05	3.07705621	-0.0192	0.0	0.0	True
-0.0192	-1.587e-05	2.93739477	-0.0192	-0.0	0.0	True
-0.0192	-1.562e-05	2.45412941	-0.0192	0.0	-0.0	True
-0.0192	-1.538e-05	1.92956471	-0.0192	0.0	-0.0	True
-0.0192	-1.513e-05	1.33877451	-0.0192	0.0	0.0001	True
-0.0192	-1.488e-05	0.91063072	-0.0192	-0.0	-0.0001	True
-0.0192	-1.463e-05	0.48346209	-0.0192	0.0	0.0001	True
-0.0192	-1.438e-05	0.20121569	-0.0192	-0.0	-0.0001	True
-0.0192	-1.414e-05	0.09057621	-0.0192	0.0	-0.0001	True
-0.0192	-1.389e-05	0.00389575	-0.0192	0.0	-0.0	True
-0.0192	-1.364e-05	-0.00389573	-0.0192	0.0	0.0	True
-0.0192	-1.339e-05	-0.00350617	-0.0192	0.0	-0.0	True
-0.0192	-1.314e-05	-0.00038958	-0.0192	0.0	-0.0	True
-0.0192	-1.29e-05	-0.00818105	-0.0192	-0.0	-0.0001	True
-0.0192	-1.265e-05	0.01207685	-0.0192	-0.0	0.0	True
-0.0192	-1.24e-05	0.01266119	-0.0192	0.0	0.0	True
-0.0192	-1.215e-05	0.03408782	-0.0192	0.0	0.0001	True
-0.0192	-1.19e-05	0.05161869	-0.0192	0.0	0.0001	True
-0.0192	-1.166e-05	-0.0112977	-0.0192	0.0	-0.0	True
-0.0192	-1.141e-05	-0.00409058	-0.0192	0.0	0.0001	True
-0.0192	-1.116e-05	-0.00662275	-0.0192	0.0	0.0	True
-0.0192	-1.091e-05	-0.03662002	-0.0192	-0.0	0.0	True
-0.0192	-1.066e-05	0.0274651	-0.0192	-0.0	0.0	True
-0.0192	-1.042e-05	-0.00954459	-0.0192	-0.0	-0.0001	True
-0.0192	-1.017e-05	-0.00019478	-0.0192	0.0	0.0001	True
-0.0192	-9.92e-06	-0.0138299	-0.0192	-0.0	-0.0001	True
-0.0192	-9.67e-06	-0.02064744	-0.0192	-0.0	0.0001	True
-0.0192	-9.42e-06	-0.02025787	-0.0192	0.0	0.0	True
-0.0192	-9.18e-06	-0.01480378	-0.0192	0.0	-0.0	True
-0.0192	-8.93e-06	-0.00077914	-0.0192	0.0	0.0	True
-0.0192	-8.68e-06	0.00077912	-0.0192	0.0	0.0001	True
-0.0192	-8.43e-06	0.00253227	-0.0192	0.0	0.0	True
-0.0192	-8.18e-06	-0.04850209	-0.0192	0.0	-0.0	True
-0.0192	-7.94e-06	0.00253225	-0.0192	-0.0	-0.0	True
-0.0192	-7.69e-06	0.0169466	-0.0192	0.0	0.0	True
-0.0192	-7.44e-06	-0.00350622	-0.0192	0.0	-0.0	True
-0.0192	2.48e-06	0.01246644	-0.0192	0.0	0.0001	True
-0.0192	2.73e-06	-0.02941295	-0.0192	-0.0	-0.0	True
-0.0192	2.98e-06	-0.05376131	-0.0192	0.0	-0.0001	True
-0.0192	3.22e-06	0.02006314	-0.0192	0.0	0.0001	True
-0.0192	3.47e-06	0.00954457	-0.0192	-0.0	-0.0	True
-0.0192	3.72e-06	0.01714131	-0.0192	0.0	-0.0	True
-0.0192	3.97e-06	-0.01792046	-0.0192	0.0	-0.0	True
-0.0192	4.22e-06	-0.02512757	-0.0192	-0.0	0.0	True
-0.0192	4.46e-06	-0.01889442	-0.0192	0.0	-0.0	True
-0.0192	4.71e-06	-0.02181623	-0.0192	-0.0	0.0001	True
-0.0192	4.96e-06	-0.01344031	-0.0192	0.0	0.0	True
-0.0192	5.21e-06	-0.01928398	-0.0192	0.0	0.0	True
-0.0192	5.46e-06	0.00175307	-0.0192	-0.0	-0.0	True
-0.0192	5.7e-06	0.01382996	-0.0192	0.0	0.0001	True
-0.0192	5.95e-06	0.00097399	-0.0192	0.0	-0.0	True
-0.0192	6.2e-06	0.01480382	-0.0192	0.0	0.0	True
-0.0192	6.45e-06	-0.01616741	-0.0192	-0.0	0.0	True
-0.0192	6.7e-06	0.00428533	-0.0192	-0.0	0.0	True
-0.0192	6.94e-06	-0.0629164	-0.0192	-0.0	0.0	True
-0.0192	7.19e-06	-0.01012893	-0.0192	0.0	-0.0	True
-0.0192	7.44e-06	0.0292181	-0.0192	0.0	-0.0	True
-0.0192	7.69e-06	0.13187118	-0.0192	0.0	0.0001	True
-0.0192	7.94e-06	0.1910868	-0.0192	0.0	-0.0	True
-0.0192	8.18e-06	0.25478216	-0.0192	0.0	-0.0	True
-0.0192	8.43e-06	0.35918732	-0.0192	-0.0	0.0	True
-0.0192	8.68e-06	0.46398301	-0.0192	0.0	-0.0	True
-0.0192	8.93e-06	0.56546863	-0.0192	-0.0	-0.0	True
-0.0192	9.18e-06	0.70532484	-0.0192	0.0	0.0	True
-0.0192	9.42e-06	0.7694098	-0.0192	-0.0	-0.0	True
-0.0192	9.67e-06	0.94432876	-0.0192	0.0	-0.0	True
-0.0192	9.92e-06	1.01640131	-0.0192	0.0	-0.0	True
-0.0192	1.017e-05	1.07639739	-0.0192	0.0	0.0001	True
-0.0192	1.042e-05	1.12295033	-0.0192	0.0	0.0	True
-0.0192	1.066e-05	1.16638758	-0.0192	0.0	0.0001	True
-0.0192	1.091e-05	1.26008105	-0.0192	0.0	0.0	True
-0.0192	1.116e-05	1.26748301	-0.0192	0.0	0.0	True
-0.0192	1.141e-05	1.3313732	-0.0192	0.0	0.0	True
-0.0192	1.166e-05	1.27079412	-0.0192	-0.0	0.0	True
-0.0192	1.19e-05	1.2838451	-0.0192	0.0	-0.0	True
-0.0192	1.215e-05	1.29728562	-0.0192	-0.0	-0.0001	True
-0.0192	1.24e-05	1.20982614	-0.0192	-0.0	0.0001	True
-0.0192	1.265e-05	1.19833333	-0.0192	0.0	-0.0	True
-0.0192	1.29e-05	1.13502745	-0.0192	0.0	0.0	True
-0.0192	1.314e-05	1.12314641	-0.0192	0.0	0.0	True
-0.0192	1.339e-05	1.11438105	-0.0192	0.0	0.0001	True
-0.0192	1.364e-05	0.9916634	-0.0192	-0.0	0.0	True
-0.0192	1.389e-05	0.98426013	-0.0192	0.0	0.0	True
-0.0192	1.414e-05	0.92601895	-0.0192	-0.0	-0.0001	True
-0.0192	1.438e-05	0.86407647	-0.0192	0.0	-0.0	True
-0.0192	1.463e-05	0.81284837	-0.0192	0.0	0.0	True
-0.0192	1.488e-05	0.84537647	-0.0192	0.0	0.0	True
-0.0192	1.513e-05	0.79609542	-0.0192	0.0	0.0	True
-0.0192	1.538e-05	0.79570654	-0.0192	-0.0	-0.0	True
-0.0192	1.562e-05	0.79551111	-0.0192	-0.0	-0.0	True
-0.0192	1.587e-05	0.77466993	-0.0192	-0.0	0.0	True
-0.0192	1.612e-05	0.75441242	-0.0192	-0.0	0.0	True
-0.0192	1.637e-05	0.76103333	-0.0192	-0.0	-0.0001	True
-0.0192	1.662e-05	0.74817843	-0.0192	0.0	-0.0	True
-0.0192	1.687e-05	0.73766013	-0.0192	0.0	0.0	True
-0.0192	1.711e-05	0.73824379	-0.0192	0.0	-0.0001	True
-0.0192	1.736e-05	0.68487386	-0.0192	0.0	0.0	True
-0.0192	1.761e-05	0.70123529	-0.0192	0.0	0.0	True
-0.0192	1.786e-05	0.72908889	-0.0192	0.0	0.0001	True
-0.0192	1.811e-05	0.74525686	-0.0192	0.0	-0.0001	True
-0.0192	1.835e-05	0.71915621	-0.0192	0.0	-0.0	True
-0.0192	1.86e-05	0.7049366	-0.0192	-0.0	0.0	True
-0.0192	1.885e-05	0.73804967	-0.0192	-0.0	0.0	True
-0.0192	1.91e-05	0.68779542	-0.0192	0.0	0.0001	True
-0.0192	1.935e-05	0.69305425	-0.0192	-0.0	-0.0	True
-0.0192	1.959e-05	0.65565425	-0.0192	-0.0	0.0001	True
-0.0192	1.984e-05	0.64318889	-0.0192	0.0	-0.0	True
-0.0192	2.009e-05	0.70785817	-0.0192	0.0	0.0001	True
-0.0192	2.034e-05	0.63267059	-0.0192	-0.0	0.0001	True
-0.0192	2.059e-05	0.70707843	-0.0192	-0.0	-0.0001	True
-0.0192	2.083e-05	0.6981183	-0.0192	0.0	0.0	True
-0.0192	2.108e-05	0.66695229	-0.0192	-0.0	0.0001	True
-0.0192	2.133e-05	0.66130392	-0.0192	-0.0	-0.0	True
-0.0192	2.158e-05	0.67552288	-0.0192	0.0	0.0	True
-0.0192	2.183e-05	0.64591503	-0.0192	0.0	0.0	True
-0.0192	2.207e-05	0.63403333	-0.0192	0.0	0.0	True
-0.0192	2.232e-05	0.6675366	-0.0192	0.0	-0.0	True
-0.019	-3.472e-05	0.4273634	-0.019	0.0	0.0001	True
-0.019	-3.447e-05	0.6176719	-0.019	0.0	0.0	True
-0.019	-3.423e-05	0.64747386	-0.019	0.0	-0.0	True
-0.019	-3.398e-05	0.64435686	-0.019	-0.0	-0.0	True
-0.019	-3.373e-05	0.65507059	-0.019	0.0	0.0001	True
-0.019	-3.348e-05	0.6916902	-0.019	0.0	-0.0001	True
-0.019	-3.323e-05	0.6346183	-0.019	0.0	-0.0	True
-0.019	-3.299e-05	0.68506797	-0.019	-0.0	0.0	True
-0.019	-3.274e-05	0.68857386	-0.019	0.0	0.0001	True
-0.019	-3.249e-05	0.67591307	-0.019	0.0	0.0001	True
-0.019	-3.224e-05	0.69889804	-0.019	0.0	-0.0	True
-0.019	-3.199e-05	0.64279869	-0.019	0.0	0.0001	True
-0.019	-3.175e-05	0.6784451	-0.019	0.0	0.0	True
-0.019	-3.15e-05	0.67727582	-0.019	-0.0	0.0	True
-0.019	-3.125e-05	0.71194771	-0.019	0.0	-0.0	True
-0.019	-3.1e-05	0.70980523	-0.019	-0.0	-0.0	True
-0.019	-3.075e-05	0.68467843	-0.019	0.0	0.0	True
-0.019	-3.051e-05	0.68370458	-0.019	-0.0	0.0001	True
-0.019	-3.026e-05	0.70181895	-0.019	-0.0	0.0	True
-0.019	-3.001e-05	0.71253268	-0.019	0.0	-0.0	True
-0.019	-2.976e-05	0.73434837	-0.019	0.0	-0.0	True
-0.019	-2.951e-05	0.70415686	-0.019	0.0	0.0001	True
-0.019	-2.927e-05	0.6611085	-0.019	0.0	0.0	True
-0.019	-2.902e-05	0.74272418	-0.019	-0.0	-0.0001	True
-0.019	-2.877e-05	0.74506209	-0.019	-0.0	0.0	True
-0.019	-2.852e-05	0.69188431	-0.019	0.0	-0.0001	True
-0.019	-2.827e-05	0.73123203	-0.019	-0.0	-0.0	True
-0.019	-2.803e-05	0.80408235	-0.019	-0.0	-0.0	True
-0.019	-2.778e-05	0.7487634	-0.019	0.0	0.0001	True
-0.019	-2.753e-05	0.72870065	-0.019	-0.0	0.0	True
-0.019	-2.728e-05	0.78421373	-0.019	0.0	-0.0	True
-0.019	-2.703e-05	0.75187908	-0.019	-0.0	-0.0	True
-0.019	-2.679e-05	0.77798105	-0.019	0.0	0.0001	True
-0.019	-2.654e-05	0.74467255	-0.019	0.0	-0.0	True
-0.019	-2.629e-05	0.77486405	-0.019	0.0	-0.0	True
-0.019	-2.604e-05	0.79297908	-0.019	0.0	-0.0	True
-0.019	-2.579e-05	0.80739346	-0.019	-0.0	0.0	True
-0.019	-2.555e-05	0.80466732	-0.019	-0.0	0.0001	True
-0.019	-2.53e-05	0.83388497	-0.019	-0.0	-0.0001	True
-0.019	-2.505e-05	0.81791242	-0.019	-0.0	-0.0	True
-0.019	-2.48e-05	0.95718497	-0.019	0.0	0.0001	True
-0.019	-2.455e-05	0.85862288	-0.019	0.0	-0.0	True
-0.019	-2.431e-05	0.94588693	-0.019	-0.0	-0.0	True
-0.019	-2.406e-05	1.00315686	-0.019	0.0	0.0001	True
-0.019	-2.381e-05	1.21391634	-0.019	-0.0	-0.0001	True
-0.019	-2.356e-05	1.26358758	-0.019	0.0	-0.0001	True
-0.019	-2.331e-05	1.6574451	-0.019	0.0	-0.0	True
-0.019	-2.307e-05	2.59749216	-0.019	0.0	0.0001	True
-0.019	-2.282e-05	5.48209804	-0.019	-0.0	-0.0	True
-0.019	-2.257e-05	12.58950327	-0.019	-0.0	-0.0	True
-0.019	-2.232e-05	12.83356209	-0.019	0.0	-0.0001	True
-0.019	-2.207e-05	6.63738562	-0.019	0.0	0.0	True
-0.019	-2.183e-05	1.65705817	-0.019	0.0	-0.0	True
-0.019	-2.158e-05	0.4427519	-0.019	-0.0	-0.0001	True
-0.019	-2.133e-05	0.05434575	-0.019	0.0	-0.0	True
-0.019	-2.108e-05	0.01246646	-0.019	0.0	-0.0	True
-0.019	-2.083e-05	-0.03019204	-0.019	0.0	0.0001	True
-0.019	-2.059e-05	-0.0428532	-0.019	0.0	0.0	True
-0.019	-2.034e-05	0.02824422	-0.019	-0.0	-0.0	True
-0.019	-2.009e-05	-0.00701235	-0.019	-0.0	-0.0	True
-0.019	-1.984e-05	-0.01986836	-0.019	-0.0	-0.0	True
-0.019	-1.959e-05	-0.03077643	-0.019	-0.0	0.0	True
-0.019	-1.935e-05	-0.03350344	-0.019	-0.0	-0.0	True
-0.019	-1.91e-05	-0.02142663	-0.019	0.0	0.0001	True
-0.019	-1.885e-05	-0.02610156	-0.019	0.0	0.0	True
-0.019	-1.86e-05	-0.03116596	-0.019	-0.0	-0.0001	True
-0.019	-1.835e-05	0.01499865	-0.019	0.0	0.0	True
-0.019	-1.811e-05	-0.05531961	-0.019	0.0	0.0001	True
-0.019	-1.786e-05	-0.06427984	-0.019	0.0	0.0001	True
-0.019	-1.761e-05	-0.01305072	-0.019	0.0	-0.0001	True
-0.019	-1.736e-05	0.00857063	-0.019	0.0	-0.0	True
-0.019	-1.711e-05	-0.03661998	-0.019	0.0	0.0001	True
-0.019	-1.687e-05	0.00642798	-0.019	0.0	0.0	True
-0.019	-1.662e-05	0.03447742	-0.019	0.0	0.0	True
-0.019	-1.637e-05	-0.02882857	-0.019	0.0	-0.0	True
-0.019	-1.612e-05	-0.00681758	-0.019	0.0	0.0001	True
-0.019	-1.587e-05	-0.06486426	-0.019	0.0	0.0001	True
-0.019	-1.562e-05	-0.01753084	-0.019	0.0	-0.0	True
-0.019	-1.538e-05	-0.00818106	-0.019	-0.0	-0.0	True
-0.019	-1.513e-05	-0.00954457	-0.019	0.0	0.0	True
-0.019	-1.488e-05	0.05570922	-0.019	0.0	0.0001	True
-0.019	9.92e-06	-0.1118081	-0.019	0.0	-0.0	True
-0.019	1.017e-05	-0.03642523	-0.019	0.0	-0.0001	True
-0.019	1.042e-05	0.04012627	-0.019	0.0	0.0	True
-0.019	1.066e-05	0.0354513	-0.019	0.0	0.0	True
-0.019	1.091e-05	-0.00116871	-0.019	0.0	0.0001	True
-0.019	1.116e-05	-0.07070786	-0.019	0.0	-0.0001	True
-0.019	1.141e-05	-0.02376403	-0.019	0.0	0.0	True
-0.019	1.166e-05	-0.01714129	-0.019	0.0	0.0	True
-0.019	1.19e-05	-0.02707545	-0.019	-0.0	-0.0	True
-0.019	1.215e-05	-0.03856789	-0.019	0.0	-0.0001	True
-0.019	1.24e-05	-0.01480387	-0.019	0.0	-0.0001	True
-0.019	1.265e-05	-0.00116871	-0.019	-0.0	-0.0001	True
-0.019	1.29e-05	-0.01714129	-0.019	-0.0	-0.0	True
-0.019	1.314e-05	0.01967352	-0.019	0.0	0.0001	True
-0.019	1.339e-05	-0.01012893	-0.019	-0.0	-0.0	True
-0.019	1.364e-05	0.0181152	-0.019	0.0	-0.0	True
-0.019	1.389e-05	-0.06096851	-0.019	0.0	-0.0	True
-0.019	1.414e-05	-0.05960485	-0.019	0.0	0.0001	True
-0.019	1.438e-05	-0.01772565	-0.019	-0.0	-0.0	True
-0.019	1.463e-05	0.01168725	-0.019	-0.0	-0.0	True
-0.019	1.488e-05	0.00155827	-0.019	0.0	0.0	True
-0.019	1.513e-05	0.10888621	-0.019	-0.0	-0.0	True
-0.019	1.538e-05	0.28497412	-0.019	-0.0	-0.0	True
-0.019	1.562e-05	0.45775033	-0.019	-0.0	-0.0	True
-0.019	1.587e-05	0.75363268	-0.019	0.0	0.0001	True
-0.019	1.612e-05	1.22014902	-0.019	0.0	-0.0	True
-0.019	1.637e-05	1.74295621	-0.019	0.0	0.0001	True
-0.019	1.662e-05	2.10546013	-0.019	0.0	-0.0	True
-0.019	1.687e-05	2.49522876	-0.019	0.0	0.0	True
-0.019	1.711e-05	2.53535556	-0.019	0.0	-0.0	True
-0.019	1.736e-05	2.62651569	-0.019	0.0	0.0	True
-0.019	1.761e-05	2.57002745	-0.019	0.0	-0.0	True
-0.019	1.786e-05	2.57703987	-0.019	0.0	0.0	True
-0.019	1.811e-05	2.56691111	-0.019	0.0	0.0	True
-0.019	1.835e-05	2.46484314	-0.019	0.0	-0.0	True
-0.019	1.86e-05	2.39958954	-0.019	0.0	0.0001	True
-0.019	1.885e-05	2.13506732	-0.019	0.0	0.0	True
-0.019	1.91e-05	1.94670588	-0.019	0.0	0.0001	True
-0.019	1.935e-05	1.74529412	-0.019	0.0	-0.0	True
-0.019	1.959e-05	1.48934444	-0.019	-0.0	0.0001	True
-0.019	1.984e-05	1.30449281	-0.019	0.0	0.0001	True
-0.019	2.009e-05	1.16716863	-0.019	0.0	0.0	True
-0.019	2.034e-05	1.12879477	-0.019	0.0	-0.0001	True
-0.019	2.059e-05	0.96400261	-0.019	0.0	-0.0	True
-0.019	2.083e-05	0.9419915	-0.019	0.0	0.0	True
-0.019	2.108e-05	0.91666863	-0.019	0.0	-0.0001	True
-0.019	2.133e-05	0.84537582	-0.019	0.0	0.0	True
-0.019	2.158e-05	0.86816732	-0.019	0.0	-0.0001	True
-0.019	2.183e-05	0.87089412	-0.019	-0.0	-0.0	True
-0.019	2.207e-05	0.84440261	-0.019	0.0	0.0	True
-0.019	2.232e-05	0.82297647	-0.019	0.0	0.0	True
-0.019	2.257e-05	0.83174248	-0.019	0.0	0.0	True
-0.019	2.282e-05	0.82765098	-0.019	0.0	0.0	True
-0.019	2.307e-05	0.76395621	-0.019	-0.0	0.0001	True
-0.019	2.331e-05	0.76707255	-0.019	0.0	-0.0	True
-0.019	2.356e-05	0.73493268	-0.019	0.0	-0.0	True
-0.019	2.381e-05	0.76629346	-0.019	-0.0	-0.0	True
-0.019	2.406e-05	0.75869608	-0.019	0.0	-0.0	True
-0.019	2.431e-05	0.75324248	-0.019	0.0	0.0001	True
-0.019	2.455e-05	0.75811242	-0.019	0.0	0.0	True
-0.019	2.48e-05	0.73804902	-0.019	0.0	0.0001	True
-0.019	2.505e-05	0.71915556	-0.019	-0.0	0.0001	True
-0.019	2.53e-05	0.6821451	-0.019	0.0	-0.0001	True
-0.019	2.555e-05	0.74564641	-0.019	0.0	-0.0	True
-0.019	2.579e-05	0.72207712	-0.019	-0.0	-0.0	True
-0.019	2.604e-05	0.67396536	-0.019	0.0	0.0001	True
-0.019	2.629e-05	0.71506471	-0.019	-0.0	0.0	True
-0.019	2.654e-05	0.69285882	-0.019	0.0	-0.0001	True
-0.019	2.679e-05	0.73746536	-0.019	0.0	-0.0	True
-0.019	2.703e-05	0.72850458	-0.019	0.0	-0.0001	True
-0.019	2.728e-05	0.65507059	-0.019	0.0	0.0	True
-0.019	2.753e-05	0.65312222	-0.019	-0.0	0.0	True
-0.019	2.778e-05	0.68487255	-0.019	0.0	-0.0001	True
-0.019	2.803e-05	0.70065033	-0.019	-0.0	0.0	True
-0.019	2.827e-05	0.67376993	-0.019	0.0	-0.0	True
-0.019	2.852e-05	0.6798085	-0.019	0.0	0.0001	True
-0.019	2.877e-05	0.68837974	-0.019	0.0	0.0	True
-0.019	2.902e-05	0.68818431	-0.019	-0.0	-0.0	True
-0.019	2.927e-05	0.6355915	-0.019	-0.0	0.0001	True
-0.019	2.951e-05	0.67610784	-0.019	-0.0	-0.0	True
-0.019	2.976e-05	0.67727647	-0.019	0.0	-0.0	True
-0.0188	-4.216e-05	-0.15680372	-0.0188	0.0	-0.0001	True
-0.0188	-4.191e-05	0.0609685	-0.0188	-0.0	-0.0	True
-0.0188	-4.167e-05	-0.0031166	-0.0188	0.0	-0.0	True
-0.0188	-4.142e-05	0.00370098	-0.0188	0.0	-0.0	True
-0.0188	-4.117e-05	-0.01675172	-0.0188	0.0	-0.0	True
-0.0188	-4.092e-05	0.00214269	-0.0188	-0.0	-0.0	True
-0.0188	-4.067e-05	0.01460908	-0.0188	0.0	-0.0	True
-0.0188	-4.043e-05	-0.00973942	-0.0188	0.0	-0.0	True
-0.0188	-4.018e-05	-0.01792041	-0.0188	-0.0	-0.0	True
-0.0188	-3.993e-05	0.05298224	-0.0188	-0.0	-0.0	True
-0.0188	-3.968e-05	-0.01246643	-0.0188	0.0	-0.0	True
-0.0188	-3.943e-05	0.02980249	-0.0188	0.0	0.0	True
-0.0188	-3.919e-05	0.08901784	-0.0188	0.0	-0.0	True
-0.0188	-3.894e-05	-0.00292181	-0.0188	-0.0	0.0	True
-0.0188	-3.869e-05	-0.0095446	-0.0188	0.0	0.0001	True
-0.0188	-3.844e-05	-0.03038686	-0.0188	0.0	0.0	True
-0.0188	-3.819e-05	-0.00370095	-0.0188	0.0	-0.0	True
-0.0188	-3.795e-05	-0.00467487	-0.0188	0.0	0.0001	True
-0.0188	-3.77e-05	0.00077916	-0.0188	-0.0	-0.0	True
-0.0188	-3.745e-05	0.03603569	-0.0188	0.0	0.0	True
-0.0188	-3.72e-05	-0.01714129	-0.0188	0.0	0.0	True
-0.0188	-3.695e-05	-0.03837316	-0.0188	0.0	-0.0	True
-0.0188	-3.671e-05	0.01421948	-0.0188	0.0	0.0	True
-0.0188	-3.646e-05	0.00019479	-0.0188	0.0	0.0	True
-0.0188	-3.621e-05	-0.03136072	-0.0188	-0.0	-0.0	True
-0.0188	-3.596e-05	-0.04791778	-0.0188	0.0	0.0	True
-0.0188	-3.571e-05	-0.04012623	-0.0188	-0.0	-0.0	True
-0.0188	-3.547e-05	-0.01811521	-0.0188	0.0	-0.0001	True
-0.0188	-3.522e-05	0.74603595	-0.0188	0.0	0.0	True
-0.0188	-3.497e-05	0.73610261	-0.0188	0.0	-0.0	True
-0.0188	-3.472e-05	0.77155229	-0.0188	0.0	-0.0	True
-0.0188	-3.447e-05	0.76999477	-0.0188	0.0	0.0	True
-0.0188	-3.423e-05	0.79512288	-0.0188	-0.0	-0.0001	True
-0.0188	-3.398e-05	0.79375882	-0.0188	0.0	-0.0	True
-0.0188	-3.373e-05	0.78538366	-0.0188	0.0	0.0	True
-0.0188	-3.348e-05	0.74038693	-0.0188	0.0	-0.0	True
-0.0188	-3.323e-05	0.80077124	-0.0188	-0.0	-0.0	True
-0.0188	-3.299e-05	0.80252418	-0.0188	0.0	-0.0	True
-0.0188	-3.274e-05	0.76473529	-0.0188	0.0	-0.0	True
-0.0188	-3.249e-05	0.80349739	-0.0188	0.0	0.0	True
-0.0188	-3.224e-05	0.79668105	-0.0188	0.0	-0.0001	True
-0.0188	-3.199e-05	0.82394967	-0.0188	0.0	0.0	True
-0.0188	-3.175e-05	0.79609608	-0.0188	0.0	-0.0	True
-0.0188	-3.15e-05	0.85979085	-0.0188	0.0	0.0	True
-0.0188	-3.125e-05	0.16440085	-0.0188	0.0	-0.0001	True
-0.0188	-3.1e-05	1.40733922	-0.0188	0.0	-0.0	True
-0.0188	-3.075e-05	2.4079634	-0.0188	0.0	0.0001	True
-0.0188	-3.051e-05	1.21664627	-0.0188	-0.0	-0.0001	True
-0.0188	-3.026e-05	-0.85882092	-0.0188	-0.0	0.0	True
-0.0188	-3.001e-05	1.36468131	-0.0188	-0.0	0.0001	True
-0.0188	-2.976e-05	0.44878982	-0.0188	0.0	0.0	True
-0.0188	-2.951e-05	-0.0212318	-0.0188	0.0	0.0001	True
-0.0188	-2.927e-05	0.04752809	-0.0188	0.0	0.0001	True
-0.0188	-2.902e-05	-0.04207415	-0.0188	0.0	-0.0	True
-0.0188	-2.877e-05	-0.06486418	-0.0188	0.0	-0.0	True
-0.0188	-2.852e-05	0.00077914	-0.0188	0.0	0.0	True
-0.0188	-2.827e-05	0.00993414	-0.0188	0.0	-0.0	True
-0.0188	-2.803e-05	-0.01772563	-0.0188	0.0	-0.0	True
-0.0188	-2.778e-05	0.00116876	-0.0188	0.0	0.0	True
-0.0188	-2.753e-05	-0.02980248	-0.0188	0.0	-0.0	True
-0.0188	-2.728e-05	-0.01168727	-0.0188	-0.0	-0.0	True
-0.0188	-2.703e-05	-0.02532237	-0.0188	-0.0	0.0001	True
-0.0188	-2.679e-05	-0.02727029	-0.0188	0.0	-0.0	True
-0.0188	-2.654e-05	-0.01168724	-0.0188	-0.0	-0.0	True
-0.0188	-2.629e-05	-0.04655423	-0.0188	-0.0	-0.0	True
-0.0188	-2.604e-05	-0.01753082	-0.0188	0.0	0.0001	True
-0.0188	-2.579e-05	0.01110285	-0.0188	0.0	-0.0	True
-0.0188	-2.555e-05	-0.02123184	-0.0188	0.0	0.0001	True
-0.0188	-2.53e-05	-0.00214263	-0.0188	-0.0	-0.0	True
-0.0188	-2.505e-05	-0.02493284	-0.0188	-0.0	0.0001	True
-0.0188	-2.48e-05	-0.08492732	-0.0188	-0.0	0.0	True
-0.0188	-2.455e-05	-0.01889431	-0.0188	0.0	-0.0	True
-0.0188	-2.431e-05	-0.0062332	-0.0188	0.0	0.0001	True
-0.0188	-2.406e-05	-0.00292179	-0.0188	0.0	0.0	True
-0.0188	-2.381e-05	-0.03058167	-0.0188	-0.0	-0.0	True
-0.0188	-2.356e-05	-0.05239773	-0.0188	0.0	-0.0	True
-0.0188	-2.331e-05	-0.00545407	-0.0188	-0.0	-0.0	True
-0.0188	-2.307e-05	-0.04850209	-0.0188	-0.0	0.0	True
-0.0188	-2.282e-05	-0.00720712	-0.0188	0.0	0.0	True
-0.0188	-2.257e-05	-0.05006044	-0.0188	-0.0	-0.0001	True
-0.0188	-2.232e-05	-0.00818105	-0.0188	0.0	0.0	True
-0.0188	1.736e-05	-0.06408502	-0.0188	0.0	-0.0001	True
-0.0188	1.761e-05	0.01305073	-0.0188	-0.0	0.0	True
-0.0188	1.786e-05	0.04363232	-0.0188	-0.0	0.0	True
-0.0188	1.811e-05	-0.00272702	-0.0188	0.0	-0.0	True
-0.0188	1.835e-05	-0.03252955	-0.0188	0.0	0.0001	True
-0.0188	1.86e-05	-0.06895471	-0.0188	0.0	0.0001	True
-0.0188	1.885e-05	0.00642799	-0.0188	-0.0	-0.0	True
-0.0188	1.91e-05	0.00194784	-0.0188	0.0	0.0001	True
-0.0188	1.935e-05	-0.02921819	-0.0188	0.0	-0.0	True
-0.0188	1.959e-05	-0.07440884	-0.0188	-0.0	0.0	True
-0.0188	1.984e-05	-0.03486701	-0.0188	0.0	-0.0	True
-0.0188	2.009e-05	0.01460914	-0.0188	0.0	-0.0	True
-0.0188	2.034e-05	-0.04830729	-0.0188	-0.0	-0.0	True
-0.0188	2.059e-05	-0.04402201	-0.0188	-0.0	-0.0	True
-0.0188	2.083e-05	-0.01616732	-0.0188	0.0	0.0001	True
-0.0188	2.108e-05	-0.04129492	-0.0188	-0.0	-0.0	True
-0.0188	2.133e-05	0.02356929	-0.0188	0.0	-0.0	True
-0.0188	2.158e-05	0.00584359	-0.0188	0.0	0.0	True
-0.0188	2.183e-05	0.00896021	-0.0188	0.0	0.0	True
-0.0188	2.207e-05	0.00038958	-0.0188	-0.0	-0.0001	True
-0.0188	2.232e-05	-0.09271873	-0.0188	0.0	-0.0	True
-0.0188	2.257e-05	0.04655418	-0.0188	-0.0	0.0	True
-0.0188	2.282e-05	0.06544858	-0.0188	-0.0	-0.0	True
-0.0188	2.307e-05	0.04635946	-0.0188	0.0	0.0	True
-0.0188	2.331e-05	0.05668319	-0.0188	0.0	-0.0	True
-0.0188	2.356e-05	0.01188205	-0.0188	0.0	-0.0	True
-0.0188	2.381e-05	0.01986834	-0.0188	-0.0	0.0	True
-0.0188	2.406e-05	0.22010961	-0.0188	0.0	-0.0	True
-0.0188	2.431e-05	0.65351176	-0.0188	0.0	0.0001	True
-0.0188	2.455e-05	2.40270392	-0.0188	-0.0	0.0	True
-0.0188	2.48e-05	5.61124183	-0.0188	-0.0	0.0	True
-0.0188	2.505e-05	10.74877124	-0.0188	0.0	-0.0	True
-0.0188	2.53e-05	12.83141176	-0.0188	0.0	0.0	True
-0.0188	2.555e-05	7.48471242	-0.0188	-0.0	0.0	True
-0.0188	2.579e-05	3.95223529	-0.0188	0.0	-0.0001	True
-0.0188	2.604e-05	2.27765098	-0.0188	0.0	0.0	True
-0.0188	2.629e-05	1.68977908	-0.0188	0.0	-0.0001	True
-0.0188	2.654e-05	1.40519673	-0.0188	0.0	-0.0001	True
-0.0188	2.679e-05	1.1710634	-0.0188	0.0	0.0	True
-0.0188	2.703e-05	1.07035817	-0.0188	-0.0	0.0	True
-0.0188	2.728e-05	0.9569902	-0.0188	0.0	-0.0001	True
-0.0188	2.753e-05	0.96926209	-0.0188	-0.0	0.0	True
-0.0188	2.778e-05	0.93653791	-0.0188	-0.0	0.0001	True
-0.0188	2.803e-05	0.90303399	-0.0188	0.0	0.0	True
-0.0188	2.827e-05	0.85842745	-0.0188	-0.0	-0.0001	True
-0.0188	2.852e-05	0.79531765	-0.0188	0.0	0.0	True
-0.0188	2.877e-05	0.85940196	-0.0188	-0.0	0.0001	True
-0.0188	2.902e-05	0.80369216	-0.0188	-0.0	-0.0	True
-0.0188	2.927e-05	0.84284444	-0.0188	0.0	-0.0	True
-0.0188	2.951e-05	0.76551438	-0.0188	0.0	-0.0	True
-0.0188	2.976e-05	0.79901765	-0.0188	0.0	0.0	True
-0.0188	3.001e-05	0.7922	-0.0188	-0.0	0.0001	True
-0.0188	3.026e-05	0.77505882	-0.0188	-0.0	0.0001	True
-0.0188	3.051e-05	0.78324052	-0.0188	0.0	0.0	True
-0.0188	3.075e-05	0.78557712	-0.0188	0.0	0.0001	True
-0.0188	3.1e-05	0.78109673	-0.0188	0.0	-0.0001	True
-0.0188	3.125e-05	0.79492745	-0.0188	0.0	0.0	True
-0.0188	3.15e-05	0.77466928	-0.0188	-0.0	0.0	True
-0.0188	3.175e-05	0.75382614	-0.0188	0.0	-0.0	True
-0.0188	3.199e-05	0.71662353	-0.0188	0.0	-0.0001	True
-0.0188	3.224e-05	0.74915163	-0.0188	-0.0	0.0	True
-0.0188	3.249e-05	0.7789549	-0.0188	0.0	-0.0	True
-0.0188	3.274e-05	0.75304837	-0.0188	-0.0	-0.0001	True
-0.0188	3.299e-05	0.76804641	-0.0188	0.0	-0.0	True
-0.0188	3.323e-05	0.74525621	-0.0188	-0.0	0.0	True
-0.0188	3.348e-05	0.74817843	-0.0188	0.0	0.0001	True
-0.0188	3.373e-05	0.69987124	-0.0188	-0.0	-0.0	True
-0.0188	3.398e-05	0.68935294	-0.0188	0.0	0.0	True
-0.0188	3.423e-05	0.69967712	-0.0188	0.0	-0.0001	True
-0.0188	3.447e-05	0.68896275	-0.0188	-0.0	-0.0	True
-0.0188	3.472e-05	0.72071307	-0.0188	0.0	0.0	True
-0.0188	3.497e-05	0.72908954	-0.0188	0.0	0.0001	True
-0.0188	3.522e-05	0.74389346	-0.0188	0.0	0.0	True
-0.0188	3.547e-05	0.05999451	-0.0188	0.0	0.0	True
-0.0188	3.571e-05	0.01675175	-0.0188	0.0	-0.0	True
-0.0188	3.596e-05	0.04207413	-0.0188	0.0	-0.0001	True
-0.0188	3.621e-05	0.00681759	-0.0188	0.0	0.0	True
-0.0188	3.646e-05	-0.00194789	-0.0188	0.0	0.0001	True
-0.0188	3.671e-05	0.0442168	-0.0188	0.0	-0.0	True
-0.0188	3.695e-05	0.03623048	-0.0188	-0.0	-0.0	True
-0.0188	3.72e-05	-0.00973944	-0.0188	-0.0	0.0	True
-0.0186	-0.00011657	-0.02843903	-0.0186	-0.0	-0.0	True
-0.0186	-0.00011632	-0.00545408	-0.0186	0.0	-0.0	True
-0.0186	-0.00011607	-0.26198977	-0.0186	0.0	-0.0001	True
-0.0186	-0.00011582	0.05551451	-0.0186	-0.0	0.0001	True
-0.0186	-0.00011558	0.05415094	-0.0186	0.0	0.0	True
-0.0186	-0.00011533	0.04402192	-0.0186	-0.0	0.0	True
-0.0186	-0.00011508	0.0364252	-0.0186	-0.0	0.0	True
-0.0186	-0.00011483	0.02376402	-0.0186	-0.0	0.0	True
-0.0186	-0.00011458	0.0169465	-0.0186	0.0	-0.0001	True
-0.0186	-0.00011434	0.53313452	-0.0186	0.0	-0.0	True
-0.0186	-0.00011409	-0.01071331	-0.0186	0.0	-0.0001	True
-0.0186	-0.00011384	-0.02298495	-0.0186	-0.0	0.0001	True
-0.0186	-0.00011359	-0.01792046	-0.0186	0.0	-0.0	True
-0.0186	-0.00011334	-0.02629632	-0.0186	0.0	-0.0	True
-0.0186	-0.0001131	0.04051586	-0.0186	0.0	0.0	True
-0.0186	-0.00011285	-0.00175308	-0.0186	-0.0	-0.0	True
-0.0186	-0.0001126	0.29880399	-0.0186	-0.0	-0.0001	True
-0.0186	-0.00011235	0.30075222	-0.0186	0.0	-0.0	True
-0.0186	-0.0001121	0.00428529	-0.0186	0.0	0.0001	True
-0.0186	-0.00011186	-0.04869686	-0.0186	-0.0	0.0	True
-0.0186	-0.00011161	-0.02590674	-0.0186	-0.0	-0.0001	True
-0.0186	-0.00011136	-0.39911928	-0.0186	0.0	0.0	True
-0.0186	-0.00011111	-0.27504001	-0.0186	0.0	-0.0	True
-0.0186	-0.00011086	0.0138299	-0.0186	-0.0	-0.0	True
-0.0186	-0.00011062	-0.01207682	-0.0186	0.0	0.0001	True
-0.0186	-0.00011037	0.23705645	-0.0186	0.0	-0.0	True
-0.0186	-0.00011012	0.00350615	-0.0186	-0.0	0.0001	True
-0.0186	-0.00010987	0.01831003	-0.0186	0.0	-0.0	True
-0.0186	-0.00010962	0.03252951	-0.0186	0.0	0.0	True
-0.0186	-0.00010938	-0.13810401	-0.0186	-0.0	0.0	True
-0.0186	-0.00010913	0.91939739	-0.0186	0.0	0.0	True
-0.0186	-0.00010888	0.0266859	-0.0186	-0.0	0.0	True
-0.0186	-0.00010863	0.04168448	-0.0186	0.0	-0.0	True
-0.0186	-0.00010838	-0.00954454	-0.0186	0.0	-0.0	True
-0.0186	-0.00010813	-0.3130234	-0.0186	-0.0	-0.0	True
-0.0186	-0.00010789	-0.33094439	-0.0186	0.0	0.0001	True
-0.0186	-0.00010764	-0.07070789	-0.0186	-0.0	0.0001	True
-0.0186	-0.00010739	0.13011767	-0.0186	0.0	-0.0001	True
-0.0186	-0.00010714	0.01597261	-0.0186	0.0	-0.0	True
-0.0186	-0.00010689	0.01129766	-0.0186	0.0	0.0	True
-0.0186	-0.00010665	0.02882852	-0.0186	-0.0	0.0001	True
-0.0186	-0.0001064	-0.0231797	-0.0186	0.0	-0.0001	True
-0.0186	-0.00010615	-0.08940762	-0.0186	0.0	0.0	True
-0.0186	-0.0001059	-0.14336373	-0.0186	-0.0	-0.0001	True
-0.0186	-0.00010565	0.23978355	-0.0186	-0.0	0.0	True
-0.0186	-0.00010541	-0.19225505	-0.0186	-0.0	-0.0001	True
-0.0186	-0.00010516	-0.02590674	-0.0186	-0.0	0.0	True
-0.0186	-0.00010491	0.33698256	-0.0186	-0.0	-0.0	True
-0.0186	-0.00010466	0.0387627	-0.0186	-0.0	-0.0001	True
-0.0186	-0.00010441	-0.01305073	-0.0186	0.0	-0.0001	True
-0.0186	-0.00010417	0.32003602	-0.0186	0.0	0.0	True
-0.0186	-0.00010392	-0.27445592	-0.0186	-0.0	0.0	True
-0.0186	-0.00010367	0.01558294	-0.0186	0.0	-0.0	True
-0.0186	-0.00010342	0.56916995	-0.0186	-0.0	0.0001	True
-0.0186	-0.00010317	-0.01051852	-0.0186	-0.0	-0.0	True
-0.0186	-0.00010293	0.01850476	-0.0186	0.0	-0.0001	True
-0.0186	-0.00010268	0.56780569	-0.0186	0.0	0.0	True
-0.0186	-0.00010243	-0.05376144	-0.0186	0.0	-0.0	True
-0.0186	-0.00010218	0.02785463	-0.0186	-0.0	-0.0	True
-0.0186	-0.00010193	-0.13167631	-0.0186	0.0	0.0	True
-0.0186	-0.00010169	-0.006428	-0.0186	0.0	-0.0001	True
-0.0186	-0.00010144	-0.00623325	-0.0186	-0.0	0.0001	True
-0.0186	-0.00010119	0.28964918	-0.0186	0.0	0.0001	True
-0.0186	-0.00010094	0.2327712	-0.0186	0.0	-0.0	True
-0.0186	-0.00010069	0.01714129	-0.0186	-0.0	0.0	True
-0.0186	-0.00010045	-0.02960773	-0.0186	0.0	-0.0	True
-0.0186	-0.0001002	0.00155834	-0.0186	-0.0	-0.0	True
-0.0186	-9.995e-05	0.02279026	-0.0186	0.0	-0.0	True
-0.0186	-9.97e-05	-0.00311662	-0.0186	0.0	0.0	True
-0.0186	-9.945e-05	0.03311382	-0.0186	0.0	0.0	True
-0.0186	-9.921e-05	0.02259545	-0.0186	0.0	-0.0	True
-0.0186	-9.896e-05	0.02746504	-0.0186	0.0	0.0001	True
-0.0186	-9.871e-05	0.02317962	-0.0186	0.0	-0.0	True
-0.0186	-9.846e-05	-0.02727022	-0.0186	-0.0	0.0	True
-0.0186	-9.821e-05	-0.0200631	-0.0186	-0.0	0.0001	True
-0.0186	-9.797e-05	-0.01129769	-0.0186	0.0	0.0	True
-0.0186	-9.772e-05	0.02863382	-0.0186	0.0	-0.0001	True
-0.0186	-9.747e-05	0.01227159	-0.0186	0.0	0.0001	True
-0.0186	-9.722e-05	0.0107133	-0.0186	0.0	-0.0	True
-0.0186	-9.697e-05	0.00525921	-0.0186	0.0	-0.0001	True
-0.0186	-9.673e-05	0.02025788	-0.0186	0.0	-0.0	True
-0.0186	2.232e-05	-0.41587111	-0.0186	-0.0	0.0001	True
-0.0186	2.257e-05	0.0765515	-0.0186	0.0	-0.0	True
-0.0186	2.282e-05	0.00370099	-0.0186	0.0	0.0	True
-0.0186	2.307e-05	-0.03895748	-0.0186	-0.0	0.0	True
-0.0186	2.331e-05	-0.03389303	-0.0186	0.0	-0.0	True
-0.0186	2.356e-05	-0.022011	-0.0186	0.0	0.0	True
-0.0186	2.381e-05	-0.02259535	-0.0186	-0.0	-0.0	True
-0.0186	2.406e-05	0.00720719	-0.0186	0.0	-0.0	True
-0.0186	2.431e-05	-0.03467215	-0.0186	-0.0	0.0	True
-0.0186	2.455e-05	-0.01947876	-0.0186	0.0	0.0	True
-0.0186	2.48e-05	-0.00564884	-0.0186	0.0	-0.0	True
-0.0186	2.505e-05	-0.02843893	-0.0186	-0.0	-0.0	True
-0.0186	2.53e-05	-0.02863375	-0.0186	0.0	0.0	True
-0.0186	2.555e-05	0.03993144	-0.0186	0.0	-0.0	True
-0.0186	2.579e-05	-0.07401922	-0.0186	0.0	0.0	True
-0.0186	2.604e-05	-0.02804943	-0.0186	-0.0	-0.0	True
-0.0186	2.629e-05	-0.02201097	-0.0186	0.0	-0.0	True
-0.0186	2.654e-05	-0.03720441	-0.0186	0.0	0.0001	True
-0.0186	2.679e-05	0.0307765	-0.0186	0.0	-0.0	True
-0.0186	2.703e-05	0.00993418	-0.0186	-0.0	0.0001	True
-0.0186	2.728e-05	0.00740194	-0.0186	-0.0	0.0	True
-0.0186	2.753e-05	-0.03116593	-0.0186	0.0	0.0001	True
-0.0186	2.778e-05	0.03720448	-0.0186	0.0	-0.0	True
-0.0186	2.803e-05	-0.05220301	-0.0186	0.0	-0.0	True
-0.0186	2.827e-05	0.00155829	-0.0186	0.0	-0.0	True
-0.0186	2.852e-05	-0.01597257	-0.0186	0.0	-0.0	True
-0.0186	2.877e-05	0.2678332	-0.0186	0.0	0.0001	True
-0.0186	2.902e-05	1.09704379	-0.0186	0.0	0.0001	True
-0.0186	2.927e-05	8.40897386	-0.0186	-0.0	-0.0	True
-0.0186	2.951e-05	16.88050327	-0.0186	0.0	-0.0	True
-0.0186	2.976e-05	16.92335294	-0.0186	0.0	0.0001	True
-0.0186	3.001e-05	5.94218301	-0.0186	-0.0	-0.0	True
-0.0186	3.026e-05	2.06649935	-0.0186	0.0	-0.0001	True
-0.0186	3.051e-05	1.17710261	-0.0186	-0.0	0.0001	True
-0.0186	3.075e-05	0.98036536	-0.0186	0.0	-0.0	True
-0.0186	3.1e-05	0.97296275	-0.0186	-0.0	-0.0	True
-0.0186	3.125e-05	0.98289673	-0.0186	-0.0	-0.0	True
-0.0186	3.15e-05	0.92290196	-0.0186	0.0	-0.0	True
-0.0186	3.175e-05	0.87849085	-0.0186	0.0	0.0	True
-0.0186	3.199e-05	0.90050196	-0.0186	0.0	-0.0	True
-0.0186	3.224e-05	0.83661242	-0.0186	0.0	0.0001	True
-0.0186	3.249e-05	0.93147255	-0.0186	0.0	-0.0	True
-0.0186	3.274e-05	0.83154706	-0.0186	0.0	-0.0	True
-0.0186	3.299e-05	0.86953072	-0.0186	0.0	-0.0	True
-0.0186	3.323e-05	0.84303922	-0.0186	0.0	0.0001	True
-0.0186	3.348e-05	0.8136268	-0.0186	0.0	-0.0	True
-0.0186	3.373e-05	0.80895229	-0.0186	-0.0	0.0001	True
-0.0186	3.398e-05	0.82881961	-0.0186	-0.0	-0.0	True
-0.0186	3.423e-05	0.76454052	-0.0186	0.0	-0.0	True
-0.0186	3.447e-05	0.81557451	-0.0186	0.0	0.0	True
-0.0186	3.472e-05	0.76765686	-0.0186	0.0	-0.0	True
-0.0186	3.497e-05	0.79804379	-0.0186	-0.0	-0.0	True
-0.0186	3.522e-05	0.7775915	-0.0186	0.0	-0.0	True
-0.0186	3.547e-05	0.09330325	-0.0186	0.0	0.0001	True
-0.0186	3.571e-05	0.00467492	-0.0186	0.0	-0.0001	True
-0.0186	3.596e-05	0.01811529	-0.0186	0.0	-0.0	True
-0.0186	3.621e-05	0.01032372	-0.0186	-0.0	0.0	True
-0.0186	3.646e-05	0.02201101	-0.0186	0.0	0.0001	True
-0.0186	3.671e-05	0.01305072	-0.0186	0.0	0.0	True
-0.0186	3.695e-05	-0.01305076	-0.0186	0.0	-0.0	True
-0.0186	3.72e-05	0.02279012	-0.0186	0.0	-0.0	True
-0.0186	3.745e-05	0.01012896	-0.0186	0.0	-0.0	True
-0.0186	3.77e-05	-0.02590673	-0.0186	0.0	0.0001	True
-0.0186	3.795e-05	0.01733611	-0.0186	0.0	0.0	True
-0.0186	3.819e-05	0.02785459	-0.0186	-0.0	0.0	True
-0.0186	3.844e-05	-0.0796681	-0.0186	0.0	0.0	True
-0.0186	3.869e-05	0.03019201	-0.0186	0.0	0.0001	True
-0.0186	3.894e-05	0.00934981	-0.0186	0.0	-0.0001	True
-0.0186	3.919e-05	0.00740194	-0.0186	-0.0	0.0001	True
-0.0186	3.943e-05	0.04207414	-0.0186	0.0	-0.0	True
-0.0186	3.968e-05	-0.01012895	-0.0186	-0.0	0.0	True
-0.0186	3.993e-05	0.01519351	-0.0186	-0.0	-0.0	True
-0.0186	4.018e-05	0.02376407	-0.0186	-0.0	0.0001	True
-0.0186	4.043e-05	0.01869967	-0.0186	-0.0	-0.0001	True
-0.0186	4.067e-05	0.00331141	-0.0186	0.0	0.0	True
-0.0186	4.092e-05	0.03817833	-0.0186	-0.0	0.0001	True
-0.0186	4.117e-05	0.04889169	-0.0186	0.0	-0.0	True
-0.0186	4.142e-05	0.02201099	-0.0186	-0.0	0.0001	True
-0.0186	4.167e-05	-0.05259255	-0.0186	0.0	0.0	True
-0.0186	4.191e-05	-0.00701241	-0.0186	0.0	0.0001	True
-0.0186	4.216e-05	0.02279014	-0.0186	0.0	0.0001	True
-0.0184	2.232e-05	-0.1910865	-0.0184	-0.0	0.0001	True
-0.0184	2.257e-05	-0.00350619	-0.0184	0.0	-0.0	True
-0.0184	2.282e-05	0.02512761	-0.0184	-0.0	0.0001	True
-0.0184	2.307e-05	-0.08122641	-0.0184	-0.0	-0.0	True
-0.0184	2.331e-05	0.01831001	-0.0184	-0.0	0.0001	True
-0.0184	2.356e-05	0.00720714	-0.0184	0.0	-0.0001	True
-0.0184	2.381e-05	-0.00077922	-0.0184	-0.0	0.0001	True
-0.0184	2.406e-05	-0.05863104	-0.0184	0.0	-0.0	True
-0.0184	2.431e-05	0.02843897	-0.0184	-0.0	-0.0	True
-0.0184	2.455e-05	-0.01129768	-0.0184	-0.0	0.0	True
-0.0184	2.48e-05	0.02999727	-0.0184	0.0	-0.0	True
-0.0184	2.505e-05	0.04908648	-0.0184	-0.0	0.0	True
-0.0184	2.53e-05	-0.0290233	-0.0184	0.0	0.0	True
-0.0184	2.555e-05	0.00448012	-0.0184	-0.0	-0.0001	True
-0.0184	2.579e-05	0.02201105	-0.0184	-0.0	-0.0	True
-0.0184	2.604e-05	-0.02727027	-0.0184	-0.0	0.0001	True
-0.0184	2.629e-05	0.00253229	-0.0184	0.0	0.0001	True
-0.0184	2.654e-05	-0.00506446	-0.0184	0.0	-0.0	True
-0.0184	2.679e-05	-0.05785186	-0.0184	0.0	0.0	True
-0.0184	2.703e-05	-0.01694648	-0.0184	-0.0	-0.0	True
-0.0184	2.728e-05	0.0206475	-0.0184	0.0	-0.0	True
-0.0184	2.753e-05	-0.02123181	-0.0184	0.0	0.0	True
-0.0184	2.778e-05	-0.02941295	-0.0184	0.0	0.0	True
-0.0184	2.803e-05	0.01032372	-0.0184	0.0	-0.0	True
-0.0184	2.827e-05	-0.03213994	-0.0184	0.0	-0.0	True
-0.0184	2.852e-05	-0.00116875	-0.0184	0.0	-0.0	True
-0.0184	2.877e-05	-0.00857062	-0.0184	0.0	0.0	True
-0.0184	2.902e-05	0.01811525	-0.0184	0.0	0.0	True
-0.0184	2.927e-05	0.03623057	-0.0184	-0.0	-0.0001	True
-0.0184	2.951e-05	0.01733607	-0.0184	0.0	0.0001	True
-0.0184	2.976e-05	0.03116598	-0.0184	0.0	-0.0001	True
-0.0184	3.001e-05	-0.03954186	-0.0184	0.0	0.0	True
-0.0184	3.026e-05	-0.03447743	-0.0184	-0.0	-0.0	True
-0.0184	3.051e-05	-0.08590137	-0.0184	0.0	0.0	True
-0.0184	3.075e-05	-0.02882851	-0.0184	-0.0	-0.0001	True
-0.0184	3.1e-05	-0.02512761	-0.0184	0.0	0.0	True
-0.0184	3.125e-05	-0.00740197	-0.0184	0.0	0.0001	True
-0.0184	3.15e-05	-0.0527874	-0.0184	0.0	-0.0	True
-0.0184	3.175e-05	-0.02960773	-0.0184	-0.0	-0.0	True
-0.0184	3.199e-05	-0.0348669	-0.0184	-0.0	0.0001	True
-0.0184	3.224e-05	0.03233472	-0.0184	-0.0	-0.0001	True
-0.0184	3.249e-05	-0.01655695	-0.0184	0.0	-0.0001	True
-0.0184	3.274e-05	0.00116871	-0.0184	0.0	0.0	True
-0.0184	3.299e-05	0.01889441	-0.0184	0.0	0.0001	True
-0.0184	3.323e-05	0.03136074	-0.0184	0.0	-0.0	True
-0.0184	3.348e-05	0.56702627	-0.0184	-0.0	-0.0	True
-0.0184	3.373e-05	3.05388039	-0.0184	-0.0	0.0001	True
-0.0184	3.398e-05	0.60188915	-0.0184	-0.0	-0.0	True
-0.0184	3.423e-05	3.88075882	-0.0184	0.0	0.0	True
-0.0184	3.447e-05	0.3060098	-0.0184	0.0	-0.0	True
-0.0184	3.472e-05	2.80455556	-0.0184	-0.0	-0.0	True
-0.0184	3.497e-05	1.04406013	-0.0184	0.0	-0.0	True
-0.0184	3.522e-05	0.93225229	-0.0184	0.0	0.0	True
-0.0184	3.547e-05	0.09817276	-0.0184	0.0	-0.0	True
-0.0184	3.571e-05	0.0596051	-0.0184	0.0	-0.0001	True
-0.0184	3.596e-05	-0.01499866	-0.0184	-0.0	0.0	True
-0.0184	3.621e-05	0.01655694	-0.0184	0.0	0.0	True
-0.0184	3.646e-05	0.00019478	-0.0184	0.0	-0.0	True
-0.0184	3.671e-05	0.02980247	-0.0184	-0.0	0.0001	True
-0.0184	3.695e-05	-0.01558301	-0.0184	0.0	0.0	True
-0.0184	3.72e-05	0.03428258	-0.0184	0.0	-0.0001	True
-0.0184	3.745e-05	0.03077646	-0.0184	0.0	0.0	True
-0.0184	3.77e-05	0.01305075	-0.0184	0.0	-0.0	True
-0.0184	3.795e-05	-0.02356927	-0.0184	0.0	0.0	True
-0.0184	3.819e-05	-0.01460902	-0.0184	0.0	-0.0	True
-0.0184	3.844e-05	-0.01285595	-0.0184	0.0	0.0	True
-0.0184	3.869e-05	-0.02843895	-0.0184	0.0	-0.0	True
-0.0184	3.894e-05	0.02980252	-0.0184	0.0	-0.0001	True
-0.0184	3.919e-05	-0.01714129	-0.0184	-0.0	0.0	True
-0.0184	3.943e-05	0.02629632	-0.0184	-0.0	-0.0	True
-0.0184	3.968e-05	0.04616466	-0.0184	0.0	0.0001	True
-0.0184	3.993e-05	0.01986834	-0.0184	0.0	-0.0001	True
-0.0184	4.018e-05	0.03564607	-0.0184	-0.0	-0.0	True
-0.0184	4.043e-05	0.00331141	-0.0184	0.0	0.0001	True
-0.0184	4.067e-05	0.03038689	-0.0184	0.0	-0.0001	True
-0.0184	4.092e-05	0.04129495	-0.0184	-0.0	0.0001	True
-0.0184	4.117e-05	0.03311387	-0.0184	0.0	-0.0	True
-0.0184	4.142e-05	0.02006317	-0.0184	0.0	-0.0	True
-0.0184	4.167e-05	-0.00194787	-0.0184	-0.0	-0.0	True
-0.0184	4.191e-05	0.00603839	-0.0184	-0.0	-0.0001	True
-0.0184	4.216e-05	-0.0210371	-0.0184	0.0	0.0	True
-0.0184	0.00030506	0.0099342	-0.0184	-0.0	-0.0001	True
-0.0184	0.00030531	0.00233747	-0.0184	0.0	0.0	True
-0.0184	0.00030556	-0.04655418	-0.0184	0.0	0.0	True
-0.0184	0.0003058	-0.06505904	-0.0184	0.0	-0.0	True
-0.0184	0.00030605	0.02240048	-0.0184	0.0	0.0	True
-0.0184	0.0003063	-0.03837309	-0.0184	-0.0	-0.0	True
-0.0184	0.00030655	-0.00857067	-0.0184	0.0	-0.0	True
-0.0184	0.0003068	0.00623319	-0.0184	0.0	-0.0001	True
-0.0184	0.00030704	0.02162145	-0.0184	0.0	0.0001	True
-0.0184	0.00030729	0.00993414	-0.0184	-0.0	-0.0	True
-0.0184	0.00030754	-0.02999718	-0.0184	0.0	0.0	True
-0.0184	0.00030779	-0.0422689	-0.0184	0.0	0.0001	True
-0.0184	0.00030804	0.04032097	-0.0184	-0.0	-0.0001	True
-0.0184	0.00030828	-0.01597263	-0.0184	-0.0	0.0001	True
-0.0184	0.00030853	-0.01402473	-0.0184	-0.0	-0.0001	True
-0.0184	0.00030878	0.0136351	-0.0184	-0.0	-0.0001	True
-0.0184	0.00030903	0.02142658	-0.0184	0.0	0.0001	True
-0.0184	0.00030928	-0.02084225	-0.0184	-0.0	-0.0	True
-0.0184	0.00030952	0.04694385	-0.0184	0.0	0.0001	True
-0.0184	0.00030977	0.02688068	-0.0184	0.0	-0.0	True
-0.0184	0.00031002	0.0070123	-0.0184	-0.0	0.0	True
-0.0184	0.00031027	-0.03330869	-0.0184	0.0	-0.0	True
-0.0184	0.00031052	-0.00993413	-0.0184	0.0	-0.0	True
-0.0184	0.00031076	-0.00973942	-0.0184	-0.0	0.0	True
-0.0184	0.00031101	-0.00740192	-0.0184	-0.0	-0.0001	True
-0.0184	0.00031126	-0.02688064	-0.0184	-0.0	-0.0	True
-0.0184	0.00031151	0.01811524	-0.0184	0.0	0.0	True
-0.0184	0.00031176	0.0029218	-0.0184	-0.0	-0.0	True
-0.0184	0.000312	-0.04713859	-0.0184	0.0	-0.0001	True
-0.0184	0.00031225	0.01889436	-0.0184	-0.0	0.0	True
-0.0184	0.0003125	0.01597257	-0.0184	-0.0	-0.0	True
-0.0184	0.00031275	-0.02493284	-0.0184	0.0	0.0	True
-0.0184	0.000313	-0.02162146	-0.0184	-0.0	-0.0001	True
-0.0184	0.00031324	0.05765714	-0.0184	-0.0	0.0	True
-0.0184	0.00031349	-0.03993154	-0.0184	-0.0	-0.0	True
-0.0184	0.00031374	-0.01149249	-0.0184	0.0	0.0	True
-0.0184	0.00031399	0.0198683	-0.0184	0.0	0.0	True
-0.0184	0.00031424	0.02415362	-0.0184	-0.0	-0.0001	True
-0.0184	0.00031448	0.02649118	-0.0184	0.0	0.0	True
-0.0184	0.00031473	0.02551716	-0.0184	0.0	-0.0001	True
-0.0184	0.00031498	-0.02084229	-0.0184	0.0	-0.0001	True
-0.0184	0.00031523	0.00038959	-0.0184	0.0	0.0	True
-0.0184	0.00031548	-0.00448008	-0.0184	0.0	0.0	True
-0.0184	0.00031572	0.04577507	-0.0184	0.0	0.0001	True
-0.0184	0.00031597	-0.028439	-0.0184	0.0	0.0	True
-0.0184	0.00031622	0.02473804	-0.0184	-0.0	0.0	True
-0.0184	0.00031647	0.02824415	-0.0184	0.0	0.0	True
-0.0184	0.00031672	0.01558305	-0.0184	0.0	0.0	True
-0.0184	0.00031696	0.02415364	-0.0184	-0.0	0.0	True
-0.0184	0.00031721	-0.06642252	-0.0184	0.0	0.0001	True
-0.0184	0.00031746	0.02649117	-0.0184	0.0	-0.0001	True
-0.0184	0.00031771	0.02590673	-0.0184	0.0	0.0	True
-0.0184	0.00031796	0.0233745	-0.0184	-0.0	0.0	True
-0.0184	0.0003182	-0.01694651	-0.0184	0.0	0.0	True
-0.0184	0.00031845	-0.0196736	-0.0184	0.0	-0.0	True
-0.0184	0.0003187	0.04343757	-0.0184	0.0	-0.0	True
-0.0184	0.00031895	0.02921811	-0.0184	0.0	0.0001	True
-0.0184	0.0003192	0.01772565	-0.0184	0.0	0.0	True
-0.0184	0.00031944	-0.01967346	-0.0184	0.0	0.0001	True
-0.0184	0.00031969	0.01032374	-0.0184	-0.0	-0.0	True
-0.0184	0.00031994	0.01636217	-0.0184	-0.0	0.0	True
-0.0184	0.00032019	0.07810974	-0.0184	-0.0	0.0001	True
-0.0184	0.00032044	0.00545404	-0.0184	0.0	-0.0	True
-0.0184	0.00032068	-0.02240056	-0.0184	0.0	-0.0	True
-0.0184	0.00032093	0.01324552	-0.0184	0.0	-0.0001	True
-0.0184	0.00032118	0.00155827	-0.0184	-0.0	-0.0	True
-0.0184	0.00032143	-0.00506445	-0.0184	0.0	0.0	True
-0.0184	0.00032168	0.02395889	-0.0184	-0.0	0.0	True
-0.0184	0.00032192	0.00779158	-0.0184	0.0	0.0001	True
-0.0184	0.00032217	0.00701235	-0.0184	0.0	0.0001	True
-0.0184	0.00032242	-0.0206475	-0.0184	0.0	-0.0001	True
-0.0184	0.00032267	0.00603844	-0.0184	0.0	0.0	True
-0.0184	0.00032292	0.04363248	-0.0184	-0.0	0.0001	True
-0.0184	0.00032316	0.25517206	-0.0184	0.0	0.0001	True
-0.0184	0.00032341	0.01149246	-0.0184	-0.0	-0.0	True
-0.0184	0.00032366	0.02084226	-0.0184	0.0	-0.0	True
-0.0184	0.00032391	-0.02434839	-0.0184	0.0	0.0001	True
-0.0184	0.00032416	0.02668585	-0.0184	0.0	0.0	True
-0.0184	0.0003244	0.01285599	-0.0184	0.0	0.0001	True
-0.0184	0.00032465	-0.02356941	-0.0184	0.0	-0.0	True
-0.0184	0.0003249	0.01714131	-0.0184	0.0	0.0001	True
-0.0182	8.929e-05	-0.40106784	-0.0182	-0.0	-0.0	True
-0.0182	8.953e-05	0.04071038	-0.0182	0.0	0.0	True
-0.0182	8.978e-05	0.52008242	-0.0182	0.0	-0.0001	True
-0.0182	9.003e-05	0.13596157	-0.0182	0.0	0.0	True
-0.0182	9.028e-05	0.01714129	-0.0182	0.0	-0.0001	True
-0.0182	9.053e-05	0.18621654	-0.0182	0.0	0.0001	True
-0.0182	9.077e-05	0.01636217	-0.0182	0.0	-0.0001	True
-0.0182	9.102e-05	0.77155456	-0.0182	-0.0	0.0	True
-0.0182	9.127e-05	-0.010129	-0.0182	0.0	-0.0	True
-0.0182	9.152e-05	-0.00701234	-0.0182	-0.0	-0.0	True
-0.0182	9.177e-05	-0.33834594	-0.0182	-0.0	0.0	True
-0.0182	9.201e-05	-0.0072072	-0.0182	-0.0	-0.0	True
-0.0182	9.226e-05	-0.15212913	-0.0182	0.0	0.0001	True
-0.0182	9.251e-05	0.14803827	-0.0182	-0.0	0.0	True
-0.0182	9.276e-05	-0.03934707	-0.0182	-0.0	-0.0	True
-0.0182	9.301e-05	0.28088407	-0.0182	-0.0	0.0	True
-0.0182	9.325e-05	0.01967349	-0.0182	-0.0	-0.0	True
-0.0182	9.35e-05	-0.02863386	-0.0182	0.0	0.0	True
-0.0182	9.375e-05	0.00623318	-0.0182	-0.0	0.0	True
-0.0182	9.4e-05	0.16673787	-0.0182	-0.0	0.0	True
-0.0182	9.425e-05	-0.00798623	-0.0182	0.0	-0.0	True
-0.0182	9.449e-05	-0.39639222	-0.0182	0.0	0.0001	True
-0.0182	9.474e-05	-0.00389572	-0.0182	-0.0	-0.0	True
-0.0182	9.499e-05	0.02941287	-0.0182	-0.0	-0.0	True
-0.0182	9.524e-05	1.18255489	-0.0182	-0.0	-0.0001	True
-0.0182	9.549e-05	-0.57715562	-0.0182	0.0	-0.0	True
-0.0182	9.573e-05	-0.00993416	-0.0182	0.0	-0.0	True
-0.0182	9.598e-05	-0.02201105	-0.0182	0.0	0.0001	True
-0.0182	9.623e-05	-0.05473529	-0.0182	0.0	-0.0001	True
-0.0182	9.648e-05	0.00993418	-0.0182	0.0	-0.0	True
-0.0182	9.673e-05	-0.03954182	-0.0182	0.0	0.0001	True
-0.0182	9.697e-05	0.02688064	-0.0182	-0.0	-0.0	True
-0.0182	9.722e-05	-0.01675169	-0.0182	0.0	0.0	True
-0.0182	9.747e-05	0.26081987	-0.0182	0.0	0.0	True
-0.0182	9.772e-05	0.01246642	-0.0182	0.0	-0.0	True
-0.0182	9.797e-05	-0.02804939	-0.0182	-0.0	0.0	True
-0.0182	9.821e-05	0.43651829	-0.0182	0.0	-0.0	True
-0.0182	9.846e-05	0.07324026	-0.0182	0.0	0.0001	True
-0.0182	9.871e-05	0.04032103	-0.0182	0.0	-0.0	True
-0.0182	9.896e-05	-0.19498268	-0.0182	0.0	0.0001	True
-0.0182	9.921e-05	0.01616732	-0.0182	0.0	-0.0	True
-0.0182	9.945e-05	0.29588241	-0.0182	-0.0	0.0001	True
-0.0182	9.97e-05	0.00214268	-0.0182	-0.0	0.0	True
-0.0182	9.995e-05	0.49476124	-0.0182	0.0	-0.0001	True
-0.0182	0.0001002	0.01012895	-0.0182	0.0	-0.0	True
-0.0182	0.00010045	0.51287536	-0.0182	0.0	0.0	True
-0.0182	0.00010069	0.01967354	-0.0182	-0.0	-0.0	True
-0.0182	0.00010094	-0.19108679	-0.0182	0.0	0.0	True
-0.0182	0.00010119	0.01402474	-0.0182	0.0	-0.0001	True
-0.0182	0.00010144	-0.09641969	-0.0182	0.0	0.0	True
-0.0182	0.00010169	0.04830739	-0.0182	0.0	0.0	True
-0.0182	0.00010193	0.01421956	-0.0182	-0.0	-0.0001	True
-0.0182	0.00010218	0.94978536	-0.0182	0.0	0.0001	True
-0.0182	0.00010243	0.04246367	-0.0182	-0.0	0.0	True
-0.0182	0.00010268	0.47605967	-0.0182	0.0	-0.0001	True
-0.0182	0.00010293	0.01675174	-0.0182	0.0	0.0	True
-0.0182	0.00010317	-0.61474941	-0.0182	0.0	-0.0	True
-0.0182	0.00010342	-0.37555016	-0.0182	-0.0	-0.0	True
-0.0182	0.00010367	0.40593686	-0.0182	-0.0	-0.0	True
-0.0182	0.00010392	-0.02688069	-0.0182	0.0	-0.0	True
-0.0182	0.00010417	0.0218162	-0.0182	0.0	0.0	True
-0.0182	0.00010441	0.02084219	-0.0182	-0.0	-0.0001	True
-0.0182	0.00010466	-0.0430481	-0.0182	-0.0	0.0	True
-0.0182	0.00010491	0.11979471	-0.0182	0.0	0.0001	True
-0.0182	0.00010516	-0.19556668	-0.0182	-0.0	-0.0	True
-0.0182	0.00010541	-0.01305079	-0.0182	0.0	-0.0	True
-0.0182	0.00010565	-0.00681762	-0.0182	-0.0	-0.0	True
-0.0182	0.0001059	0.00779152	-0.0182	-0.0	0.0001	True
-0.0182	0.00010615	0.37652412	-0.0182	0.0	-0.0	True
-0.0182	0.0001064	-0.04772303	-0.0182	0.0	0.0	True
-0.0182	0.00010665	0.01636218	-0.0182	-0.0	-0.0	True
-0.0182	0.00010689	-0.06798093	-0.0182	0.0	-0.0	True
-0.0182	0.00010714	-0.02999722	-0.0182	-0.0	0.0001	True
-0.0182	0.00010739	-0.3923025	-0.0182	0.0	0.0	True
-0.0182	0.00010764	-0.14959681	-0.0182	0.0	0.0	True
-0.0182	0.00010789	0.25302956	-0.0182	0.0	0.0001	True
-0.0182	0.00010813	-0.0520082	-0.0182	-0.0	0.0001	True
-0.0182	0.00010838	0.04246368	-0.0182	0.0	-0.0001	True
-0.0182	0.00010863	0.39795019	-0.0182	0.0	0.0001	True
-0.0182	0.00010888	-0.04558024	-0.0182	0.0	0.0001	True
-0.0182	0.00010913	-0.06018935	-0.0182	-0.0	0.0	True
-0.0182	0.00022817	-0.0451907	-0.0182	0.0	-0.0	True
-0.0182	0.00022842	0.08979699	-0.0182	-0.0	0.0001	True
-0.0182	0.00022867	-0.63403341	-0.0182	0.0	-0.0	True
-0.0182	0.00022892	0.03564616	-0.0182	-0.0	-0.0	True
-0.0182	0.00022917	0.28886982	-0.0182	0.0	0.0001	True
-0.0182	0.00022941	0.02688073	-0.0182	0.0	0.0	True
-0.0182	0.00022966	-0.02804934	-0.0182	0.0	-0.0	True
-0.0182	0.00022991	0.01090812	-0.0182	0.0	-0.0001	True
-0.0182	0.00023016	0.06389039	-0.0182	0.0	0.0001	True
-0.0182	0.00023041	0.00253225	-0.0182	-0.0	-0.0001	True
-0.0182	0.00023065	0.01071332	-0.0182	0.0	-0.0	True
-0.0182	0.0002309	0.11180784	-0.0182	0.0	0.0	True
-0.0182	0.00023115	0.4556074	-0.0182	0.0	-0.0	True
-0.0182	0.0002314	0.0089602	-0.0182	0.0	0.0	True
-0.0182	0.00023165	0.92855094	-0.0182	0.0	-0.0001	True
-0.0182	0.00023189	-0.0991468	-0.0182	-0.0	0.0001	True
-0.0182	0.00023214	0.21173404	-0.0182	0.0	-0.0	True
-0.0182	0.00023239	0.11648334	-0.0182	0.0	-0.0001	True
-0.0182	0.00023264	0.10674376	-0.0182	0.0	0.0001	True
-0.0182	0.00023289	0.10187365	-0.0182	0.0	-0.0	True
-0.0182	0.00023313	-0.00876545	-0.0182	0.0	0.0001	True
-0.0182	0.00023338	-0.15660918	-0.0182	0.0	-0.0	True
