Started: January 29, 2023 16:07:19
Resistor	1000000.0	Excitation Current (A)	2e-06
Restsitance (Ohms)	Channel 5 Temp (K)	Channel 8 Temp (K)	Channel 13 Temp (K)
0.0546085	1.21119	0.0108112	3.93038
0.0546085	1.21119	0.0108112	3.93038
0.0546085	1.21119	0.0108121	3.93038
0.0546085	1.21119	0.0108121	3.93038
0.0546085	1.21119	0.0108121	3.93038
0.0546085	1.21119	0.0108121	3.93038
0.0546085	1.21119	0.0108121	3.93038
0.0546085	1.21119	0.0108121	3.93038
0.0546085	1.21119	0.0108121	3.93038
0.0546085	1.21119	0.0107464	3.93038
0.0546085	1.21119	0.0107464	3.93038
0.0546085	1.21119	0.0107464	3.93038
0.0546085	1.21119	0.0107464	3.93038
0.0546085	1.21119	0.0107464	3.93038
0.0546085	1.21119	0.0107464	3.93038
0.0546085	1.21119	0.0107464	3.93038
0.0546085	1.21119	0.0107525	3.93038
0.0546085	1.21119	0.0107525	3.93038
0.0546085	1.21119	0.0107525	3.98029
0.0546085	1.21119	0.0107525	3.98029
0.0546085	1.21119	0.0107525	3.98029
0.0546085	1.21119	0.0107525	3.98029
0.0546085	1.21119	0.0107525	3.98029
0.0546085	1.21119	0.0107145	3.98029
0.0546085	1.21119	0.0107145	3.98029
0.0546085	1.21119	0.0107145	3.98029
0.0546085	1.21119	0.0107145	3.98029
0.0546085	1.21119	0.0107145	3.98029
0.0546085	1.21119	0.0107145	3.98029
0.0546085	1.21119	0.0107145	3.98029
0.0546085	1.21119	0.0107211	3.98029
0.0546085	1.21119	0.0107211	3.98029
0.0546085	1.21119	0.0107211	3.98029
0.0546085	1.21119	0.0107211	3.98029
0.0546085	1.21119	0.0107211	3.98029
0.0546085	1.21119	0.0107211	3.98029
0.0546085	1.21119	0.0107211	3.98029
0.0546085	1.21119	0.0107055	3.98029
0.0546085	1.21119	0.0107055	3.98029
0.0546085	1.21119	0.0107055	3.98029
0.0546085	1.21119	0.0107055	3.98029
0.0546085	1.21119	0.0107055	3.98029
0.0546085	1.21119	0.0107055	3.98029
0.0546085	1.21119	0.0107055	3.98029
0.0546085	1.21119	0.0107215	3.98029
0.0546085	1.21119	0.0107215	3.98029
0.0546085	1.21119	0.0107215	3.98029
0.0546085	1.21119	0.0107215	3.98029
0.0546085	1.21119	0.0107215	3.98029
0.0546085	1.21119	0.0107215	3.98029
0.0546085	1.21119	0.0107215	3.98029
0.0546085	1.21119	0.0107215	3.98029
0.0546085	1.21119	0.0108232	3.98029
0.0546085	1.21119	0.0108232	3.98029
0.0546085	1.21119	0.0108232	3.98029
0.0546085	1.21119	0.0108232	3.98029
0.0546085	1.21119	0.0108232	3.98029
0.0546085	1.21119	0.0108232	3.98029
0.0546085	1.21119	0.0108232	3.98029
0.0546085	1.21119	0.0108619	3.98029
0.0546085	1.21119	0.0108619	3.97662
0.0546085	1.21119	0.0108619	3.97662
0.0546085	1.21119	0.0108619	3.97662
0.0546085	1.21119	0.0108619	3.97662
0.0546085	1.21119	0.0108619	3.97662
0.0546085	1.21119	0.0108619	3.97662
0.0546085	1.21119	0.0112563	3.97662
0.0546085	1.21119	0.0112563	3.97662
0.0546085	1.21119	0.0112563	3.97662
0.0546085	1.21119	0.0112563	3.97662
0.0546085	1.21119	0.0112563	3.97662
0.0546085	1.21119	0.0112563	3.97662
0.0546085	1.21119	0.0112563	3.97662
0.0546085	1.21119	0.0113301	3.97662
0.0546085	1.21119	0.0113301	3.97662
0.0546085	1.21119	0.0113301	3.97662
0.0546085	1.21119	0.0113301	3.97662
0.0546085	1.21119	0.0113301	3.97662
0.0546085	1.21119	0.0113301	3.97662
0.0546085	1.21119	0.0113301	3.97662
0.0546085	1.21119	0.0119654	3.97662
0.0546085	1.21119	0.0119654	3.97662
0.0546085	1.21119	0.0119654	3.97662
0.0546085	1.21119	0.0119654	3.97662
0.0546085	1.21119	0.0119654	3.97662
0.0546085	1.21119	0.0119654	3.97662
0.0546085	1.21119	0.0119654	3.97662
0.0546085	1.21119	0.0121012	3.97662
0.0546085	1.21119	0.0121012	3.97662
0.0546085	1.21119	0.0121012	3.97662
0.0546085	1.21119	0.0121012	3.97662
0.0546085	1.21119	0.0121012	3.97662
0.0546085	1.21119	0.0121012	3.97662
0.0546085	1.21119	0.0121012	3.97662
0.0546085	1.21119	0.0130396	3.97662
0.0546085	1.21119	0.0130396	3.97662
0.0546085	1.21119	0.0130396	3.97662
0.0546085	1.21119	0.0130396	3.97662
0.0546085	1.21119	0.0130396	3.97662
0.0546085	1.21119	0.0130396	3.97662
0.0546085	1.21119	0.0130396	3.97662
0.0546085	1.21119	0.0132316	3.97662
0.0546085	1.21119	0.0132316	3.97662
0.0546085	1.21119	0.0132316	3.93489
0.0546085	1.21119	0.0132316	3.93489
0.0546085	1.21119	0.0132316	3.93489
0.0546085	1.21119	0.0132316	3.93489
0.0546085	1.21119	0.0132316	3.93489
0.0546085	1.21119	0.0132316	3.93489
0.0546085	1.21119	0.0144178	3.93489
0.0546085	1.21119	0.0144178	3.95781
0.0546085	1.21119	0.0144178	3.95781
0.0546085	1.21119	0.0144178	3.95781
0.0546085	1.21119	0.0144178	3.95781
0.0546085	1.21119	0.0144178	3.95781
0.0546085	1.21119	0.0144178	3.95781
0.0546085	1.21119	0.0146782	3.95781
0.0546085	1.21119	0.0146782	3.95781
0.0546085	1.21119	0.0146782	3.95781
0.0546085	1.21119	0.0146782	3.95781
0.0546085	1.21119	0.0146782	3.95781
0.0546085	1.21119	0.0146782	3.95781
0.0546085	1.21119	0.0146782	3.95781
0.0546085	1.21119	0.0161566	3.95781
0.0546085	1.21119	0.0161566	3.95781
0.0546085	1.21119	0.0161566	3.95781
0.0546085	1.21119	0.0161566	3.95781
0.0546085	1.21119	0.0161566	3.95781
0.0546085	1.21119	0.0161566	3.95781
0.0546085	1.21119	0.0161566	3.95781
0.0546085	1.21119	0.0164873	3.95781
0.0546085	1.21119	0.0164873	3.95781
0.0546085	1.21119	0.0164873	3.95781
0.0546085	1.21119	0.0164873	3.95781
0.0546085	1.21119	0.0164873	3.95781
0.0546085	1.21119	0.0164873	3.95781
0.0546085	1.21119	0.0164873	3.95781
0.0546085	1.21119	0.0186943	3.95781
0.0546085	1.21119	0.0186943	3.95781
0.0546085	1.21119	0.0186943	3.95781
0.0546085	1.21119	0.0186943	3.95781
0.0546085	1.21119	0.0186943	3.95781
0.0546085	1.21119	0.0186943	3.95781
0.0546085	1.21119	0.0186943	3.95781
0.0546085	1.21119	0.0192609	3.95781
0.0546085	1.21119	0.0192609	3.95781
0.0546085	1.21119	0.0192609	3.94031
0.0546085	1.21119	0.0192609	3.94031
0.0546085	1.21119	0.0192609	3.94031
0.0546085	1.21119	0.0192609	3.94031
0.0546085	1.21119	0.0192609	3.94031
0.0546085	1.21119	0.0192609	3.94031
0.0546085	1.21119	0.0192609	3.94031
0.0546085	1.21119	0.0192609	3.97236
0.0546085	1.21119	0.0192609	3.97236
0.0546085	1.21119	0.0192609	3.97236
0.0546085	1.21119	0.0192609	3.97236
0.0546085	1.21119	0.0198932	3.97236
0.0546085	1.21119	0.0198932	3.97236
0.0546085	1.21119	0.0198932	3.97236
0.0546085	1.21119	0.0198932	3.97236
0.0546085	1.21119	0.0198932	3.97236
0.0546085	1.21119	0.0198932	3.97236
0.0546085	1.21119	0.189991	3.97236
0.0546085	1.21119	0.189991	3.97236
0.0546085	1.21119	0.189991	3.97236
0.0546085	1.21119	0.189991	3.97236
0.0546085	1.21119	0.189991	3.97236
0.0546085	1.21119	0.189991	3.97236
0.0546085	1.21119	0.189991	3.97236
0.0546085	1.21119	0.245669	3.97236
0.0546085	1.21119	0.245669	3.97236
0.0546085	1.21119	0.245669	3.97236
0.0546085	1.21119	0.245669	3.97236
0.0546085	1.21119	0.245669	3.97236
0.0546085	1.21119	0.245669	3.97236
0.0546085	1.21119	0.245669	3.97236
0.0546085	1.21119	0.245669	3.97236
0.0546085	1.21119	0.357794	3.97236
0.0546085	1.21119	0.357794	3.97236
0.0546085	1.21119	0.357794	3.97236
0.0546085	1.21119	0.357794	3.97236
0.0546085	1.21119	0.357794	3.97236
0.0546085	1.21119	0.357794	3.97236
0.0546085	1.21119	0.357794	3.97236
0.0546085	1.21119	0.453191	3.97236
0.0546085	1.21119	0.453191	3.97236
0.0546085	1.21119	0.453191	3.97236
0.0546085	1.21119	0.453191	3.97236
0.0546085	1.21119	0.453191	3.97236
0.0546085	1.21119	0.453191	3.97236
0.0546085	1.21119	0.453191	3.97236
0.0546085	1.21119	0.453191	3.97236
0.0546085	1.21119	0.453191	4.01837
0.0546085	1.21119	0.453191	4.01837
0.0546085	1.21119	0.453191	4.01837
0.0546085	1.21119	0.453191	4.01837
0.0546085	1.21119	0.453191	4.01837
0.0546085	1.21119	0.453191	4.01837
0.0546085	1.21119	0.791968	4.01837
0.0546085	1.21119	0.791968	4.01837
0.0546085	1.21119	0.791968	4.01837
0.0546085	1.21119	0.791968	4.01837
0.0546085	1.21119	0.791968	4.01837
0.0546085	1.21119	0.791968	4.01837
0.0546085	1.21119	0.791968	4.01837
0.0546085	1.21119	0.799225	4.01837
0.0546085	1.21119	0.799225	4.01837
0.0546085	1.21119	0.799225	4.01837
0.0546085	1.21119	0.799225	4.01837
0.0546085	1.21119	0.799225	4.01837
0.0546085	1.21119	0.799225	4.01837
0.0546085	1.21119	0.799225	4.01837
0.0546085	1.21119	1.39812	4.01837
0.0546085	1.21119	1.39812	4.01837
0.0546085	1.21119	1.39812	4.01837
0.0546085	1.21119	1.39812	4.01837
0.0546085	1.21119	1.39812	4.01837
0.0546085	1.21119	1.39812	4.01837
0.0546085	1.21119	1.39812	4.01837
0.0546085	3.28165	1.39812	4.01837
0.0546085	3.28165	1.50084	4.01837
0.0546085	3.28165	1.50084	4.01837
0.0546085	3.28165	1.50084	4.01837
0.0546085	3.28165	1.50084	4.01837
0.0546085	3.28165	1.50084	4.01837
0.0546085	3.28165	1.50084	4.01837
0.0546085	3.28165	1.50084	4.01837
0.0546085	1.74193	1.50084	4.01837
0.0546085	1.74193	1.50084	4.01837
0.0546085	1.74193	1.50084	4.01837
0.0546085	1.74193	1.50084	4.01837
0.0546085	1.74193	1.50084	4.01837
0.0546085	1.74193	1.50084	4.01837
0.0546085	1.74193	1.50084	4.01837
0.0546085	1.74193	1.50084	4.01837
0.0546085	1.85167	1.50084	4.01837
0.0546085	1.85167	1.50084	4.01837
0.0546085	1.85167	2.00486	4.01837
0.0546085	1.85167	2.00486	4.01837
0.0546085	1.85167	2.00486	4.01837
0.0546085	1.85167	2.00486	4.01837
0.0546085	1.85167	2.00486	4.01837
0.0546085	1.85167	2.00486	4.01837
0.0546085	1.85167	2.00486	4.01837
0.0546085	1.85167	2.00486	4.01837
0.0546085	1.85167	2.1931	4.01837
0.0546085	1.85167	2.1931	4.25898
0.0546085	1.85167	2.1931	4.25898
0.0546085	1.85167	2.1931	4.25898
0.0546085	1.85167	2.1931	4.25898
0.0546085	1.85167	2.1931	4.25898
0.0546085	1.85167	2.1931	4.25898
0.0546085	1.85167	2.1931	4.25898
0.0546085	1.85167	3.20889	4.25898
0.0546085	1.85167	3.20889	4.25898
0.0546085	1.85167	3.20889	4.29567
0.0546085	1.85167	3.20889	4.29567
0.0546085	1.85167	3.20889	4.29567
0.0546085	1.85167	3.20889	4.29567
0.0546085	1.85167	3.20889	4.29567
0.0546085	1.85167	3.20889	4.29567
0.0546085	1.85167	3.88261	4.29567
0.0546085	1.85167	3.88261	4.29567
0.0546085	1.85167	3.88261	4.29567
0.0546085	1.85167	3.88261	4.29567
0.0546085	1.85167	3.88261	4.29567
0.0546085	1.85167	3.88261	4.29567
0.0546085	1.85167	3.88261	4.29567
0.0546085	1.85167	3.88261	4.29567
0.0546085	1.85167	3.88261	4.29567
0.05460850000000003	1.85167	12.5247	4.29567
0.05460850000000003	13.3808	13.0051	4.68725
0.05460850000000003	12.8345	12.7589	4.95106
0.05460850000000003	12.8111	12.646	5.55612
Started: January 29, 2023 16:18:48
Resistor	1000000.0	Excitation Current (A)	2e-06
Restsitance (Ohms)	Channel 5 Temp (K)	Channel 8 Temp (K)	Channel 13 Temp (K)
